tensor([[[[0.7383, 0.8376, 0.6977,  ..., 0.5834, 0.1546, 0.6114],
          [0.5383, 0.5567, 0.0303,  ..., 0.5106, 0.5180, 0.0361],
          [0.4837, 0.9393, 0.5029,  ..., 0.0543, 0.4036, 0.1957],
          ...,
          [0.7019, 0.3053, 0.5977,  ..., 0.9885, 0.2987, 0.6208],
          [0.5355, 0.3572, 0.2157,  ..., 0.7118, 0.1280, 0.4655],
          [0.4558, 0.1147, 0.4416,  ..., 0.9590, 0.2633, 0.5124]],

         [[0.8457, 0.7444, 0.3880,  ..., 0.8018, 0.3896, 0.3899],
          [0.1428, 0.5340, 0.1707,  ..., 0.2486, 0.0323, 0.8762],
          [0.8732, 0.4518, 0.7142,  ..., 0.1491, 0.0410, 0.5065],
          ...,
          [0.2992, 0.9898, 0.2957,  ..., 0.4360, 0.3249, 0.5021],
          [0.8006, 0.7040, 0.2760,  ..., 0.8597, 0.9271, 0.9149],
          [0.8165, 0.0397, 0.5132,  ..., 0.6339, 0.9605, 0.9307]],

         [[0.3808, 0.7347, 0.0479,  ..., 0.9869, 0.9933, 0.2451],
          [0.7772, 0.3615, 0.0615,  ..., 0.6225, 0.2634, 0.9600],
          [0.9337, 0.7890, 0.7525,  ..., 0.5227, 0.4366, 0.9107],
          ...,
          [0.8324, 0.5049, 0.5376,  ..., 0.2688, 0.6746, 0.9487],
          [0.8080, 0.0962, 0.6231,  ..., 0.1467, 0.6578, 0.4655],
          [0.5518, 0.2974, 0.1576,  ..., 0.6804, 0.6948, 0.3170]],

         ...,

         [[0.8638, 0.9953, 0.7423,  ..., 0.6537, 0.7192, 0.6691],
          [0.0112, 0.6344, 0.8638,  ..., 0.5233, 0.1851, 0.3248],
          [0.4775, 0.2969, 0.2106,  ..., 0.7477, 0.6083, 0.6310],
          ...,
          [0.6768, 0.6526, 0.1662,  ..., 0.0221, 0.7266, 0.1234],
          [0.5308, 0.3621, 0.5686,  ..., 0.4888, 0.9729, 0.3616],
          [0.4919, 0.8112, 0.1460,  ..., 0.4953, 0.0342, 0.5788]],

         [[0.1700, 0.9583, 0.5466,  ..., 0.7777, 0.5607, 0.4629],
          [0.7714, 0.4061, 0.5173,  ..., 0.0318, 0.6665, 0.8921],
          [0.5216, 0.9941, 0.6076,  ..., 0.0661, 0.2965, 0.2022],
          ...,
          [0.5643, 0.5205, 0.7681,  ..., 0.7500, 0.3448, 0.7004],
          [0.3208, 0.5386, 0.2393,  ..., 0.7856, 0.3619, 0.8066],
          [0.6634, 0.8387, 0.2467,  ..., 0.9122, 0.7791, 0.6686]],

         [[0.2254, 0.2952, 0.9171,  ..., 0.4520, 0.3353, 0.3838],
          [0.3202, 0.4773, 0.9847,  ..., 0.7381, 0.9198, 0.3800],
          [0.9927, 0.6185, 0.9301,  ..., 0.8874, 0.0013, 0.0270],
          ...,
          [0.8301, 0.7006, 0.6331,  ..., 0.9875, 0.9205, 0.6380],
          [0.3619, 0.5842, 0.6586,  ..., 0.0383, 0.3073, 0.2737],
          [0.6533, 0.6388, 0.3299,  ..., 0.5300, 0.7565, 0.3205]]],


        [[[0.3870, 0.1742, 0.2544,  ..., 0.9352, 0.1545, 0.9423],
          [0.5200, 0.8943, 0.8476,  ..., 0.8341, 0.0156, 0.5089],
          [0.3045, 0.8321, 0.5770,  ..., 0.0364, 0.2120, 0.2928],
          ...,
          [0.4803, 0.6822, 0.2128,  ..., 0.3433, 0.5537, 0.3084],
          [0.9715, 0.3351, 0.9247,  ..., 0.3742, 0.5234, 0.0621],
          [0.1594, 0.9012, 0.4443,  ..., 0.1860, 0.1861, 0.7018]],

         [[0.1782, 0.2917, 0.0034,  ..., 0.4987, 0.7785, 0.4158],
          [0.3678, 0.9752, 0.9348,  ..., 0.4895, 0.6097, 0.6798],
          [0.5157, 0.2800, 0.9599,  ..., 0.3897, 0.6780, 0.0298],
          ...,
          [0.8134, 0.4461, 0.3440,  ..., 0.4233, 0.8944, 0.4899],
          [0.6662, 0.2702, 0.5680,  ..., 0.4113, 0.1509, 0.0667],
          [0.0950, 0.8152, 0.6236,  ..., 0.4825, 0.5580, 0.2631]],

         [[0.9297, 0.8904, 0.5997,  ..., 0.8737, 0.8536, 0.3609],
          [0.1380, 0.0265, 0.9207,  ..., 0.2575, 0.5665, 0.3099],
          [0.5703, 0.1372, 0.2459,  ..., 0.1722, 0.5535, 0.1078],
          ...,
          [0.4102, 0.4711, 0.8051,  ..., 0.0764, 0.6129, 0.3540],
          [0.1009, 0.1156, 0.8029,  ..., 0.8219, 0.8927, 0.3137],
          [0.7476, 0.6596, 0.6010,  ..., 0.2508, 0.9126, 0.8164]],

         ...,

         [[0.3007, 0.0909, 0.9026,  ..., 0.9690, 0.8243, 0.4469],
          [0.2759, 0.6640, 0.4879,  ..., 0.0912, 0.4776, 0.9388],
          [0.1607, 0.4186, 0.5189,  ..., 0.1993, 0.3979, 0.4860],
          ...,
          [0.7431, 0.5387, 0.5947,  ..., 0.8587, 0.1629, 0.8956],
          [0.7010, 0.8513, 0.4374,  ..., 0.2513, 0.0537, 0.4055],
          [0.0170, 0.2245, 0.0164,  ..., 0.1633, 0.5279, 0.1900]],

         [[0.2558, 0.8992, 0.6381,  ..., 0.6903, 0.0816, 0.8790],
          [0.2891, 0.1482, 0.3920,  ..., 0.3324, 0.3784, 0.4308],
          [0.8922, 0.6605, 0.6588,  ..., 0.6341, 0.1149, 0.5612],
          ...,
          [0.2512, 0.2084, 0.9507,  ..., 0.0254, 0.0858, 0.7077],
          [0.0959, 0.8132, 0.6225,  ..., 0.6589, 0.2956, 0.9411],
          [0.3105, 0.0508, 0.2272,  ..., 0.7490, 0.4742, 0.1471]],

         [[0.8253, 0.4406, 0.3407,  ..., 0.1805, 0.3843, 0.6311],
          [0.8531, 0.7562, 0.7381,  ..., 0.9772, 0.0425, 0.5375],
          [0.6204, 0.3957, 0.9424,  ..., 0.5421, 0.1320, 0.2575],
          ...,
          [0.5234, 0.8284, 0.9492,  ..., 0.9930, 0.2820, 0.0188],
          [0.0224, 0.6609, 0.4930,  ..., 0.5260, 0.2679, 0.7652],
          [0.8175, 0.7522, 0.9826,  ..., 0.7223, 0.6301, 0.4517]]],


        [[[0.7287, 0.3183, 0.6942,  ..., 0.3956, 0.5522, 0.6496],
          [0.4331, 0.4458, 0.5976,  ..., 0.9360, 0.1065, 0.4937],
          [0.7403, 0.7307, 0.6704,  ..., 0.6900, 0.3408, 0.8624],
          ...,
          [0.2213, 0.0769, 0.7566,  ..., 0.3676, 0.3347, 0.4992],
          [0.3608, 0.1140, 0.6560,  ..., 0.6058, 0.8924, 0.0213],
          [0.6915, 0.1162, 0.7234,  ..., 0.1378, 0.8729, 0.5830]],

         [[0.8277, 0.8702, 0.7497,  ..., 0.6888, 0.2232, 0.6710],
          [0.7271, 0.3741, 0.4329,  ..., 0.3746, 0.2410, 0.2613],
          [0.4245, 0.8178, 0.8832,  ..., 0.6020, 0.5515, 0.1327],
          ...,
          [0.3227, 0.2546, 0.0576,  ..., 0.5209, 0.2387, 0.8122],
          [0.9232, 0.0355, 0.4339,  ..., 0.7694, 0.3518, 0.4528],
          [0.6959, 0.5675, 0.2337,  ..., 0.6199, 0.6166, 0.0381]],

         [[0.8109, 0.4599, 0.2345,  ..., 0.2229, 0.2476, 0.9298],
          [0.2772, 0.9273, 0.9714,  ..., 0.3722, 0.7978, 0.2252],
          [0.6620, 0.2662, 0.1569,  ..., 0.9699, 0.4715, 0.6167],
          ...,
          [0.7552, 0.5270, 0.7039,  ..., 0.9727, 0.7771, 0.8225],
          [0.0628, 0.8479, 0.4436,  ..., 0.4832, 0.6736, 0.6770],
          [0.4761, 0.0806, 0.3484,  ..., 0.2615, 0.8427, 0.9034]],

         ...,

         [[0.8520, 0.8186, 0.0300,  ..., 0.5567, 0.6198, 0.0686],
          [0.4598, 0.0089, 0.0837,  ..., 0.9266, 0.9946, 0.1190],
          [0.2693, 0.8232, 0.9258,  ..., 0.8705, 0.3790, 0.3286],
          ...,
          [0.6477, 0.8471, 0.9362,  ..., 0.7737, 0.8631, 0.6538],
          [0.0167, 0.2474, 0.4273,  ..., 0.8343, 0.9645, 0.5398],
          [0.2353, 0.9239, 0.4338,  ..., 0.9157, 0.7535, 0.7312]],

         [[0.7568, 0.9555, 0.4493,  ..., 0.0143, 0.9561, 0.4132],
          [0.1658, 0.0478, 0.3307,  ..., 0.7032, 0.0249, 0.1812],
          [0.6427, 0.3888, 0.1010,  ..., 0.0320, 0.1404, 0.9759],
          ...,
          [0.3495, 0.8810, 0.0709,  ..., 0.6854, 0.8882, 0.1660],
          [0.8596, 0.1985, 0.0562,  ..., 0.4492, 0.5528, 0.6152],
          [0.1133, 0.8272, 0.9588,  ..., 0.7808, 0.5408, 0.9749]],

         [[0.2252, 0.2827, 0.0659,  ..., 0.8572, 0.5424, 0.0919],
          [0.9702, 0.8146, 0.4819,  ..., 0.8697, 0.7033, 0.8650],
          [0.2395, 0.4608, 0.8293,  ..., 0.8397, 0.7053, 0.9569],
          ...,
          [0.9848, 0.1702, 0.0673,  ..., 0.0990, 0.8492, 0.4212],
          [0.5952, 0.6627, 0.1605,  ..., 0.5984, 0.5667, 0.3767],
          [0.3154, 0.1397, 0.0320,  ..., 0.3015, 0.8648, 0.3839]]],


        ...,


        [[[0.1392, 0.8409, 0.3410,  ..., 0.5628, 0.0073, 0.6687],
          [0.0493, 0.3908, 0.1164,  ..., 0.7091, 0.3857, 0.7825],
          [0.2302, 0.6862, 0.3059,  ..., 0.7527, 0.6082, 0.5308],
          ...,
          [0.6402, 0.1837, 0.5456,  ..., 0.2610, 0.0086, 0.7384],
          [0.3239, 0.7268, 0.9689,  ..., 0.5948, 0.8402, 0.8383],
          [0.4665, 0.5834, 0.0320,  ..., 0.2705, 0.0167, 0.5250]],

         [[0.2528, 0.2563, 0.9963,  ..., 0.1937, 0.5898, 0.1059],
          [0.8087, 0.5231, 0.8371,  ..., 0.0150, 0.0023, 0.1799],
          [0.4607, 0.3585, 0.3226,  ..., 0.1179, 0.2384, 0.7553],
          ...,
          [0.8490, 0.1013, 0.8163,  ..., 0.1152, 0.4971, 0.4150],
          [0.8974, 0.1590, 0.2651,  ..., 0.3948, 0.3849, 0.8788],
          [0.3563, 0.8910, 0.0961,  ..., 0.7395, 0.8568, 0.1407]],

         [[0.3979, 0.5316, 0.0163,  ..., 0.2817, 0.0248, 0.7441],
          [0.3528, 0.4464, 0.9718,  ..., 0.5293, 0.0798, 0.9199],
          [0.8331, 0.8302, 0.0189,  ..., 0.1609, 0.2565, 0.2518],
          ...,
          [0.0808, 0.2729, 0.6277,  ..., 0.6154, 0.4581, 0.2310],
          [0.7971, 0.9716, 0.7643,  ..., 0.4118, 0.3943, 0.4164],
          [0.6753, 0.7813, 0.3197,  ..., 0.5972, 0.2822, 0.8927]],

         ...,

         [[0.7441, 0.2688, 0.0035,  ..., 0.4752, 0.6704, 0.3374],
          [0.2184, 0.7580, 0.9739,  ..., 0.7797, 0.2677, 0.2728],
          [0.5540, 0.2127, 0.9880,  ..., 0.3010, 0.9222, 0.2395],
          ...,
          [0.0530, 0.0999, 0.6266,  ..., 0.9891, 0.4778, 0.8172],
          [0.1463, 0.7275, 0.0128,  ..., 0.6866, 0.8352, 0.1481],
          [0.0790, 0.8791, 0.3836,  ..., 0.2764, 0.7768, 0.2922]],

         [[0.2093, 0.2562, 0.0776,  ..., 0.7758, 0.9665, 0.2458],
          [0.8653, 0.3675, 0.1432,  ..., 0.5109, 0.4281, 0.7731],
          [0.4481, 0.5557, 0.6043,  ..., 0.6306, 0.0145, 0.2229],
          ...,
          [0.6027, 0.4562, 0.6966,  ..., 0.5601, 0.5772, 0.9388],
          [0.1187, 0.9046, 0.1723,  ..., 0.6301, 0.5242, 0.7320],
          [0.8268, 0.5487, 0.2574,  ..., 0.0964, 0.8938, 0.4888]],

         [[0.1727, 0.7207, 0.3856,  ..., 0.9703, 0.9622, 0.7210],
          [0.3788, 0.6759, 0.3731,  ..., 0.7991, 0.0944, 0.7354],
          [0.1430, 0.8391, 0.3822,  ..., 0.6483, 0.8371, 0.1956],
          ...,
          [0.9357, 0.3207, 0.9081,  ..., 0.3096, 0.7496, 0.5066],
          [0.2906, 0.8536, 0.6555,  ..., 0.5027, 0.7423, 0.3021],
          [0.4413, 0.5244, 0.0092,  ..., 0.1800, 0.5891, 0.2503]]],


        [[[0.1006, 0.9229, 0.0300,  ..., 0.8869, 0.8553, 0.3235],
          [0.3394, 0.4344, 0.5548,  ..., 0.6751, 0.8375, 0.0864],
          [0.1372, 0.5843, 0.4078,  ..., 0.5945, 0.8265, 0.1210],
          ...,
          [0.8184, 0.9591, 0.3079,  ..., 0.7683, 0.1540, 0.5252],
          [0.9996, 0.3641, 0.8534,  ..., 0.6442, 0.5132, 0.7262],
          [0.2918, 0.8550, 0.1390,  ..., 0.9792, 0.1489, 0.6342]],

         [[0.1143, 0.7465, 0.3733,  ..., 0.6268, 0.9235, 0.5071],
          [0.4569, 0.9378, 0.2072,  ..., 0.2056, 0.0079, 0.5263],
          [0.5636, 0.2040, 0.9113,  ..., 0.2868, 0.8903, 0.1624],
          ...,
          [0.8848, 0.0234, 0.2978,  ..., 0.9814, 0.2000, 0.8840],
          [0.6008, 0.0211, 0.4264,  ..., 0.8347, 0.0420, 0.4399],
          [0.5626, 0.7568, 0.1467,  ..., 0.4287, 0.3770, 0.0325]],

         [[0.8459, 0.5723, 0.0595,  ..., 0.2857, 0.6344, 0.4829],
          [0.9464, 0.7240, 0.0468,  ..., 0.4836, 0.4265, 0.7147],
          [0.8482, 0.9284, 0.2776,  ..., 0.6496, 0.9569, 0.2831],
          ...,
          [0.7784, 0.7997, 0.5134,  ..., 0.1321, 0.4046, 0.1759],
          [0.1701, 0.9544, 0.8620,  ..., 0.3666, 0.4579, 0.2763],
          [0.4272, 0.8552, 0.7221,  ..., 0.2683, 0.0422, 0.6709]],

         ...,

         [[0.4459, 0.3129, 0.3477,  ..., 0.7122, 0.8112, 0.5402],
          [0.8010, 0.4526, 0.3019,  ..., 0.9032, 0.2723, 0.4060],
          [0.2922, 0.2806, 0.9991,  ..., 0.1838, 0.6815, 0.3658],
          ...,
          [0.7164, 0.6206, 0.1436,  ..., 0.0499, 0.9815, 0.4850],
          [0.2015, 0.5860, 0.1273,  ..., 0.6230, 0.3764, 0.8901],
          [0.2823, 0.1565, 0.0408,  ..., 0.8856, 0.4186, 0.6665]],

         [[0.0836, 0.5268, 0.6245,  ..., 0.9151, 0.6376, 0.8581],
          [0.3479, 0.8131, 0.7011,  ..., 0.9387, 0.0329, 0.1685],
          [0.9489, 0.6277, 0.9257,  ..., 0.7374, 0.4682, 0.5368],
          ...,
          [0.8748, 0.2219, 0.5750,  ..., 0.0286, 0.4942, 0.8497],
          [0.9291, 0.3153, 0.7699,  ..., 0.5292, 0.4812, 0.7156],
          [0.1062, 0.6357, 0.5811,  ..., 0.3411, 0.5120, 0.6989]],

         [[0.5404, 0.4088, 0.4094,  ..., 0.2483, 0.0286, 0.4371],
          [0.6881, 0.3390, 0.8544,  ..., 0.0240, 0.7106, 0.1121],
          [0.8184, 0.6303, 0.9118,  ..., 0.8056, 0.7548, 0.7009],
          ...,
          [0.4511, 0.2000, 0.7398,  ..., 0.7246, 0.0626, 0.0341],
          [0.7546, 0.8690, 0.0047,  ..., 0.9284, 0.2549, 0.4035],
          [0.2153, 0.2118, 0.9920,  ..., 0.2870, 0.5205, 0.8140]]],


        [[[0.3834, 0.8332, 0.7360,  ..., 0.1877, 0.7250, 0.4964],
          [0.1823, 0.5555, 0.4484,  ..., 0.2425, 0.2361, 0.2259],
          [0.0069, 0.2740, 0.1813,  ..., 0.9889, 0.1124, 0.3705],
          ...,
          [0.9023, 0.6530, 0.0289,  ..., 0.9253, 0.1987, 0.2058],
          [0.4811, 0.1674, 0.7278,  ..., 0.5196, 0.6149, 0.9134],
          [0.5376, 0.4338, 0.2741,  ..., 0.3498, 0.3885, 0.7967]],

         [[0.3419, 0.6522, 0.5913,  ..., 0.7516, 0.4530, 0.7512],
          [0.7079, 0.6792, 0.9640,  ..., 0.8703, 0.6699, 0.8849],
          [0.5190, 0.4131, 0.1779,  ..., 0.6703, 0.5051, 0.5175],
          ...,
          [0.8194, 0.1683, 0.2466,  ..., 0.8453, 0.4428, 0.2402],
          [0.8629, 0.6077, 0.8707,  ..., 0.8670, 0.4190, 0.0718],
          [0.8335, 0.1779, 0.0556,  ..., 0.9715, 0.9458, 0.8724]],

         [[0.4988, 0.8467, 0.9767,  ..., 0.1720, 0.0287, 0.6385],
          [0.7465, 0.6670, 0.7617,  ..., 0.2563, 0.4100, 0.0946],
          [0.1142, 0.3626, 0.6191,  ..., 0.0681, 0.6192, 0.9101],
          ...,
          [0.6929, 0.0511, 0.0021,  ..., 0.4261, 0.4994, 0.3440],
          [0.8112, 0.7388, 0.5221,  ..., 0.8513, 0.6360, 0.0333],
          [0.9758, 0.1774, 0.3977,  ..., 0.7981, 0.4487, 0.4654]],

         ...,

         [[0.4338, 0.4610, 0.1977,  ..., 0.1329, 0.0718, 0.5331],
          [0.1105, 0.0107, 0.6744,  ..., 0.0954, 0.8328, 0.5827],
          [0.9479, 0.4047, 0.3459,  ..., 0.6206, 0.3397, 0.0570],
          ...,
          [0.7990, 0.0739, 0.3705,  ..., 0.1780, 0.0932, 0.5283],
          [0.7011, 0.4826, 0.8044,  ..., 0.2849, 0.1139, 0.2961],
          [0.1911, 0.9398, 0.3158,  ..., 0.1345, 0.8569, 0.3749]],

         [[0.0756, 0.9684, 0.5322,  ..., 0.8472, 0.7176, 0.5096],
          [0.1917, 0.1549, 0.9727,  ..., 0.0389, 0.2813, 0.8025],
          [0.5224, 0.9919, 0.6764,  ..., 0.5112, 0.6273, 0.2112],
          ...,
          [0.5387, 0.8753, 0.9717,  ..., 0.9193, 0.1891, 0.9836],
          [0.5831, 0.2208, 0.3135,  ..., 0.0150, 0.1717, 0.5859],
          [0.1549, 0.3063, 0.3243,  ..., 0.6677, 0.0355, 0.9440]],

         [[0.9938, 0.4309, 0.2621,  ..., 0.6131, 0.8564, 0.6227],
          [0.0186, 0.5329, 0.8557,  ..., 0.0704, 0.4955, 0.1301],
          [0.3138, 0.3527, 0.5610,  ..., 0.1046, 0.9825, 0.4175],
          ...,
          [0.6141, 0.4303, 0.4931,  ..., 0.5044, 0.1400, 0.4601],
          [0.9772, 0.0589, 0.4202,  ..., 0.2989, 0.0041, 0.0877],
          [0.0488, 0.2979, 0.4983,  ..., 0.9557, 0.4777, 0.6798]]]])
