tensor([[[[7.9182e-01, 5.3087e-02, 9.6428e-01,  ..., 5.2237e-01,
           7.4294e-01, 6.4784e-03],
          [9.1745e-01, 2.5379e-01, 9.4959e-02,  ..., 4.5376e-02,
           6.0046e-01, 8.1819e-01],
          [1.2763e-01, 5.1115e-01, 2.1539e-01,  ..., 3.2506e-01,
           2.9103e-01, 2.0291e-02],
          ...,
          [7.3393e-01, 5.2068e-01, 5.1271e-01,  ..., 6.1600e-01,
           6.2884e-01, 3.0998e-01],
          [3.5998e-03, 5.5917e-01, 6.4120e-01,  ..., 9.2670e-01,
           2.8690e-01, 7.0167e-01],
          [5.7155e-01, 1.2129e-01, 1.4914e-01,  ..., 5.0152e-01,
           6.5645e-01, 6.8614e-01]],

         [[9.2605e-01, 1.2487e-01, 1.8109e-01,  ..., 6.9045e-01,
           5.9021e-01, 7.1689e-02],
          [6.9992e-01, 2.5175e-02, 2.2699e-01,  ..., 6.8695e-01,
           1.6302e-01, 8.2290e-01],
          [3.6267e-01, 7.4425e-01, 1.2997e-01,  ..., 7.6793e-01,
           9.2598e-01, 8.8031e-01],
          ...,
          [8.5338e-01, 4.0412e-01, 3.0030e-01,  ..., 4.9920e-01,
           4.9504e-01, 5.4642e-01],
          [6.2539e-01, 1.8009e-01, 8.9999e-01,  ..., 8.4896e-01,
           3.8086e-01, 3.3515e-01],
          [9.4656e-01, 9.6055e-02, 4.7549e-01,  ..., 9.5821e-01,
           5.5692e-01, 4.0843e-01]],

         [[8.1951e-01, 8.9014e-01, 8.8353e-01,  ..., 8.5893e-01,
           3.5991e-01, 7.4151e-01],
          [5.9654e-01, 7.3944e-02, 6.3158e-01,  ..., 5.6778e-01,
           3.3080e-01, 7.2958e-03],
          [5.4836e-01, 4.8131e-01, 5.5234e-01,  ..., 1.8331e-01,
           7.6503e-02, 3.0159e-01],
          ...,
          [6.8795e-01, 8.7450e-01, 8.5018e-01,  ..., 7.2606e-01,
           5.7636e-01, 4.0272e-01],
          [5.5049e-01, 9.0336e-01, 2.0002e-01,  ..., 7.1715e-01,
           6.6765e-01, 8.6437e-01],
          [5.8109e-03, 8.0116e-01, 8.9294e-01,  ..., 9.4721e-01,
           7.6253e-01, 6.1379e-01]],

         ...,

         [[5.5574e-01, 1.5453e-01, 8.8161e-01,  ..., 4.1670e-01,
           3.8236e-01, 9.2790e-01],
          [4.1354e-01, 5.8644e-01, 4.0110e-01,  ..., 7.0044e-01,
           6.1127e-01, 9.3785e-01],
          [3.0261e-01, 9.9225e-01, 2.3175e-01,  ..., 4.5259e-01,
           2.1549e-01, 3.3773e-01],
          ...,
          [3.1343e-01, 1.0973e-01, 1.3060e-01,  ..., 2.3622e-01,
           2.7872e-01, 5.9166e-01],
          [2.7057e-01, 4.6957e-02, 1.2212e-02,  ..., 6.3818e-01,
           2.2560e-01, 8.4818e-01],
          [5.8634e-01, 5.3759e-01, 2.2628e-01,  ..., 3.3855e-01,
           6.6337e-01, 6.7530e-01]],

         [[1.4459e-01, 4.9554e-02, 9.7708e-01,  ..., 6.3431e-01,
           5.5429e-01, 7.3084e-01],
          [9.1430e-01, 3.8958e-01, 6.2943e-01,  ..., 2.5771e-01,
           1.9422e-01, 1.8033e-01],
          [2.5992e-01, 9.0349e-01, 1.9427e-01,  ..., 9.6181e-01,
           9.8839e-01, 8.6375e-01],
          ...,
          [1.4064e-01, 2.8886e-01, 7.3243e-01,  ..., 6.1879e-01,
           1.8723e-01, 5.8951e-01],
          [9.3052e-01, 4.1868e-01, 8.6341e-01,  ..., 3.8448e-01,
           8.0048e-01, 5.1175e-01],
          [9.8832e-01, 8.4431e-01, 9.5458e-01,  ..., 5.5844e-04,
           9.8151e-01, 1.5214e-01]],

         [[3.7978e-01, 1.4638e-02, 4.2850e-01,  ..., 6.5949e-01,
           1.3991e-01, 5.3578e-01],
          [6.6143e-01, 7.0885e-01, 3.8917e-01,  ..., 9.1591e-01,
           7.5662e-02, 6.6634e-01],
          [4.6998e-01, 1.6843e-01, 1.7661e-01,  ..., 6.9043e-01,
           9.9909e-01, 3.4266e-01],
          ...,
          [9.2098e-01, 4.4215e-01, 6.6011e-01,  ..., 7.5569e-01,
           7.7222e-02, 1.4492e-01],
          [1.6002e-01, 8.8572e-01, 5.4729e-01,  ..., 3.1777e-01,
           6.5302e-01, 8.0434e-01],
          [1.9862e-01, 8.3774e-01, 7.4938e-01,  ..., 4.0981e-01,
           7.9975e-01, 7.9188e-01]]],


        [[[5.9821e-01, 9.8904e-02, 2.7876e-01,  ..., 3.0187e-01,
           1.5198e-01, 6.9201e-01],
          [9.4882e-01, 1.5170e-01, 7.8307e-02,  ..., 2.1222e-01,
           2.6105e-01, 7.1432e-01],
          [9.2240e-01, 1.7003e-02, 7.4719e-01,  ..., 5.0729e-02,
           2.0907e-01, 9.4785e-01],
          ...,
          [8.3695e-02, 1.3900e-01, 6.4148e-02,  ..., 2.7865e-01,
           8.2981e-01, 1.0370e-01],
          [7.4799e-02, 3.4511e-01, 5.3215e-01,  ..., 5.1637e-01,
           2.3124e-01, 8.4638e-01],
          [7.2405e-01, 4.0135e-01, 3.0224e-01,  ..., 8.4270e-02,
           8.4621e-01, 3.7066e-01]],

         [[1.4133e-01, 6.2316e-01, 5.9261e-02,  ..., 8.4969e-02,
           5.0555e-01, 6.1417e-01],
          [6.7617e-01, 5.1371e-01, 9.4393e-01,  ..., 7.3567e-01,
           8.2778e-01, 7.7825e-01],
          [5.5645e-02, 3.7585e-01, 2.5090e-01,  ..., 9.9490e-02,
           8.7566e-01, 8.1157e-01],
          ...,
          [4.4705e-01, 6.3536e-01, 8.5417e-02,  ..., 8.3385e-01,
           4.9284e-01, 3.2966e-01],
          [8.3645e-01, 5.2235e-02, 3.2960e-01,  ..., 9.4767e-01,
           1.0306e-01, 4.2800e-01],
          [5.2893e-01, 7.9723e-01, 5.8567e-01,  ..., 4.6757e-01,
           7.9076e-01, 4.9181e-01]],

         [[7.7508e-01, 3.9217e-01, 2.6834e-01,  ..., 7.4840e-01,
           1.0379e-01, 2.0407e-01],
          [6.5057e-01, 5.5376e-01, 6.5982e-01,  ..., 3.6138e-04,
           7.6441e-01, 7.2956e-01],
          [1.2385e-01, 1.9689e-01, 7.6559e-01,  ..., 4.8835e-01,
           7.0261e-01, 4.3723e-01],
          ...,
          [9.4253e-01, 9.8822e-01, 7.9541e-01,  ..., 1.0123e-01,
           2.6850e-01, 8.7773e-01],
          [8.6866e-01, 2.9196e-01, 7.3457e-01,  ..., 9.6551e-01,
           4.1267e-01, 8.6587e-01],
          [6.0191e-01, 2.7246e-01, 6.5939e-02,  ..., 2.5245e-01,
           6.0701e-01, 9.6328e-02]],

         ...,

         [[1.9315e-01, 9.1953e-01, 3.6415e-01,  ..., 7.7681e-01,
           4.4203e-01, 6.0819e-01],
          [6.1882e-01, 4.8426e-01, 8.4083e-01,  ..., 4.0068e-01,
           6.1826e-01, 5.6157e-01],
          [1.3781e-02, 8.7941e-01, 4.8099e-01,  ..., 9.5591e-01,
           7.0665e-02, 1.0098e-01],
          ...,
          [7.5506e-02, 4.1147e-01, 5.9832e-01,  ..., 7.7984e-02,
           5.4675e-02, 4.3828e-01],
          [1.4080e-01, 6.8924e-01, 2.4982e-01,  ..., 7.6295e-01,
           9.0727e-01, 3.0868e-01],
          [2.0915e-01, 8.2707e-01, 5.3257e-01,  ..., 1.3273e-01,
           8.4739e-01, 6.2961e-01]],

         [[5.5737e-01, 6.3415e-01, 6.6976e-01,  ..., 2.6529e-01,
           7.2609e-01, 1.9088e-01],
          [2.3152e-01, 4.5513e-01, 9.8361e-01,  ..., 8.4997e-01,
           7.5574e-01, 5.5182e-01],
          [1.7012e-01, 1.7346e-01, 4.3177e-01,  ..., 1.3283e-02,
           4.0899e-01, 6.8553e-01],
          ...,
          [3.4464e-01, 6.4048e-01, 1.9134e-01,  ..., 2.1340e-01,
           9.4992e-01, 2.9761e-01],
          [9.3625e-01, 2.6901e-01, 2.9477e-01,  ..., 9.1233e-01,
           8.2363e-01, 9.2794e-01],
          [9.0763e-01, 3.5372e-01, 1.9203e-01,  ..., 1.6915e-01,
           2.9473e-01, 2.2346e-01]],

         [[6.1127e-01, 1.7310e-01, 9.8186e-01,  ..., 5.3131e-02,
           6.6624e-01, 8.7182e-01],
          [6.4881e-01, 1.5290e-01, 3.0044e-01,  ..., 8.8679e-01,
           5.3087e-01, 4.7813e-01],
          [2.2131e-01, 9.5405e-01, 2.4919e-02,  ..., 1.8612e-02,
           5.9758e-01, 7.2654e-01],
          ...,
          [9.7031e-01, 6.4910e-02, 1.7115e-01,  ..., 4.0885e-01,
           1.5523e-01, 2.9249e-01],
          [9.2715e-01, 6.4221e-01, 3.4946e-01,  ..., 4.6264e-01,
           1.4767e-01, 7.7569e-02],
          [6.0657e-01, 6.4289e-01, 9.3868e-01,  ..., 4.2561e-01,
           8.6465e-01, 2.7247e-01]]],


        [[[8.8269e-01, 9.1137e-01, 9.3433e-02,  ..., 5.0990e-01,
           6.1376e-01, 6.4410e-02],
          [1.2883e-02, 1.8170e-01, 2.3243e-01,  ..., 8.9524e-01,
           5.6091e-01, 4.0432e-01],
          [6.3736e-01, 9.9335e-01, 8.2033e-01,  ..., 9.5148e-01,
           5.2403e-01, 8.0725e-01],
          ...,
          [9.5002e-02, 2.5191e-01, 9.8926e-01,  ..., 8.3512e-01,
           3.2381e-01, 5.0386e-01],
          [7.5127e-01, 1.8471e-01, 6.3923e-01,  ..., 1.3081e-01,
           7.7937e-01, 2.2824e-01],
          [7.0457e-01, 7.1569e-01, 7.1623e-01,  ..., 4.1854e-01,
           9.5271e-01, 8.5820e-02]],

         [[1.0914e-01, 9.5365e-01, 7.4691e-01,  ..., 7.0001e-01,
           9.7777e-01, 3.0153e-01],
          [2.1315e-02, 1.7215e-01, 9.5463e-01,  ..., 2.1628e-01,
           4.3012e-01, 4.1909e-01],
          [7.3050e-01, 9.4517e-01, 1.1461e-01,  ..., 1.1067e-01,
           1.8963e-01, 9.8022e-01],
          ...,
          [5.3118e-01, 7.3569e-01, 7.8774e-01,  ..., 5.4392e-01,
           9.3475e-01, 8.6248e-01],
          [1.7855e-01, 2.5099e-01, 6.8787e-01,  ..., 1.1366e-01,
           5.0166e-02, 3.8352e-01],
          [5.3336e-01, 5.6668e-02, 2.3865e-01,  ..., 3.6754e-01,
           1.4716e-01, 2.5783e-01]],

         [[6.3357e-01, 9.4320e-01, 9.3481e-01,  ..., 1.0229e-01,
           5.1617e-01, 4.6344e-01],
          [5.8367e-01, 8.8253e-03, 6.5793e-01,  ..., 2.2149e-01,
           2.1204e-01, 5.2701e-01],
          [5.9437e-02, 7.9139e-01, 9.4757e-01,  ..., 2.9942e-01,
           6.3717e-01, 3.1031e-01],
          ...,
          [1.7513e-01, 1.4550e-01, 7.1274e-01,  ..., 9.7632e-02,
           9.8273e-01, 2.4693e-01],
          [3.9372e-01, 2.8606e-01, 8.6086e-01,  ..., 7.9231e-03,
           4.0178e-01, 8.6987e-01],
          [9.4036e-01, 7.1355e-01, 7.4767e-01,  ..., 7.4881e-01,
           9.4268e-01, 8.2897e-01]],

         ...,

         [[4.1224e-02, 1.6444e-01, 4.8383e-01,  ..., 8.8749e-01,
           2.6732e-02, 2.4328e-01],
          [3.4914e-01, 6.0425e-01, 5.1603e-01,  ..., 4.9110e-01,
           5.6912e-01, 5.2994e-01],
          [3.8987e-01, 7.2068e-01, 9.4169e-01,  ..., 6.8294e-01,
           1.7627e-02, 2.7650e-01],
          ...,
          [9.6944e-01, 6.0713e-01, 1.5698e-01,  ..., 6.7025e-01,
           5.3107e-01, 2.3145e-01],
          [7.2761e-01, 8.3753e-01, 4.2342e-01,  ..., 7.5403e-01,
           3.5647e-01, 4.8946e-01],
          [8.7793e-01, 6.6860e-01, 5.0418e-01,  ..., 9.4598e-01,
           6.8242e-02, 6.9161e-01]],

         [[6.2938e-01, 5.1755e-01, 5.1709e-01,  ..., 8.1601e-01,
           1.3482e-01, 5.7330e-01],
          [2.6777e-01, 1.6246e-01, 3.9160e-01,  ..., 7.7104e-02,
           4.4416e-02, 2.2074e-01],
          [7.5031e-01, 9.4761e-01, 6.4215e-01,  ..., 7.9972e-03,
           8.7832e-01, 3.5167e-02],
          ...,
          [3.0932e-01, 5.7886e-01, 2.1677e-02,  ..., 8.3855e-01,
           2.0187e-01, 5.5347e-01],
          [9.4886e-01, 4.6450e-01, 3.1627e-01,  ..., 9.7518e-01,
           9.4445e-01, 8.9793e-01],
          [5.4997e-01, 3.9930e-01, 2.5492e-01,  ..., 5.9108e-01,
           5.6560e-02, 8.8844e-01]],

         [[8.5692e-01, 3.3655e-01, 8.8298e-01,  ..., 6.9430e-01,
           3.7876e-01, 2.2083e-01],
          [5.8255e-01, 9.8409e-01, 4.9684e-01,  ..., 6.9779e-01,
           4.8770e-01, 7.7532e-01],
          [7.2644e-02, 3.9286e-01, 8.8970e-01,  ..., 9.0026e-01,
           8.4961e-01, 6.5111e-02],
          ...,
          [7.0808e-01, 5.4220e-01, 8.1047e-01,  ..., 8.1100e-01,
           4.3216e-01, 2.4341e-01],
          [9.5261e-01, 5.5904e-01, 5.9028e-01,  ..., 3.1247e-01,
           4.5225e-01, 7.5456e-01],
          [3.5602e-01, 5.8361e-01, 7.3408e-02,  ..., 2.6729e-01,
           7.2029e-01, 5.6363e-01]]],


        ...,


        [[[2.7630e-01, 6.4583e-01, 6.7852e-02,  ..., 8.6740e-01,
           3.6805e-01, 6.8018e-02],
          [9.8051e-01, 3.5788e-01, 3.9161e-01,  ..., 1.0662e-03,
           2.9276e-01, 9.0529e-02],
          [2.9872e-01, 3.4786e-01, 8.0255e-01,  ..., 7.1362e-01,
           3.4475e-01, 3.3489e-02],
          ...,
          [5.8974e-01, 1.4438e-01, 2.4007e-01,  ..., 8.2957e-01,
           3.0019e-01, 2.2093e-01],
          [2.0977e-01, 8.4712e-01, 8.4857e-01,  ..., 8.4741e-01,
           7.6995e-01, 6.4174e-02],
          [9.5147e-01, 4.6639e-01, 7.7812e-01,  ..., 2.6907e-01,
           2.8629e-01, 5.1073e-01]],

         [[5.3770e-01, 6.6786e-01, 4.7349e-01,  ..., 7.6492e-01,
           6.1028e-01, 3.8960e-02],
          [8.1793e-01, 5.4539e-01, 1.3542e-01,  ..., 1.5072e-01,
           3.0922e-01, 1.8740e-01],
          [8.5456e-01, 6.9138e-01, 4.9773e-01,  ..., 1.6941e-01,
           6.7160e-01, 6.7743e-01],
          ...,
          [2.4629e-01, 7.9986e-01, 9.0557e-02,  ..., 9.4777e-01,
           1.2354e-01, 1.4703e-01],
          [4.6192e-01, 6.6941e-01, 2.6203e-01,  ..., 5.9272e-01,
           6.1389e-01, 5.6512e-01],
          [5.3847e-01, 3.6607e-01, 4.6705e-01,  ..., 5.8398e-01,
           7.1908e-01, 7.0988e-01]],

         [[9.7820e-01, 5.4548e-01, 4.1430e-01,  ..., 1.1417e-01,
           6.3057e-01, 4.9061e-01],
          [3.1906e-01, 3.2208e-01, 4.2911e-01,  ..., 3.8828e-01,
           9.8991e-01, 7.6479e-01],
          [8.7352e-01, 7.5650e-01, 8.5843e-01,  ..., 6.8946e-02,
           5.3150e-01, 2.5650e-01],
          ...,
          [6.6334e-01, 4.4724e-01, 9.1484e-01,  ..., 2.4890e-01,
           8.6588e-01, 7.5867e-01],
          [5.0330e-02, 6.8548e-01, 6.6268e-01,  ..., 5.3061e-01,
           4.2923e-01, 7.1201e-01],
          [2.8322e-01, 1.1018e-01, 9.6268e-01,  ..., 5.3862e-01,
           8.9781e-01, 5.2789e-01]],

         ...,

         [[1.1478e-01, 7.0858e-01, 4.1087e-01,  ..., 7.7412e-01,
           5.7472e-01, 6.2436e-01],
          [2.3401e-01, 1.3815e-01, 6.4974e-01,  ..., 5.9542e-01,
           2.4122e-01, 5.5759e-01],
          [8.3527e-01, 1.7558e-01, 5.0076e-01,  ..., 9.8161e-01,
           2.6640e-03, 4.1894e-01],
          ...,
          [4.9753e-01, 9.9205e-01, 8.0725e-01,  ..., 3.3025e-01,
           5.1903e-01, 5.1321e-01],
          [1.5385e-01, 3.4764e-01, 7.2917e-01,  ..., 2.4822e-01,
           5.0462e-01, 4.6625e-01],
          [5.5255e-02, 7.0071e-04, 4.2388e-01,  ..., 5.1763e-01,
           9.3807e-01, 6.1686e-01]],

         [[4.2728e-01, 4.0064e-01, 2.0467e-01,  ..., 5.1476e-01,
           9.4642e-01, 5.3449e-01],
          [1.3962e-01, 4.3770e-01, 6.3463e-01,  ..., 1.2509e-01,
           8.0281e-01, 7.9289e-01],
          [8.1945e-01, 5.5142e-03, 9.6247e-01,  ..., 6.8694e-02,
           1.6213e-02, 1.2215e-02],
          ...,
          [7.3386e-01, 9.8228e-01, 5.9896e-01,  ..., 1.4157e-01,
           3.3551e-01, 9.9633e-01],
          [5.4011e-01, 5.7064e-02, 7.3539e-01,  ..., 4.3390e-01,
           7.1143e-01, 8.5180e-01],
          [1.3191e-01, 1.6311e-01, 1.6938e-01,  ..., 9.6989e-01,
           1.5113e-02, 2.9072e-01]],

         [[5.3424e-01, 6.0459e-01, 2.9227e-01,  ..., 1.0412e-01,
           3.8273e-01, 3.0582e-02],
          [9.1945e-01, 2.2971e-01, 4.7904e-01,  ..., 2.3513e-01,
           7.6654e-01, 8.5404e-01],
          [1.4887e-01, 8.7291e-01, 5.7291e-01,  ..., 2.8199e-01,
           6.5753e-01, 9.0382e-01],
          ...,
          [8.8979e-01, 6.3543e-01, 4.1836e-02,  ..., 3.5245e-01,
           9.1109e-01, 1.6938e-01],
          [6.9607e-01, 6.0581e-01, 8.8505e-01,  ..., 7.6108e-01,
           4.2311e-01, 3.1216e-01],
          [2.6425e-01, 4.6159e-01, 3.1990e-01,  ..., 3.9248e-01,
           6.4531e-03, 4.2915e-01]]],


        [[[2.6445e-01, 8.7815e-01, 7.6267e-01,  ..., 1.5219e-01,
           5.0975e-01, 7.3050e-01],
          [6.6342e-01, 9.2902e-01, 6.0333e-01,  ..., 5.9416e-02,
           1.5404e-01, 6.0957e-01],
          [8.8376e-01, 1.9674e-02, 5.7977e-01,  ..., 5.3760e-01,
           2.5488e-01, 1.4803e-01],
          ...,
          [9.4439e-01, 1.3172e-01, 1.9960e-01,  ..., 4.1994e-01,
           7.5266e-01, 2.5960e-01],
          [1.7740e-01, 5.7379e-01, 1.6999e-01,  ..., 6.5960e-01,
           3.1487e-01, 7.1377e-01],
          [6.1244e-01, 6.1889e-01, 7.0318e-01,  ..., 4.1547e-01,
           4.3155e-01, 4.6949e-01]],

         [[7.0180e-01, 2.1047e-01, 1.5688e-01,  ..., 3.6455e-01,
           9.6203e-01, 7.0469e-01],
          [1.7541e-01, 7.8429e-01, 1.5283e-01,  ..., 7.9467e-02,
           8.1144e-01, 5.0272e-01],
          [1.7380e-02, 5.9040e-01, 5.6407e-01,  ..., 2.8923e-01,
           6.7965e-01, 1.5937e-01],
          ...,
          [1.0177e-01, 5.8080e-02, 1.1122e-01,  ..., 1.4276e-01,
           5.4092e-01, 9.2889e-01],
          [6.4945e-01, 5.3998e-01, 8.2487e-01,  ..., 5.6721e-01,
           7.9717e-02, 4.3503e-01],
          [2.0294e-01, 5.4204e-01, 2.2363e-01,  ..., 9.4730e-01,
           4.2793e-01, 9.6681e-01]],

         [[2.5930e-01, 5.2842e-01, 8.8139e-01,  ..., 5.5530e-01,
           7.8142e-01, 3.2478e-03],
          [3.6045e-01, 4.8883e-01, 7.5683e-01,  ..., 4.2904e-02,
           6.1798e-01, 7.1369e-01],
          [3.6330e-01, 8.7258e-01, 2.8888e-02,  ..., 1.4145e-01,
           1.1144e-02, 7.6569e-01],
          ...,
          [1.9578e-01, 3.7896e-01, 8.6714e-01,  ..., 1.5381e-01,
           8.4041e-02, 9.8299e-01],
          [3.2973e-01, 6.8426e-01, 8.7561e-01,  ..., 5.4874e-01,
           5.7224e-01, 3.7455e-01],
          [7.4881e-01, 3.5234e-01, 4.0436e-01,  ..., 6.5287e-01,
           6.2423e-01, 4.6797e-01]],

         ...,

         [[5.0971e-01, 7.0764e-01, 9.9263e-01,  ..., 5.4545e-02,
           9.6127e-01, 6.5562e-01],
          [8.9930e-01, 9.0849e-01, 4.0895e-01,  ..., 2.7216e-03,
           6.5014e-01, 3.4603e-01],
          [1.2304e-01, 1.3881e-02, 1.2668e-01,  ..., 5.4090e-01,
           3.7454e-01, 5.5370e-01],
          ...,
          [2.2773e-01, 6.4690e-01, 3.2177e-01,  ..., 7.1458e-02,
           7.3613e-01, 2.8118e-01],
          [5.9461e-01, 5.3681e-01, 6.3058e-01,  ..., 2.0918e-01,
           2.3087e-01, 4.3338e-01],
          [3.1047e-01, 4.8950e-01, 3.4174e-01,  ..., 3.7238e-01,
           2.0196e-01, 5.5019e-01]],

         [[6.1979e-01, 5.2947e-01, 2.1622e-02,  ..., 2.6989e-01,
           6.2572e-01, 6.3236e-01],
          [2.6175e-01, 7.2214e-01, 1.1675e-01,  ..., 8.1338e-02,
           8.0813e-01, 9.7479e-01],
          [8.2505e-01, 1.0924e-01, 5.0682e-01,  ..., 1.0335e-01,
           4.9432e-01, 3.2844e-01],
          ...,
          [1.3091e-01, 6.4253e-01, 9.9837e-01,  ..., 5.2811e-01,
           4.7116e-01, 4.7927e-01],
          [8.9978e-03, 5.1218e-01, 7.7760e-01,  ..., 8.4147e-01,
           5.3849e-01, 9.5141e-01],
          [2.1425e-01, 8.7266e-01, 3.7582e-02,  ..., 5.4773e-01,
           1.2647e-01, 9.5463e-01]],

         [[7.8660e-01, 6.2835e-01, 6.3189e-01,  ..., 1.2962e-01,
           8.5522e-01, 5.2148e-01],
          [8.5548e-01, 5.3791e-01, 5.4409e-02,  ..., 6.4398e-01,
           7.9447e-01, 4.9694e-01],
          [4.9108e-01, 7.9991e-01, 1.5830e-01,  ..., 1.1336e-01,
           2.3166e-01, 9.8818e-01],
          ...,
          [1.4162e-01, 9.9748e-01, 6.9037e-01,  ..., 1.3193e-01,
           4.7461e-01, 7.0577e-01],
          [5.5225e-01, 8.1757e-01, 7.5026e-01,  ..., 5.8220e-01,
           5.4219e-01, 5.4506e-01],
          [7.2515e-01, 4.4601e-02, 2.4771e-01,  ..., 8.2742e-01,
           1.8029e-01, 4.4464e-01]]],


        [[[1.2068e-01, 4.7121e-01, 5.3569e-01,  ..., 4.6897e-01,
           8.5632e-01, 5.6371e-01],
          [9.5910e-01, 5.6923e-01, 8.4251e-01,  ..., 4.1639e-01,
           1.6765e-02, 6.4763e-01],
          [9.2412e-01, 4.3959e-01, 9.3756e-01,  ..., 7.5139e-01,
           3.9102e-01, 1.6468e-01],
          ...,
          [3.5359e-01, 1.5635e-01, 4.0683e-01,  ..., 6.4681e-01,
           1.7974e-02, 3.7087e-01],
          [3.1093e-01, 3.0486e-01, 2.0196e-01,  ..., 2.8091e-01,
           9.1681e-01, 2.4035e-01],
          [1.3053e-01, 8.8728e-01, 6.6006e-01,  ..., 7.4753e-01,
           4.9831e-01, 4.7511e-01]],

         [[4.1635e-01, 2.5222e-01, 9.7098e-02,  ..., 3.8654e-04,
           2.7245e-01, 6.3005e-01],
          [1.8694e-01, 3.4604e-03, 8.9929e-01,  ..., 6.0786e-01,
           4.7293e-01, 3.6618e-02],
          [8.1962e-01, 9.1897e-02, 8.0165e-01,  ..., 8.8133e-01,
           5.9749e-01, 7.7729e-01],
          ...,
          [3.0278e-01, 8.5834e-02, 3.9402e-01,  ..., 5.9414e-01,
           3.7528e-01, 6.7789e-01],
          [1.9374e-01, 9.5812e-01, 1.9865e-01,  ..., 6.7568e-01,
           8.8228e-01, 3.3287e-01],
          [2.0685e-01, 1.2358e-01, 1.3333e-01,  ..., 3.7761e-01,
           6.6764e-01, 5.5989e-01]],

         [[4.9077e-03, 5.2589e-01, 8.7035e-01,  ..., 8.4762e-01,
           7.5032e-01, 9.2198e-01],
          [8.0016e-01, 4.0692e-01, 6.6224e-01,  ..., 3.9229e-01,
           4.3049e-02, 2.6730e-02],
          [5.2235e-01, 7.3915e-01, 2.8464e-01,  ..., 4.2202e-02,
           5.0634e-01, 8.4175e-01],
          ...,
          [2.0909e-01, 1.8471e-01, 7.0653e-01,  ..., 9.4862e-01,
           7.4053e-01, 1.7462e-01],
          [1.8570e-01, 9.0854e-01, 3.7588e-01,  ..., 9.3749e-01,
           4.2659e-01, 7.8147e-01],
          [1.6017e-01, 3.0343e-01, 8.5149e-01,  ..., 4.5377e-01,
           2.1979e-02, 6.3649e-01]],

         ...,

         [[3.1835e-02, 5.5011e-01, 5.2366e-01,  ..., 8.0004e-01,
           7.5667e-01, 8.4661e-01],
          [9.8299e-01, 5.0083e-01, 3.7154e-02,  ..., 7.7412e-01,
           4.6399e-02, 4.7694e-01],
          [1.5729e-01, 4.6190e-01, 7.0581e-01,  ..., 2.2597e-01,
           1.7086e-01, 5.3852e-01],
          ...,
          [4.5246e-01, 2.6334e-01, 6.8767e-01,  ..., 3.3871e-01,
           1.6280e-01, 6.5414e-01],
          [4.6952e-02, 4.4079e-01, 6.1435e-01,  ..., 8.2675e-01,
           1.1104e-01, 6.7169e-01],
          [7.3259e-01, 8.1381e-01, 4.9443e-03,  ..., 9.3036e-01,
           7.5076e-01, 4.0904e-01]],

         [[7.9570e-01, 5.5316e-01, 5.5411e-01,  ..., 3.8281e-01,
           9.1259e-01, 9.3121e-01],
          [4.9355e-01, 5.8592e-02, 1.6439e-02,  ..., 7.1326e-01,
           5.5560e-01, 4.0583e-01],
          [5.3831e-01, 4.2353e-01, 8.4940e-01,  ..., 2.5889e-01,
           6.1702e-01, 7.4305e-01],
          ...,
          [3.3272e-01, 6.3113e-01, 3.3347e-01,  ..., 7.5057e-01,
           4.1591e-01, 5.2776e-01],
          [2.1072e-01, 5.4501e-01, 8.5964e-01,  ..., 4.1221e-01,
           7.4477e-01, 9.4807e-01],
          [6.3509e-01, 1.3186e-01, 8.9967e-01,  ..., 3.0077e-02,
           9.6112e-02, 2.0696e-01]],

         [[3.4095e-01, 4.8693e-01, 4.3545e-01,  ..., 5.1928e-01,
           4.9715e-01, 2.9625e-01],
          [5.7771e-01, 2.5526e-01, 1.5684e-01,  ..., 1.3600e-01,
           6.0627e-02, 2.9514e-01],
          [8.6258e-01, 6.2913e-01, 2.5169e-02,  ..., 8.6974e-01,
           9.2359e-01, 6.8479e-01],
          ...,
          [8.2954e-01, 6.5238e-01, 7.3871e-01,  ..., 1.2905e-01,
           6.1981e-01, 7.6162e-01],
          [2.8896e-01, 4.1456e-01, 9.4783e-02,  ..., 1.4532e-01,
           8.9830e-01, 4.0947e-01],
          [1.5629e-01, 8.8767e-01, 2.0287e-01,  ..., 4.1002e-01,
           2.0336e-01, 5.5690e-01]]]])
