tensor([[[[0.1920, 0.3982, 0.3178,  ..., 0.6872, 0.1050, 0.3720],
          [0.8132, 0.4043, 0.4287,  ..., 0.7294, 0.2067, 0.5426],
          [0.5756, 0.4158, 0.8820,  ..., 0.4633, 0.6061, 0.7884],
          ...,
          [0.3151, 0.4052, 0.3648,  ..., 0.4288, 0.5382, 0.2612],
          [0.1211, 0.4681, 0.4577,  ..., 0.0183, 0.5369, 0.4133],
          [0.5630, 0.0264, 0.8090,  ..., 0.2657, 0.0133, 0.0823]],

         [[0.6562, 0.9594, 0.8538,  ..., 0.0977, 0.9894, 0.1608],
          [0.0433, 0.5446, 0.1046,  ..., 0.6822, 0.9448, 0.1886],
          [0.5068, 0.9571, 0.8084,  ..., 0.8353, 0.5569, 0.5190],
          ...,
          [0.6348, 0.7563, 0.1159,  ..., 0.9453, 0.8503, 0.5539],
          [0.2344, 0.2198, 0.0114,  ..., 0.1753, 0.6397, 0.1694],
          [0.5064, 0.0308, 0.7523,  ..., 0.0391, 0.3124, 0.6977]],

         [[0.7322, 0.8540, 0.6170,  ..., 0.6920, 0.3143, 0.7023],
          [0.3284, 0.6706, 0.6555,  ..., 0.8670, 0.0105, 0.8397],
          [0.1783, 0.5898, 0.0998,  ..., 0.2366, 0.5697, 0.3995],
          ...,
          [0.3093, 0.1696, 0.0191,  ..., 0.1775, 0.9880, 0.4572],
          [0.2397, 0.8644, 0.1086,  ..., 0.8060, 0.1339, 0.2676],
          [0.8551, 0.9885, 0.3562,  ..., 0.1049, 0.5562, 0.2926]],

         ...,

         [[0.7952, 0.3397, 0.4857,  ..., 0.4754, 0.2135, 0.8564],
          [0.3601, 0.4815, 0.1103,  ..., 0.2630, 0.8431, 0.8937],
          [0.0174, 0.6496, 0.2611,  ..., 0.0402, 0.1551, 0.5757],
          ...,
          [0.0922, 0.1500, 0.2998,  ..., 0.4091, 0.6936, 0.5873],
          [0.4899, 0.4378, 0.8435,  ..., 0.7258, 0.9996, 0.7302],
          [0.9295, 0.7709, 0.6514,  ..., 0.4480, 0.8153, 0.7492]],

         [[0.5094, 0.3513, 0.6429,  ..., 0.4750, 0.6129, 0.7744],
          [0.2741, 0.0697, 0.6946,  ..., 0.3277, 0.7898, 0.3136],
          [0.9349, 0.1650, 0.2703,  ..., 0.9956, 0.7829, 0.3574],
          ...,
          [0.8416, 0.9828, 0.0164,  ..., 0.4667, 0.4963, 0.2037],
          [0.6339, 0.1258, 0.6925,  ..., 0.5954, 0.3100, 0.5802],
          [0.5459, 0.7434, 0.1444,  ..., 0.8992, 0.9667, 0.0694]],

         [[0.0594, 0.4172, 0.1103,  ..., 0.0520, 0.4719, 0.2866],
          [0.8687, 0.1418, 0.7225,  ..., 0.1694, 0.4356, 0.4714],
          [0.9125, 0.0761, 0.5020,  ..., 0.0993, 0.3835, 0.3155],
          ...,
          [0.5404, 0.4630, 0.6167,  ..., 0.6815, 0.1778, 0.0428],
          [0.7076, 0.9004, 0.2331,  ..., 0.3733, 0.4039, 0.3867],
          [0.5205, 0.2786, 0.9018,  ..., 0.6926, 0.5358, 0.7115]]],


        [[[0.0575, 0.3824, 0.2256,  ..., 0.6977, 0.2874, 0.2753],
          [0.5574, 0.9711, 0.1989,  ..., 0.6425, 0.0147, 0.2465],
          [0.3343, 0.8845, 0.4513,  ..., 0.6723, 0.6171, 0.1850],
          ...,
          [0.4017, 0.7701, 0.6249,  ..., 0.4192, 0.9019, 0.3500],
          [0.2584, 0.3299, 0.3084,  ..., 0.6316, 0.7639, 0.4355],
          [0.7290, 0.0468, 0.9781,  ..., 0.3026, 0.9139, 0.6134]],

         [[0.8803, 0.3569, 0.4967,  ..., 0.3587, 0.9186, 0.4181],
          [0.8016, 0.8437, 0.7410,  ..., 0.1281, 0.5003, 0.9448],
          [0.6675, 0.0897, 0.1383,  ..., 0.0406, 0.2889, 0.9373],
          ...,
          [0.3948, 0.2361, 0.0389,  ..., 0.2976, 0.8216, 0.1802],
          [0.9492, 0.2689, 0.3102,  ..., 0.5409, 0.6375, 0.2020],
          [0.6752, 0.2484, 0.9757,  ..., 0.9422, 0.1322, 0.4797]],

         [[0.6320, 0.4861, 0.4483,  ..., 0.4965, 0.3137, 0.1692],
          [0.2414, 0.1297, 0.2555,  ..., 0.4796, 0.3218, 0.5805],
          [0.5294, 0.3062, 0.2850,  ..., 0.8659, 0.5307, 0.0363],
          ...,
          [0.4607, 0.4890, 0.2928,  ..., 0.6085, 0.9582, 0.1651],
          [0.6379, 0.9571, 0.5917,  ..., 0.9020, 0.3567, 0.2796],
          [0.1619, 0.3222, 0.9543,  ..., 0.1207, 0.9074, 0.7189]],

         ...,

         [[0.8772, 0.6032, 0.9173,  ..., 0.3317, 0.0990, 0.8532],
          [0.7562, 0.8649, 0.6582,  ..., 0.3138, 0.8051, 0.3241],
          [0.7765, 0.8311, 0.4399,  ..., 0.4337, 0.8134, 0.5188],
          ...,
          [0.9909, 0.8549, 0.0648,  ..., 0.4814, 0.0717, 0.0900],
          [0.8209, 0.7106, 0.2976,  ..., 0.5204, 0.7428, 0.1714],
          [0.8737, 0.2617, 0.2081,  ..., 0.5303, 0.7803, 0.4577]],

         [[0.6200, 0.0779, 0.3980,  ..., 0.5558, 0.7831, 0.9677],
          [0.9331, 0.2784, 0.9505,  ..., 0.9377, 0.1213, 0.2894],
          [0.6842, 0.6082, 0.5538,  ..., 0.5126, 0.7604, 0.1738],
          ...,
          [0.9825, 0.6646, 0.8210,  ..., 0.0156, 0.7408, 0.5004],
          [0.3266, 0.7206, 0.0018,  ..., 0.0248, 0.3121, 0.6645],
          [0.8682, 0.0011, 0.1629,  ..., 0.6073, 0.3007, 0.5215]],

         [[0.4021, 0.2466, 0.2458,  ..., 0.5433, 0.9166, 0.3331],
          [0.3573, 0.2601, 0.5979,  ..., 0.5503, 0.2119, 0.9846],
          [0.6089, 0.2508, 0.1922,  ..., 0.6827, 0.1814, 0.8715],
          ...,
          [0.2027, 0.6845, 0.6292,  ..., 0.4439, 0.5253, 0.6385],
          [0.6694, 0.0527, 0.1713,  ..., 0.0986, 0.8638, 0.7093],
          [0.6905, 0.8991, 0.1420,  ..., 0.4804, 0.0521, 0.5153]]],


        [[[0.3157, 0.5948, 0.8976,  ..., 0.4230, 0.1348, 0.8380],
          [0.1424, 0.1111, 0.0381,  ..., 0.4228, 0.2651, 0.5841],
          [0.6407, 0.9582, 0.0916,  ..., 0.3422, 0.7252, 0.0909],
          ...,
          [0.9875, 0.7439, 0.6637,  ..., 0.7758, 0.5230, 0.9010],
          [0.5214, 0.3332, 0.2075,  ..., 0.4186, 0.7830, 0.9253],
          [0.8864, 0.2842, 0.8360,  ..., 0.2283, 0.0041, 0.2552]],

         [[0.1002, 0.9284, 0.2767,  ..., 0.3941, 0.7143, 0.9387],
          [0.5577, 0.1989, 0.8002,  ..., 0.2947, 0.8572, 0.4341],
          [0.4605, 0.5850, 0.2704,  ..., 0.2149, 0.5372, 0.3891],
          ...,
          [0.5095, 0.2142, 0.2538,  ..., 0.3927, 0.7503, 0.5117],
          [0.2412, 0.5226, 0.4156,  ..., 0.8904, 0.5813, 0.8595],
          [0.1388, 0.7583, 0.0688,  ..., 0.3612, 0.8393, 0.0612]],

         [[0.7096, 0.2945, 0.1723,  ..., 0.7223, 0.6958, 0.5027],
          [0.3621, 0.4536, 0.6706,  ..., 0.5433, 0.1317, 0.0326],
          [0.7143, 0.7768, 0.3713,  ..., 0.0037, 0.0543, 0.2979],
          ...,
          [0.2016, 0.2917, 0.2078,  ..., 0.4081, 0.7148, 0.7948],
          [0.5136, 0.6201, 0.0966,  ..., 0.1665, 0.0708, 0.7249],
          [0.6490, 0.0463, 0.5531,  ..., 0.4815, 0.0152, 0.1401]],

         ...,

         [[0.4261, 0.4580, 0.3177,  ..., 0.8707, 0.6815, 0.6595],
          [0.0706, 0.1962, 0.6296,  ..., 0.3704, 0.8346, 0.2792],
          [0.6837, 0.3070, 0.7332,  ..., 0.4160, 0.8244, 0.0552],
          ...,
          [0.7697, 0.6254, 0.2103,  ..., 0.6794, 0.5469, 0.0596],
          [0.7680, 0.8044, 0.3296,  ..., 0.6408, 0.6979, 0.9392],
          [0.9464, 0.0327, 0.7802,  ..., 0.9644, 0.9867, 0.0631]],

         [[0.8963, 0.4990, 0.0146,  ..., 0.0467, 0.6975, 0.6535],
          [0.1196, 0.9094, 0.6230,  ..., 0.3350, 0.9947, 0.4662],
          [0.4870, 0.3352, 0.4703,  ..., 0.2842, 0.4774, 0.1700],
          ...,
          [0.7021, 0.5418, 0.3265,  ..., 0.1400, 0.8307, 0.9572],
          [0.4894, 0.3835, 0.0928,  ..., 0.7883, 0.9575, 0.7502],
          [0.8677, 0.0889, 0.5011,  ..., 0.8001, 0.4608, 0.3909]],

         [[0.7537, 0.1391, 0.8790,  ..., 0.8482, 0.3902, 0.1957],
          [0.0946, 0.9686, 0.7822,  ..., 0.1320, 0.1230, 0.4039],
          [0.2806, 0.1378, 0.9133,  ..., 0.0238, 0.4364, 0.7301],
          ...,
          [0.4916, 0.3883, 0.5807,  ..., 0.7229, 0.9931, 0.7959],
          [0.2548, 0.0163, 0.0803,  ..., 0.2139, 0.5055, 0.4230],
          [0.5069, 0.9992, 0.2816,  ..., 0.4185, 0.1615, 0.5335]]],


        ...,


        [[[0.1272, 0.3526, 0.4311,  ..., 0.0658, 0.3496, 0.3866],
          [0.8424, 0.7868, 0.5053,  ..., 0.0982, 0.0876, 0.4386],
          [0.0947, 0.2561, 0.9454,  ..., 0.6232, 0.1864, 0.2835],
          ...,
          [0.2498, 0.1619, 0.8925,  ..., 0.9634, 0.9730, 0.3797],
          [0.3416, 0.5315, 0.3803,  ..., 0.4834, 0.1364, 0.4059],
          [0.3150, 0.2079, 0.6216,  ..., 0.3503, 0.8056, 0.5572]],

         [[0.3792, 0.6502, 0.3478,  ..., 0.8188, 0.8653, 0.9578],
          [0.6189, 0.6436, 0.9748,  ..., 0.0167, 0.1682, 0.1952],
          [0.7397, 0.3933, 0.5741,  ..., 0.4412, 0.5739, 0.9742],
          ...,
          [0.7861, 0.7551, 0.1341,  ..., 0.2653, 0.3120, 0.9180],
          [0.1631, 0.3507, 0.9613,  ..., 0.1264, 0.0051, 0.2508],
          [0.8579, 0.6006, 0.7510,  ..., 0.6483, 0.7564, 0.4761]],

         [[0.4714, 0.0840, 0.0288,  ..., 0.4374, 0.6254, 0.2785],
          [0.1106, 0.9273, 0.4810,  ..., 0.4332, 0.5611, 0.6140],
          [0.8050, 0.9240, 0.1085,  ..., 0.9084, 0.1237, 0.9728],
          ...,
          [0.7209, 0.5985, 0.2044,  ..., 0.8356, 0.5794, 0.0797],
          [0.5730, 0.2380, 0.2688,  ..., 0.2522, 0.8759, 0.1912],
          [0.3675, 0.3573, 0.5619,  ..., 0.3278, 0.6064, 0.9909]],

         ...,

         [[0.1910, 0.4940, 0.3285,  ..., 0.7850, 0.3306, 0.3929],
          [0.5932, 0.0721, 0.6659,  ..., 0.8384, 0.6494, 0.4053],
          [0.5199, 0.6684, 0.0161,  ..., 0.1562, 0.2681, 0.8758],
          ...,
          [0.7836, 0.8730, 0.4893,  ..., 0.5919, 0.3464, 0.4129],
          [0.0283, 0.6525, 0.4912,  ..., 0.0929, 0.4480, 0.6943],
          [0.1723, 0.6844, 0.4062,  ..., 0.2841, 0.5498, 0.3783]],

         [[0.0098, 0.5362, 0.6784,  ..., 0.8941, 0.7954, 0.7631],
          [0.5076, 0.4528, 0.2609,  ..., 0.0342, 0.1599, 0.7275],
          [0.7916, 0.9525, 0.9054,  ..., 0.5949, 0.2403, 0.2191],
          ...,
          [0.4930, 0.2142, 0.6492,  ..., 0.4765, 0.5585, 0.9448],
          [0.7346, 0.1469, 0.0824,  ..., 0.6489, 0.0031, 0.5630],
          [0.9512, 0.4709, 0.3659,  ..., 0.5235, 0.9322, 0.2257]],

         [[0.6856, 0.4757, 0.0807,  ..., 0.2688, 0.2693, 0.8674],
          [0.0265, 0.0484, 0.6833,  ..., 0.8916, 0.7548, 0.3318],
          [0.0207, 0.2868, 0.9747,  ..., 0.2881, 0.1148, 0.5120],
          ...,
          [0.7288, 0.3163, 0.3512,  ..., 0.9211, 0.9434, 0.5925],
          [0.3979, 0.2145, 0.9042,  ..., 0.2526, 0.3109, 0.6562],
          [0.1552, 0.4193, 0.3571,  ..., 0.1848, 0.0503, 0.4556]]],


        [[[0.1629, 0.7854, 0.8101,  ..., 0.4085, 0.4227, 0.7577],
          [0.0550, 0.3745, 0.7055,  ..., 0.0580, 0.4361, 0.4549],
          [0.7487, 0.4855, 0.7322,  ..., 0.9057, 0.7520, 0.8344],
          ...,
          [0.7663, 0.7331, 0.9604,  ..., 0.5896, 0.7489, 0.7238],
          [0.9999, 0.0607, 0.5502,  ..., 0.3906, 0.9350, 0.3973],
          [0.1189, 0.4656, 0.2423,  ..., 0.6059, 0.3029, 0.0981]],

         [[0.5964, 0.3055, 0.7251,  ..., 0.5092, 0.9288, 0.8839],
          [0.0541, 0.2254, 0.9201,  ..., 0.8870, 0.8252, 0.9117],
          [0.0089, 0.5879, 0.4291,  ..., 0.2779, 0.8647, 0.0547],
          ...,
          [0.3171, 0.0782, 0.8432,  ..., 0.4154, 0.5078, 0.0531],
          [0.4572, 0.0361, 0.9717,  ..., 0.0843, 0.4574, 0.7017],
          [0.0260, 0.0156, 0.8500,  ..., 0.6352, 0.5996, 0.0466]],

         [[0.6976, 0.9753, 0.6895,  ..., 0.1772, 0.0366, 0.2696],
          [0.2758, 0.3158, 0.5605,  ..., 0.3623, 0.4933, 0.1399],
          [0.8566, 0.3697, 0.8706,  ..., 0.5131, 0.0020, 0.2714],
          ...,
          [0.7476, 0.2125, 0.4566,  ..., 0.7829, 0.1751, 0.7386],
          [0.1726, 0.8618, 0.0963,  ..., 0.1437, 0.7031, 0.5435],
          [0.1032, 0.1192, 0.6251,  ..., 0.5052, 0.6347, 0.2595]],

         ...,

         [[0.8646, 0.2012, 0.5987,  ..., 0.0253, 0.8945, 0.9924],
          [0.0603, 0.9729, 0.8262,  ..., 0.4621, 0.0210, 0.8260],
          [0.2146, 0.2904, 0.8007,  ..., 0.4241, 0.7484, 0.1328],
          ...,
          [0.3499, 0.4282, 0.7165,  ..., 0.0596, 0.0201, 0.3491],
          [0.5618, 0.5355, 0.0715,  ..., 0.0271, 0.8068, 0.2497],
          [0.0910, 0.7123, 0.0509,  ..., 0.2876, 0.8184, 0.6168]],

         [[0.2886, 0.8992, 0.3822,  ..., 0.8817, 0.1397, 0.5222],
          [0.6826, 0.5625, 0.0071,  ..., 0.3914, 0.9062, 0.6278],
          [0.3072, 0.7093, 0.0647,  ..., 0.6496, 0.2419, 0.3056],
          ...,
          [0.9209, 0.7121, 0.7509,  ..., 0.0783, 0.8807, 0.9251],
          [0.5902, 0.3963, 0.8196,  ..., 0.2227, 0.9304, 0.8875],
          [0.4798, 0.6984, 0.7706,  ..., 0.1618, 0.3612, 0.0844]],

         [[0.9332, 0.8405, 0.4501,  ..., 0.3736, 0.4576, 0.9370],
          [0.9000, 0.3227, 0.4993,  ..., 0.7281, 0.2013, 0.1667],
          [0.6973, 0.9154, 0.8436,  ..., 0.1637, 0.7016, 0.6615],
          ...,
          [0.3427, 0.5489, 0.2137,  ..., 0.8481, 0.8098, 0.5630],
          [0.8264, 0.8631, 0.0274,  ..., 0.2908, 0.6573, 0.3263],
          [0.8127, 0.2700, 0.1067,  ..., 0.9496, 0.2452, 0.5753]]],


        [[[0.6736, 0.5016, 0.6356,  ..., 0.9204, 0.4268, 0.9894],
          [0.1347, 0.1652, 0.3137,  ..., 0.2567, 0.4217, 0.7112],
          [0.1548, 0.3143, 0.6700,  ..., 0.2204, 0.8177, 0.0659],
          ...,
          [0.5444, 0.4597, 0.6948,  ..., 0.8294, 0.7275, 0.5355],
          [0.2594, 0.6278, 0.5639,  ..., 0.0269, 0.1700, 0.8861],
          [0.9826, 0.6327, 0.9230,  ..., 0.1323, 0.6070, 0.0875]],

         [[0.4922, 0.9217, 0.3139,  ..., 0.6148, 0.2313, 0.2587],
          [0.6152, 0.9524, 0.3199,  ..., 0.6073, 0.8461, 0.6440],
          [0.1654, 0.0457, 0.0984,  ..., 0.1849, 0.7035, 0.0240],
          ...,
          [0.8867, 0.0766, 0.1919,  ..., 0.4919, 0.5586, 0.9000],
          [0.6650, 0.9435, 0.7856,  ..., 0.2565, 0.5174, 0.5442],
          [0.9351, 0.1931, 0.1229,  ..., 0.8536, 0.7730, 0.9942]],

         [[0.2588, 0.8426, 0.0594,  ..., 0.0810, 0.3788, 0.2809],
          [0.2776, 0.4297, 0.7581,  ..., 0.2208, 0.7354, 0.1274],
          [0.1780, 0.7047, 0.1443,  ..., 0.8086, 0.2132, 0.9542],
          ...,
          [0.6161, 0.7432, 0.1120,  ..., 0.8620, 0.0023, 0.7917],
          [0.6809, 0.0429, 0.4461,  ..., 0.4650, 0.1721, 0.9470],
          [0.5171, 0.4701, 0.8879,  ..., 0.6820, 0.1636, 0.6253]],

         ...,

         [[0.2160, 0.3992, 0.7817,  ..., 0.3422, 0.0027, 0.6198],
          [0.4642, 0.1881, 0.2104,  ..., 0.7248, 0.7057, 0.2322],
          [0.0516, 0.5697, 0.7514,  ..., 0.9897, 0.2548, 0.4444],
          ...,
          [0.8212, 0.9701, 0.2340,  ..., 0.7198, 0.1396, 0.1826],
          [0.9558, 0.1608, 0.4443,  ..., 0.6202, 0.9959, 0.7042],
          [0.5912, 0.3575, 0.1449,  ..., 0.4673, 0.7674, 0.4952]],

         [[0.1644, 0.8744, 0.8050,  ..., 0.9621, 0.3172, 0.9711],
          [0.5885, 0.3049, 0.6206,  ..., 0.0704, 0.5610, 0.0431],
          [0.1683, 0.2181, 0.8807,  ..., 0.0313, 0.1918, 0.7602],
          ...,
          [0.5600, 0.8284, 0.7798,  ..., 0.3189, 0.5732, 0.3632],
          [0.3200, 0.1765, 0.6754,  ..., 0.7510, 0.3914, 0.7938],
          [0.6438, 0.0099, 0.2312,  ..., 0.6944, 0.7516, 0.6825]],

         [[0.6004, 0.6389, 0.6198,  ..., 0.9601, 0.5905, 0.7706],
          [0.8751, 0.4470, 0.4428,  ..., 0.8541, 0.3298, 0.3481],
          [0.8454, 0.4316, 0.8977,  ..., 0.8002, 0.1655, 0.1443],
          ...,
          [0.7008, 0.6360, 0.2603,  ..., 0.3714, 0.5449, 0.5508],
          [0.9691, 0.0351, 0.2314,  ..., 0.8243, 0.1938, 0.9498],
          [0.7873, 0.5252, 0.5119,  ..., 0.5085, 0.4993, 0.2414]]]])
