tensor([[[[8.4576e-01, 9.3951e-01, 2.9770e-01,  ..., 6.1482e-01,
           4.1947e-01, 9.6543e-01],
          [8.0349e-02, 2.5571e-01, 5.2471e-02,  ..., 9.8391e-01,
           1.3404e-01, 9.3681e-01],
          [6.6016e-01, 9.3667e-01, 2.3089e-01,  ..., 4.0885e-01,
           7.8422e-01, 9.5245e-01],
          ...,
          [4.6840e-01, 2.9410e-01, 7.8787e-02,  ..., 7.1542e-01,
           9.9365e-01, 7.8246e-01],
          [5.6429e-01, 4.5255e-01, 5.7427e-01,  ..., 9.8919e-01,
           1.1553e-01, 5.2754e-01],
          [9.2212e-01, 1.1105e-01, 7.9666e-01,  ..., 7.3744e-01,
           8.3757e-01, 8.5067e-02]],

         [[2.1345e-01, 6.1466e-01, 3.0447e-01,  ..., 8.6028e-01,
           1.1154e-01, 4.6943e-01],
          [1.5631e-01, 2.4332e-01, 2.3402e-01,  ..., 7.7987e-01,
           4.7749e-01, 6.3500e-02],
          [6.3644e-01, 9.5941e-01, 3.8625e-01,  ..., 9.8525e-01,
           2.9296e-01, 6.0535e-01],
          ...,
          [6.5769e-01, 6.5642e-01, 5.0822e-01,  ..., 7.6542e-01,
           6.2131e-03, 4.3510e-02],
          [2.1094e-01, 4.3992e-01, 4.1170e-01,  ..., 3.0249e-01,
           5.5329e-01, 5.1833e-01],
          [7.1583e-01, 8.8965e-01, 9.6809e-01,  ..., 5.8888e-01,
           4.5233e-01, 2.3662e-01]],

         [[7.3347e-01, 7.3813e-01, 8.4565e-01,  ..., 3.0996e-01,
           1.5367e-01, 3.6487e-01],
          [5.7733e-01, 5.0918e-01, 6.2869e-01,  ..., 6.7337e-01,
           3.7949e-02, 6.4255e-01],
          [7.8443e-01, 6.0091e-01, 4.8530e-01,  ..., 5.1936e-02,
           7.1199e-01, 1.5070e-01],
          ...,
          [3.4163e-01, 5.0769e-01, 7.5850e-01,  ..., 8.3385e-01,
           3.2768e-01, 6.8604e-01],
          [9.7109e-01, 7.5082e-02, 4.9561e-01,  ..., 1.5736e-01,
           6.5572e-01, 9.2937e-01],
          [7.1640e-01, 3.9105e-01, 6.9023e-01,  ..., 8.1541e-01,
           7.0386e-01, 2.4891e-01]],

         ...,

         [[5.2374e-01, 2.9894e-01, 2.9453e-01,  ..., 3.6723e-01,
           6.5518e-01, 7.0577e-01],
          [7.1329e-01, 2.5782e-01, 6.9305e-01,  ..., 9.1785e-02,
           6.1136e-01, 2.5537e-01],
          [7.5473e-01, 2.4297e-01, 1.5389e-01,  ..., 1.6199e-01,
           7.0183e-01, 2.2379e-01],
          ...,
          [2.6785e-02, 3.1424e-01, 4.8683e-02,  ..., 3.4698e-01,
           5.9330e-01, 7.7707e-01],
          [5.0534e-01, 8.6232e-01, 3.9434e-01,  ..., 8.3517e-01,
           2.3438e-01, 1.2039e-01],
          [2.7706e-02, 7.9336e-01, 2.5399e-01,  ..., 7.3172e-01,
           7.7002e-01, 5.7131e-01]],

         [[3.6994e-01, 4.3602e-02, 8.1675e-01,  ..., 5.9213e-01,
           5.9180e-01, 4.6874e-01],
          [6.8792e-01, 6.3895e-01, 4.2324e-01,  ..., 1.2149e-01,
           9.0067e-01, 8.0448e-01],
          [2.3059e-01, 6.8282e-01, 3.1160e-02,  ..., 9.7148e-01,
           5.2219e-01, 3.4473e-01],
          ...,
          [7.3987e-01, 4.6898e-01, 6.6022e-01,  ..., 5.4078e-01,
           2.7743e-01, 8.1757e-01],
          [2.6591e-01, 3.6163e-01, 3.9181e-01,  ..., 5.6518e-01,
           2.0791e-01, 6.3233e-01],
          [6.3465e-01, 4.8028e-01, 1.3350e-01,  ..., 5.8973e-01,
           4.7575e-01, 4.0198e-01]],

         [[5.0622e-01, 1.4264e-01, 4.8541e-02,  ..., 1.0177e-02,
           2.4120e-01, 5.3815e-01],
          [7.8274e-01, 6.7367e-01, 5.9087e-01,  ..., 4.3589e-01,
           5.2099e-01, 7.6172e-01],
          [4.6903e-01, 2.4589e-01, 7.6747e-01,  ..., 6.6098e-01,
           8.9285e-01, 8.4153e-01],
          ...,
          [7.9690e-01, 2.2124e-01, 3.7649e-01,  ..., 8.5044e-01,
           4.0811e-01, 2.5576e-01],
          [2.9865e-01, 4.1627e-01, 5.2202e-01,  ..., 5.7029e-01,
           4.0863e-01, 2.3885e-01],
          [5.3013e-01, 4.9518e-01, 4.1329e-01,  ..., 5.2312e-01,
           4.0493e-01, 2.2395e-01]]],


        [[[2.5894e-02, 1.2548e-01, 1.0724e-01,  ..., 6.2317e-01,
           1.5128e-01, 9.5965e-01],
          [2.7606e-01, 4.8764e-01, 8.2520e-01,  ..., 9.6108e-01,
           2.7507e-01, 1.7590e-01],
          [7.0278e-01, 5.0572e-01, 8.0224e-01,  ..., 1.0072e-01,
           4.9889e-01, 5.8222e-02],
          ...,
          [9.0717e-01, 1.1218e-01, 5.0612e-01,  ..., 1.0163e-01,
           3.8891e-01, 4.0579e-01],
          [5.1398e-01, 3.1491e-01, 8.0202e-01,  ..., 9.3148e-01,
           4.3685e-01, 3.0782e-01],
          [7.9787e-01, 8.3936e-01, 2.2012e-01,  ..., 4.8938e-01,
           7.6621e-01, 4.6702e-01]],

         [[9.3775e-02, 2.0469e-02, 9.7767e-01,  ..., 1.2441e-01,
           9.7525e-01, 1.6328e-01],
          [4.7199e-01, 1.8871e-01, 9.5909e-01,  ..., 6.5207e-05,
           5.2629e-01, 2.6051e-01],
          [3.0784e-01, 2.2139e-01, 1.5160e-01,  ..., 8.6545e-01,
           4.8548e-01, 1.2192e-01],
          ...,
          [5.2101e-01, 9.7743e-01, 4.7007e-01,  ..., 2.9211e-01,
           1.3259e-01, 3.6245e-01],
          [5.8977e-01, 4.9760e-01, 7.3673e-01,  ..., 6.0703e-01,
           8.5355e-01, 7.3189e-01],
          [3.4311e-01, 1.4068e-01, 9.3471e-01,  ..., 8.7288e-01,
           3.6205e-01, 6.3741e-02]],

         [[6.6154e-01, 9.8233e-01, 3.4839e-01,  ..., 9.4036e-01,
           7.5325e-01, 7.1641e-01],
          [5.6343e-01, 3.4132e-01, 3.6080e-01,  ..., 2.6119e-01,
           1.1775e-01, 5.3941e-01],
          [7.5532e-01, 1.7680e-01, 9.3066e-02,  ..., 5.5602e-01,
           5.3775e-02, 7.6757e-01],
          ...,
          [5.7834e-01, 9.6408e-01, 3.9263e-02,  ..., 4.0601e-01,
           4.2393e-02, 2.1894e-01],
          [6.4926e-01, 6.8693e-01, 8.1858e-01,  ..., 3.2964e-01,
           7.4569e-01, 3.9302e-01],
          [7.4386e-01, 2.8914e-01, 4.2011e-01,  ..., 3.8171e-02,
           2.8919e-01, 2.2556e-01]],

         ...,

         [[1.3616e-01, 9.3649e-01, 1.8874e-01,  ..., 5.2720e-01,
           9.9705e-01, 3.0681e-01],
          [6.9038e-01, 2.4527e-01, 6.9141e-01,  ..., 2.8864e-01,
           8.4030e-01, 4.7680e-01],
          [1.8146e-01, 3.3578e-01, 9.0143e-01,  ..., 5.8085e-01,
           4.4249e-01, 8.6802e-01],
          ...,
          [4.6616e-01, 1.4542e-01, 5.7440e-01,  ..., 1.9091e-03,
           3.4297e-01, 6.3196e-01],
          [9.4325e-01, 3.2179e-01, 3.7184e-01,  ..., 3.9112e-01,
           6.8470e-01, 5.7361e-01],
          [6.9999e-01, 8.2152e-01, 2.2374e-01,  ..., 7.4860e-01,
           2.3550e-01, 1.4276e-01]],

         [[3.3903e-02, 6.9269e-01, 9.1277e-01,  ..., 3.4045e-01,
           3.1329e-01, 1.7477e-01],
          [3.8524e-01, 6.0256e-01, 6.4102e-01,  ..., 7.4973e-01,
           4.1985e-01, 8.0630e-01],
          [3.8729e-01, 3.9027e-01, 1.3895e-01,  ..., 6.9253e-01,
           3.1355e-01, 5.3345e-01],
          ...,
          [7.3838e-01, 8.0879e-01, 1.8211e-01,  ..., 1.7607e-01,
           3.6546e-02, 7.7569e-01],
          [8.2955e-01, 2.0208e-01, 4.6869e-01,  ..., 8.8678e-01,
           5.5024e-01, 6.0194e-02],
          [5.5839e-01, 9.7143e-01, 4.5254e-01,  ..., 8.2196e-01,
           1.2390e-01, 6.6319e-01]],

         [[7.2820e-01, 2.2470e-02, 9.6838e-01,  ..., 9.9189e-01,
           5.0370e-01, 3.8651e-01],
          [1.6356e-01, 3.2236e-01, 7.6874e-01,  ..., 3.9369e-01,
           5.1952e-01, 7.5883e-01],
          [8.5624e-01, 4.6439e-01, 8.9075e-01,  ..., 5.5378e-01,
           9.9064e-01, 4.2968e-01],
          ...,
          [5.0387e-01, 3.4668e-01, 8.9046e-01,  ..., 5.2152e-01,
           4.4908e-01, 2.1414e-01],
          [8.1264e-02, 1.8296e-01, 6.7199e-01,  ..., 6.2309e-01,
           7.5806e-02, 1.7465e-01],
          [5.8604e-01, 9.2961e-01, 7.2910e-01,  ..., 3.7345e-01,
           4.7106e-01, 6.3028e-01]]],


        [[[6.9087e-01, 3.1440e-01, 7.6597e-02,  ..., 9.2037e-01,
           4.3128e-01, 2.3539e-01],
          [9.6736e-01, 5.7611e-01, 6.4411e-01,  ..., 6.4191e-01,
           7.4034e-01, 6.4379e-01],
          [5.2148e-01, 8.6564e-01, 7.8822e-01,  ..., 8.0118e-01,
           5.8236e-01, 8.7282e-01],
          ...,
          [1.9373e-01, 2.5185e-01, 9.3680e-01,  ..., 1.0122e-01,
           6.8027e-01, 8.7994e-01],
          [4.3856e-01, 9.1318e-01, 9.2005e-02,  ..., 7.1243e-02,
           3.1766e-01, 6.8495e-01],
          [9.4815e-01, 4.0292e-01, 4.1528e-01,  ..., 2.6969e-01,
           7.6316e-01, 3.4312e-01]],

         [[1.0263e-01, 2.4855e-01, 3.1627e-01,  ..., 8.7255e-01,
           7.6322e-02, 7.6654e-01],
          [6.0199e-01, 3.8511e-01, 9.3536e-03,  ..., 7.3260e-01,
           4.5235e-01, 6.6650e-01],
          [2.8838e-01, 3.1056e-01, 8.4533e-01,  ..., 4.2007e-01,
           7.9726e-01, 4.3317e-01],
          ...,
          [6.4919e-01, 2.6791e-01, 3.6087e-01,  ..., 6.4965e-01,
           1.6653e-01, 4.5795e-01],
          [1.6407e-01, 7.7799e-01, 8.1594e-01,  ..., 5.9319e-01,
           5.1467e-01, 8.5735e-02],
          [9.4031e-01, 2.9669e-01, 3.8101e-01,  ..., 2.2205e-01,
           3.7583e-02, 6.2788e-01]],

         [[9.8299e-01, 8.1173e-01, 7.8834e-01,  ..., 3.5272e-01,
           6.1544e-01, 9.5126e-01],
          [6.3769e-01, 9.2624e-01, 8.2212e-01,  ..., 1.1028e-01,
           4.9206e-01, 8.6076e-01],
          [5.7816e-01, 2.1228e-01, 5.1979e-01,  ..., 9.7671e-01,
           4.9390e-01, 1.3555e-01],
          ...,
          [6.3680e-01, 2.6219e-01, 7.4545e-01,  ..., 5.1220e-01,
           4.8235e-01, 4.2964e-01],
          [8.6830e-01, 4.4936e-02, 3.2322e-01,  ..., 1.4769e-01,
           3.6635e-01, 4.7597e-01],
          [9.7917e-01, 1.2806e-01, 6.0896e-01,  ..., 2.9324e-01,
           2.1814e-01, 5.4382e-01]],

         ...,

         [[4.9704e-01, 5.3800e-01, 1.1184e-01,  ..., 9.1377e-01,
           3.3191e-01, 8.5045e-01],
          [8.9669e-01, 2.7925e-01, 2.4391e-01,  ..., 3.3590e-01,
           9.0475e-01, 1.1012e-01],
          [4.6771e-01, 1.6346e-01, 3.2240e-01,  ..., 7.5159e-01,
           9.1160e-01, 1.4694e-01],
          ...,
          [3.4360e-01, 8.6622e-01, 4.8054e-01,  ..., 1.1968e-01,
           1.5844e-01, 6.1421e-01],
          [1.5022e-01, 4.9553e-01, 5.3921e-01,  ..., 8.9120e-01,
           6.3410e-01, 7.3127e-01],
          [2.4983e-01, 9.9144e-01, 7.7076e-01,  ..., 3.4856e-02,
           5.5757e-01, 6.7726e-01]],

         [[6.1920e-01, 1.3427e-01, 9.5946e-01,  ..., 3.5061e-01,
           8.1166e-02, 3.6763e-01],
          [8.5786e-01, 7.7327e-01, 1.9824e-01,  ..., 6.0925e-01,
           8.0795e-01, 3.3828e-01],
          [6.2014e-01, 2.1081e-02, 4.7139e-01,  ..., 2.1928e-01,
           8.4437e-01, 7.9689e-01],
          ...,
          [1.3128e-01, 2.2474e-02, 2.0447e-01,  ..., 7.0090e-01,
           1.3695e-01, 6.3749e-01],
          [1.8763e-01, 5.0328e-01, 6.0919e-01,  ..., 6.0369e-01,
           4.8367e-01, 7.2664e-01],
          [8.7640e-01, 6.9849e-01, 1.9478e-01,  ..., 2.1852e-01,
           8.2069e-01, 6.4268e-01]],

         [[8.7165e-01, 7.4630e-01, 2.5381e-01,  ..., 3.3420e-01,
           4.2275e-01, 5.4654e-01],
          [8.3172e-01, 6.4788e-01, 2.3872e-01,  ..., 7.8463e-01,
           6.8722e-01, 5.4553e-01],
          [2.2161e-02, 1.7031e-01, 3.6089e-01,  ..., 8.1849e-01,
           4.2873e-01, 4.4638e-02],
          ...,
          [7.7762e-01, 8.6937e-01, 8.0234e-02,  ..., 6.4746e-01,
           2.5788e-01, 6.2190e-03],
          [4.9368e-01, 7.2340e-01, 9.2575e-01,  ..., 9.8212e-01,
           8.8019e-01, 7.8386e-01],
          [4.1349e-01, 2.9407e-01, 3.8326e-01,  ..., 2.9319e-01,
           7.1496e-01, 2.5767e-01]]],


        ...,


        [[[2.2263e-01, 2.3267e-01, 4.9719e-02,  ..., 8.0647e-01,
           4.4197e-01, 1.4346e-01],
          [1.8766e-01, 5.6696e-01, 9.1281e-01,  ..., 6.7623e-01,
           4.1891e-01, 2.0282e-01],
          [2.8478e-01, 6.4157e-01, 2.8117e-02,  ..., 5.6772e-02,
           9.6994e-01, 9.4740e-01],
          ...,
          [3.4336e-01, 8.2186e-01, 8.3254e-01,  ..., 4.0438e-01,
           1.1883e-01, 1.4248e-01],
          [9.0830e-01, 5.5502e-01, 3.6663e-01,  ..., 1.1892e-01,
           8.2161e-02, 2.0363e-01],
          [3.7610e-01, 4.5814e-01, 4.5635e-01,  ..., 9.9251e-01,
           3.9952e-01, 1.9074e-01]],

         [[1.8649e-01, 4.0570e-01, 2.3151e-01,  ..., 2.5054e-01,
           1.8766e-01, 9.7632e-01],
          [7.8720e-01, 1.6270e-01, 9.7198e-01,  ..., 7.5955e-01,
           1.3380e-01, 9.8273e-01],
          [6.5814e-01, 7.4297e-01, 5.6150e-01,  ..., 6.2199e-01,
           2.1260e-02, 5.5438e-01],
          ...,
          [5.8115e-01, 9.2892e-01, 1.2651e-01,  ..., 9.5267e-01,
           9.6969e-01, 6.5048e-01],
          [5.2429e-01, 3.1333e-01, 7.4034e-01,  ..., 9.3277e-01,
           6.0669e-01, 9.3390e-01],
          [5.4984e-01, 9.9018e-03, 4.7844e-01,  ..., 9.2557e-01,
           4.3875e-01, 1.0042e-01]],

         [[9.5535e-01, 7.0478e-01, 4.8914e-01,  ..., 5.7229e-01,
           3.7874e-01, 4.3410e-01],
          [1.5645e-01, 6.7918e-01, 1.6903e-01,  ..., 7.5529e-01,
           1.8196e-01, 7.8811e-01],
          [6.4691e-01, 9.2596e-01, 5.2080e-01,  ..., 3.1466e-01,
           4.5099e-01, 3.0321e-01],
          ...,
          [3.1712e-01, 1.4767e-01, 9.1471e-02,  ..., 3.1558e-01,
           5.4737e-01, 5.6596e-01],
          [5.9923e-02, 9.5276e-01, 4.5460e-01,  ..., 8.4792e-01,
           2.4202e-01, 3.3912e-01],
          [2.4701e-01, 7.8929e-02, 6.4684e-01,  ..., 9.7886e-01,
           8.8919e-02, 3.5152e-02]],

         ...,

         [[1.7556e-01, 6.8599e-01, 5.4910e-01,  ..., 4.1836e-02,
           2.0037e-01, 2.9062e-01],
          [3.7243e-01, 2.0757e-01, 6.2738e-01,  ..., 9.5537e-01,
           7.5710e-02, 5.5713e-01],
          [8.8663e-02, 1.5916e-01, 5.7272e-01,  ..., 4.2117e-01,
           9.3434e-01, 1.0822e-01],
          ...,
          [1.4199e-01, 8.5481e-01, 8.8310e-01,  ..., 4.0145e-01,
           5.2379e-01, 3.1981e-01],
          [3.2850e-01, 7.5190e-01, 1.0071e-01,  ..., 4.5244e-01,
           1.0832e-01, 3.0588e-01],
          [7.9518e-01, 3.9864e-01, 6.1788e-01,  ..., 5.2807e-01,
           5.8323e-01, 4.5962e-01]],

         [[7.7782e-01, 1.9960e-01, 4.9630e-01,  ..., 9.2106e-01,
           6.0255e-01, 2.1948e-01],
          [2.2413e-01, 4.4545e-01, 8.5989e-01,  ..., 8.7400e-01,
           8.3656e-01, 8.6179e-01],
          [2.4490e-02, 5.0348e-01, 9.8750e-01,  ..., 3.6476e-01,
           3.3239e-01, 1.8346e-01],
          ...,
          [6.5600e-01, 1.5049e-01, 6.6577e-01,  ..., 1.9180e-01,
           1.3972e-01, 7.5729e-01],
          [2.0780e-01, 9.6410e-01, 1.5603e-01,  ..., 1.6350e-01,
           3.6912e-01, 9.8436e-01],
          [6.7175e-01, 9.6232e-01, 1.3625e-01,  ..., 8.9089e-01,
           1.4369e-01, 4.2823e-01]],

         [[3.2009e-01, 8.5722e-01, 5.7091e-02,  ..., 2.7205e-01,
           8.7427e-01, 7.1802e-01],
          [5.5107e-02, 6.8887e-02, 7.1760e-01,  ..., 8.6426e-01,
           5.9133e-01, 3.2636e-01],
          [5.1077e-01, 3.8619e-01, 9.5620e-01,  ..., 9.0796e-01,
           5.6603e-01, 7.3406e-01],
          ...,
          [2.9740e-01, 9.3089e-01, 1.1569e-01,  ..., 8.2148e-01,
           6.0890e-01, 1.7319e-01],
          [7.7733e-01, 3.7794e-01, 1.9009e-01,  ..., 8.9248e-01,
           3.1859e-01, 7.9209e-01],
          [1.0295e-01, 6.8897e-01, 1.4654e-01,  ..., 2.5471e-01,
           3.8800e-01, 4.1125e-01]]],


        [[[8.0268e-01, 3.1723e-01, 8.2563e-01,  ..., 2.0065e-02,
           5.8779e-03, 5.3832e-01],
          [5.6209e-01, 7.6872e-01, 1.3610e-01,  ..., 1.5316e-01,
           7.6428e-02, 3.8838e-01],
          [5.3456e-01, 1.0599e-01, 1.6360e-01,  ..., 7.5599e-01,
           3.1541e-01, 4.4389e-01],
          ...,
          [5.4554e-01, 7.7574e-01, 6.6322e-01,  ..., 7.9211e-01,
           5.8270e-01, 3.7156e-01],
          [5.1650e-01, 3.5068e-01, 3.4012e-01,  ..., 4.1766e-01,
           4.5067e-01, 7.1442e-01],
          [9.9568e-02, 2.4121e-01, 6.2814e-01,  ..., 7.9769e-01,
           4.4097e-02, 9.7703e-01]],

         [[6.7227e-01, 6.6594e-01, 4.8820e-02,  ..., 7.2177e-01,
           3.6956e-01, 2.4601e-01],
          [3.9440e-01, 5.5017e-01, 3.1241e-01,  ..., 1.2580e-01,
           7.0055e-01, 8.8192e-01],
          [3.9301e-01, 5.1273e-01, 3.4316e-01,  ..., 5.0307e-01,
           8.2251e-01, 7.2657e-01],
          ...,
          [2.2031e-01, 2.0207e-01, 2.1229e-01,  ..., 4.1035e-02,
           2.3408e-01, 9.1884e-01],
          [1.9705e-01, 6.0214e-01, 5.4727e-01,  ..., 7.6681e-01,
           6.0021e-01, 9.8938e-01],
          [8.4449e-02, 8.4723e-01, 2.1670e-01,  ..., 6.1914e-01,
           5.7498e-01, 3.4792e-02]],

         [[4.0254e-01, 3.9062e-01, 4.7758e-01,  ..., 1.5769e-01,
           1.0582e-01, 6.4527e-01],
          [4.4999e-01, 6.5749e-01, 7.8728e-02,  ..., 9.7987e-01,
           9.6918e-01, 4.6175e-01],
          [5.0602e-01, 9.8304e-01, 3.0414e-01,  ..., 4.6586e-01,
           1.1400e-01, 3.6197e-01],
          ...,
          [4.0829e-01, 9.4091e-01, 3.5842e-01,  ..., 1.4841e-01,
           9.7544e-03, 1.8927e-01],
          [1.8401e-01, 6.1836e-01, 8.9326e-03,  ..., 1.6456e-01,
           2.1030e-01, 9.3902e-01],
          [9.6699e-01, 1.6508e-01, 2.0984e-01,  ..., 3.6190e-01,
           7.9326e-01, 8.3362e-01]],

         ...,

         [[6.6638e-01, 8.8982e-01, 7.6393e-01,  ..., 8.8547e-01,
           6.0694e-01, 7.8119e-01],
          [3.8060e-01, 5.7727e-01, 9.2190e-02,  ..., 3.9138e-01,
           9.6794e-01, 2.8163e-01],
          [5.0982e-01, 1.2101e-01, 9.6619e-01,  ..., 1.8289e-01,
           5.9513e-01, 4.2937e-01],
          ...,
          [2.0504e-01, 5.4156e-01, 8.8230e-01,  ..., 7.9734e-01,
           2.8474e-01, 1.4825e-01],
          [6.3462e-01, 5.6695e-01, 6.8034e-01,  ..., 1.4467e-01,
           2.8786e-01, 7.9285e-01],
          [3.1639e-02, 6.4107e-01, 3.1965e-01,  ..., 1.1593e-01,
           4.2303e-02, 2.1462e-01]],

         [[4.5940e-01, 8.9049e-01, 7.9240e-01,  ..., 5.4268e-01,
           6.3184e-01, 2.9348e-01],
          [6.6616e-01, 4.2880e-01, 5.3209e-01,  ..., 2.6535e-01,
           4.1989e-01, 2.6348e-01],
          [9.8584e-01, 7.5653e-01, 4.0403e-02,  ..., 9.4890e-02,
           6.8865e-02, 7.3443e-01],
          ...,
          [1.9303e-01, 8.7941e-01, 9.7851e-01,  ..., 2.3901e-01,
           6.0455e-01, 2.8401e-01],
          [3.2523e-01, 2.6910e-01, 7.3766e-01,  ..., 4.9376e-01,
           4.1172e-01, 3.6501e-01],
          [1.8593e-01, 3.6069e-01, 8.1482e-01,  ..., 5.6783e-01,
           9.4592e-01, 1.0895e-01]],

         [[1.0430e-01, 4.0861e-01, 2.2115e-01,  ..., 4.5129e-02,
           3.5298e-01, 4.0043e-01],
          [8.8729e-01, 5.9338e-02, 5.2122e-01,  ..., 6.0988e-01,
           2.1286e-01, 8.3056e-01],
          [3.3312e-01, 7.8222e-01, 7.0703e-01,  ..., 3.4593e-02,
           1.1661e-01, 9.4011e-01],
          ...,
          [4.8135e-02, 7.8147e-01, 5.0606e-01,  ..., 5.4662e-01,
           8.1151e-01, 3.9977e-01],
          [6.1161e-02, 4.7753e-01, 5.7046e-02,  ..., 7.4210e-01,
           7.0301e-01, 8.0710e-01],
          [1.1692e-01, 3.8943e-01, 8.3590e-01,  ..., 8.4285e-01,
           7.1688e-01, 1.7441e-01]]],


        [[[4.4847e-01, 1.8221e-01, 2.7040e-02,  ..., 4.7088e-01,
           2.3593e-01, 6.5294e-01],
          [5.6269e-01, 4.2065e-01, 9.3175e-01,  ..., 2.8548e-01,
           7.8653e-01, 6.1050e-01],
          [3.9723e-01, 9.0378e-01, 3.9356e-01,  ..., 1.3428e-02,
           1.4119e-01, 5.4097e-01],
          ...,
          [6.5021e-01, 6.1455e-01, 5.4316e-01,  ..., 6.5457e-01,
           8.3964e-02, 8.1183e-01],
          [7.7783e-02, 7.2238e-01, 8.2300e-01,  ..., 8.5223e-01,
           1.1955e-01, 6.1952e-01],
          [2.7459e-01, 6.0228e-01, 6.5542e-01,  ..., 7.2171e-01,
           6.6253e-01, 1.8831e-01]],

         [[7.4959e-01, 2.7253e-01, 6.2467e-01,  ..., 9.2874e-01,
           2.5499e-01, 8.3631e-01],
          [6.6132e-01, 7.4407e-01, 9.8848e-01,  ..., 4.0746e-01,
           2.1989e-01, 9.2478e-01],
          [3.1570e-01, 1.2832e-01, 4.5755e-01,  ..., 8.1171e-01,
           7.5919e-02, 5.9378e-02],
          ...,
          [1.3281e-01, 2.2660e-01, 4.2908e-01,  ..., 3.9156e-01,
           1.4527e-01, 1.4321e-01],
          [2.7297e-01, 4.8116e-01, 5.0922e-01,  ..., 2.6874e-01,
           8.9496e-01, 4.0385e-01],
          [6.1244e-01, 3.4804e-01, 7.1153e-01,  ..., 6.2941e-01,
           5.2593e-01, 9.9493e-01]],

         [[3.7248e-02, 7.7706e-01, 2.2364e-02,  ..., 1.1520e-01,
           1.7341e-01, 1.8326e-01],
          [4.9641e-01, 9.8775e-01, 4.1098e-02,  ..., 2.9804e-01,
           3.9164e-01, 5.2371e-01],
          [1.4839e-01, 8.4014e-01, 3.7330e-01,  ..., 6.5047e-01,
           2.1329e-01, 9.6643e-01],
          ...,
          [9.9298e-01, 5.5256e-01, 2.4047e-01,  ..., 6.6059e-01,
           3.0926e-01, 2.5137e-01],
          [2.8853e-01, 1.9378e-01, 7.9368e-01,  ..., 9.4136e-01,
           9.8941e-01, 1.8070e-01],
          [2.5936e-01, 5.8171e-01, 5.1081e-01,  ..., 7.2784e-01,
           4.8668e-01, 1.2813e-02]],

         ...,

         [[3.9573e-01, 5.9054e-02, 7.5425e-01,  ..., 9.4400e-02,
           6.4898e-01, 7.1731e-01],
          [1.1134e-01, 1.3221e-01, 1.3244e-02,  ..., 1.3283e-01,
           6.8690e-01, 5.5111e-01],
          [7.4734e-01, 3.4292e-01, 2.9932e-01,  ..., 3.9695e-01,
           7.3488e-01, 3.1663e-01],
          ...,
          [8.7708e-01, 7.8244e-01, 5.3369e-01,  ..., 3.8768e-01,
           9.9417e-01, 4.5473e-01],
          [2.5192e-01, 4.3561e-01, 4.6405e-02,  ..., 6.9223e-02,
           7.1164e-01, 6.9593e-01],
          [2.0675e-01, 2.9079e-01, 4.8735e-01,  ..., 9.9066e-03,
           3.5642e-01, 9.1336e-01]],

         [[3.5955e-01, 5.8324e-01, 4.1062e-01,  ..., 9.9713e-02,
           8.2233e-01, 7.5090e-01],
          [6.3823e-01, 3.8968e-01, 6.1744e-01,  ..., 9.8866e-01,
           1.0150e-01, 3.2829e-01],
          [9.6183e-01, 8.1045e-01, 1.6339e-01,  ..., 3.5579e-01,
           8.6914e-01, 6.2381e-01],
          ...,
          [4.3088e-01, 6.5204e-01, 2.5262e-01,  ..., 5.2669e-01,
           7.9918e-01, 9.7823e-01],
          [3.8476e-01, 2.1326e-01, 9.1563e-02,  ..., 8.3575e-01,
           7.3923e-01, 1.9316e-01],
          [9.4044e-01, 9.9544e-01, 6.7403e-01,  ..., 8.5964e-01,
           2.2573e-01, 8.5236e-01]],

         [[1.8524e-01, 5.9704e-01, 5.5483e-02,  ..., 6.0280e-01,
           8.9796e-02, 6.7386e-01],
          [3.0875e-01, 5.6546e-02, 1.5188e-01,  ..., 8.9408e-01,
           2.2313e-01, 1.6185e-01],
          [1.9788e-01, 8.0058e-01, 3.3861e-01,  ..., 7.1720e-01,
           3.1040e-01, 7.2784e-01],
          ...,
          [3.2559e-02, 5.0589e-01, 9.7249e-01,  ..., 6.4916e-01,
           6.9363e-01, 3.2090e-01],
          [3.9374e-01, 6.5801e-02, 7.4267e-01,  ..., 6.1150e-02,
           8.8987e-01, 2.8144e-02],
          [1.6099e-02, 4.6058e-01, 8.7644e-01,  ..., 4.2457e-01,
           1.4769e-01, 8.4548e-01]]]])
