tensor([[[[0.3009, 0.9945, 0.8896,  ..., 0.8622, 0.9816, 0.8933],
          [0.5902, 0.4622, 0.5852,  ..., 0.9254, 0.4639, 0.6939],
          [0.7429, 0.6737, 0.4809,  ..., 0.9404, 0.4687, 0.3267],
          ...,
          [0.8715, 0.2498, 0.4297,  ..., 0.5467, 0.7476, 0.0830],
          [0.5657, 0.7404, 0.4710,  ..., 0.5169, 0.9818, 0.5812],
          [0.6934, 0.1003, 0.1254,  ..., 0.4773, 0.0914, 0.5824]],

         [[0.3340, 0.1775, 0.5672,  ..., 0.4154, 0.0615, 0.4203],
          [0.6374, 0.8448, 0.3416,  ..., 0.2781, 0.2066, 0.3908],
          [0.8806, 0.8612, 0.5224,  ..., 0.0063, 0.2637, 0.9417],
          ...,
          [0.6146, 0.8684, 0.5457,  ..., 0.5154, 0.5555, 0.3557],
          [0.7397, 0.6197, 0.3626,  ..., 0.4542, 0.6399, 0.8834],
          [0.1439, 0.4663, 0.6877,  ..., 0.5076, 0.5777, 0.9919]],

         [[0.8350, 0.5860, 0.4143,  ..., 0.0186, 0.2577, 0.5465],
          [0.9188, 0.4004, 0.1861,  ..., 0.0509, 0.3106, 0.5216],
          [0.9241, 0.5438, 0.8563,  ..., 0.4183, 0.9072, 0.1944],
          ...,
          [0.5184, 0.4381, 0.5062,  ..., 0.0603, 0.4692, 0.9929],
          [0.5947, 0.6373, 0.0963,  ..., 0.0497, 0.4584, 0.1951],
          [0.2686, 0.4532, 0.9988,  ..., 0.6236, 0.9225, 0.9114]],

         ...,

         [[0.4207, 0.0825, 0.9785,  ..., 0.5856, 0.5847, 0.6044],
          [0.6520, 0.0886, 0.7435,  ..., 0.8523, 0.6133, 0.1036],
          [0.1021, 0.6145, 0.8399,  ..., 0.5800, 0.1619, 0.0805],
          ...,
          [0.0690, 0.0206, 0.9582,  ..., 0.9058, 0.0584, 0.9932],
          [0.4974, 0.4773, 0.5486,  ..., 0.6211, 0.0195, 0.2125],
          [0.9810, 0.0517, 0.6031,  ..., 0.4575, 0.8316, 0.6195]],

         [[0.6401, 0.8267, 0.1898,  ..., 0.9285, 0.6877, 0.0883],
          [0.2295, 0.9536, 0.4446,  ..., 0.6376, 0.7544, 0.4370],
          [0.6077, 0.8138, 0.4204,  ..., 0.2955, 0.3004, 0.6848],
          ...,
          [0.6183, 0.9921, 0.3796,  ..., 0.5745, 0.9995, 0.8764],
          [0.6367, 0.8655, 0.6409,  ..., 0.9841, 0.3866, 0.5187],
          [0.3857, 0.3461, 0.9880,  ..., 0.0356, 0.5133, 0.2815]],

         [[0.1128, 0.6755, 0.5301,  ..., 0.4727, 0.4772, 0.0816],
          [0.3279, 0.9764, 0.3375,  ..., 0.1943, 0.5712, 0.3739],
          [0.6971, 0.6307, 0.7528,  ..., 0.9192, 0.9905, 0.1757],
          ...,
          [0.6991, 0.1979, 0.7908,  ..., 0.0197, 0.1795, 0.4084],
          [0.5427, 0.9546, 0.6693,  ..., 0.9966, 0.7517, 0.4243],
          [0.0654, 0.7814, 0.8088,  ..., 0.1100, 0.8134, 0.4631]]],


        [[[0.7936, 0.9636, 0.1497,  ..., 0.2364, 0.8586, 0.6805],
          [0.1345, 0.5519, 0.8656,  ..., 0.3202, 0.1964, 0.1168],
          [0.4023, 0.9334, 0.9108,  ..., 0.4448, 0.1834, 0.6977],
          ...,
          [0.3804, 0.9213, 0.4829,  ..., 0.7876, 0.2411, 0.7479],
          [0.7611, 0.5450, 0.4226,  ..., 0.7937, 0.7637, 0.3348],
          [0.3932, 0.8806, 0.5942,  ..., 0.4175, 0.9243, 0.2270]],

         [[0.2440, 0.4821, 0.6057,  ..., 0.1444, 0.3308, 0.7480],
          [0.9400, 0.2387, 0.8624,  ..., 0.8733, 0.6966, 0.9687],
          [0.9704, 0.9042, 0.9987,  ..., 0.7705, 0.8717, 0.5358],
          ...,
          [0.1779, 0.8468, 0.9879,  ..., 0.0718, 0.1633, 0.0410],
          [0.1693, 0.8198, 0.3520,  ..., 0.3867, 0.9515, 0.7380],
          [0.4574, 0.6051, 0.0061,  ..., 0.8178, 0.7605, 0.1443]],

         [[0.2731, 0.9890, 0.4962,  ..., 0.7527, 0.5412, 0.1591],
          [0.2029, 0.7867, 0.4573,  ..., 0.6741, 0.6798, 0.6004],
          [0.5668, 0.7708, 0.9509,  ..., 0.7722, 0.9029, 0.2235],
          ...,
          [0.5173, 0.3224, 0.5577,  ..., 0.1662, 0.3098, 0.3491],
          [0.1807, 0.6974, 0.0666,  ..., 0.5716, 0.6933, 0.0087],
          [0.3890, 0.5398, 0.7709,  ..., 0.8442, 0.5916, 0.7666]],

         ...,

         [[0.6468, 0.8578, 0.0991,  ..., 0.1659, 0.4760, 0.9786],
          [0.1308, 0.8967, 0.5559,  ..., 0.0303, 0.2158, 0.5232],
          [0.0344, 0.2466, 0.2344,  ..., 0.7026, 0.0104, 0.3363],
          ...,
          [0.4294, 0.8310, 0.6322,  ..., 0.2044, 0.7931, 0.3570],
          [0.1663, 0.3781, 0.9326,  ..., 0.4325, 0.8135, 0.6182],
          [0.0024, 0.2647, 0.4605,  ..., 0.8501, 0.7102, 0.1672]],

         [[0.9404, 0.4543, 0.8880,  ..., 0.5708, 0.4885, 0.9927],
          [0.2571, 0.1195, 0.7234,  ..., 0.6129, 0.6707, 0.8572],
          [0.0639, 0.3757, 0.0152,  ..., 0.3983, 0.4877, 0.7617],
          ...,
          [0.0283, 0.0909, 0.3357,  ..., 0.3189, 0.4426, 0.8570],
          [0.2528, 0.1628, 0.8412,  ..., 0.0371, 0.8909, 0.2806],
          [0.5186, 0.7818, 0.5608,  ..., 0.0077, 0.2548, 0.2131]],

         [[0.2967, 0.2821, 0.5639,  ..., 0.8092, 0.2813, 0.5239],
          [0.4703, 0.8044, 0.8507,  ..., 0.2068, 0.4247, 0.6478],
          [0.4119, 0.9989, 0.0527,  ..., 0.2626, 0.4217, 0.0546],
          ...,
          [0.1425, 0.3710, 0.0862,  ..., 0.3801, 0.0332, 0.1502],
          [0.9394, 0.5242, 0.5024,  ..., 0.2681, 0.0095, 0.4337],
          [0.1834, 0.5648, 0.3997,  ..., 0.7994, 0.4390, 0.8811]]],


        [[[0.4794, 0.7620, 0.1266,  ..., 0.1209, 0.2579, 0.9760],
          [0.0079, 0.8993, 0.2843,  ..., 0.8496, 0.6894, 0.5158],
          [0.1200, 0.0342, 0.1097,  ..., 0.2156, 0.7809, 0.3860],
          ...,
          [0.6093, 0.2351, 0.4673,  ..., 0.7759, 0.9234, 0.5743],
          [0.6972, 0.1810, 0.1899,  ..., 0.5901, 0.7008, 0.0340],
          [0.0607, 0.9254, 0.2345,  ..., 0.3990, 0.7077, 0.2400]],

         [[0.2449, 0.4788, 0.5407,  ..., 0.4931, 0.3233, 0.0472],
          [0.1352, 0.6994, 0.2125,  ..., 0.7101, 0.7862, 0.9317],
          [0.0113, 0.0456, 0.1710,  ..., 0.2315, 0.2714, 0.2652],
          ...,
          [0.8425, 0.1188, 0.6605,  ..., 0.1190, 0.0110, 0.1471],
          [0.8367, 0.7297, 0.4206,  ..., 0.3935, 0.0816, 0.7997],
          [0.1119, 0.1106, 0.9081,  ..., 0.0801, 0.9258, 0.3037]],

         [[0.5350, 0.0950, 0.2160,  ..., 0.0155, 0.7203, 0.0999],
          [0.3169, 0.2043, 0.4476,  ..., 0.9660, 0.3951, 0.7093],
          [0.8804, 0.6817, 0.4097,  ..., 0.5946, 0.6300, 0.2093],
          ...,
          [0.9218, 0.4469, 0.3826,  ..., 0.4781, 0.0929, 0.1086],
          [0.4047, 0.7554, 0.0414,  ..., 0.4945, 0.3544, 0.0666],
          [0.9186, 0.2735, 0.0804,  ..., 0.1082, 0.1543, 0.1226]],

         ...,

         [[0.7699, 0.8872, 0.5339,  ..., 0.9010, 0.0238, 0.9692],
          [0.3267, 0.3846, 0.3372,  ..., 0.7564, 0.7233, 0.8323],
          [0.5163, 0.2153, 0.7462,  ..., 0.1128, 0.6525, 0.9035],
          ...,
          [0.9562, 0.0954, 0.6107,  ..., 0.6473, 0.2974, 0.4782],
          [0.5637, 0.7467, 0.5599,  ..., 0.8599, 0.3115, 0.1481],
          [0.3464, 0.8964, 0.1601,  ..., 0.0748, 0.9997, 0.5601]],

         [[0.5500, 0.2463, 0.9288,  ..., 0.7857, 0.1191, 0.8599],
          [0.9961, 0.0569, 0.4502,  ..., 0.7836, 0.0752, 0.7287],
          [0.1275, 0.4043, 0.0129,  ..., 0.4974, 0.8733, 0.8614],
          ...,
          [0.3392, 0.1955, 0.5618,  ..., 0.7138, 0.0991, 0.8890],
          [0.7898, 0.0284, 0.5332,  ..., 0.5918, 0.9573, 0.6902],
          [0.7397, 0.9561, 0.1493,  ..., 0.7484, 0.0877, 0.2131]],

         [[0.5065, 0.5590, 0.2166,  ..., 0.8710, 0.4826, 0.8309],
          [0.8234, 0.2566, 0.7132,  ..., 0.7932, 0.2445, 0.4587],
          [0.0740, 0.7267, 0.5582,  ..., 0.5261, 0.7730, 0.3874],
          ...,
          [0.1994, 0.6693, 0.1870,  ..., 0.5032, 0.5998, 0.2251],
          [0.6506, 0.1970, 0.4872,  ..., 0.9656, 0.5543, 0.0373],
          [0.4167, 0.9040, 0.1661,  ..., 0.0392, 0.0560, 0.0805]]],


        ...,


        [[[0.2171, 0.1759, 0.7023,  ..., 0.7415, 0.5308, 0.6440],
          [0.2331, 0.7668, 0.3499,  ..., 0.5509, 0.1413, 0.3191],
          [0.8410, 0.0373, 0.7831,  ..., 0.2251, 0.9764, 0.3176],
          ...,
          [0.6396, 0.1268, 0.7307,  ..., 0.0844, 0.7690, 0.9579],
          [0.6936, 0.8977, 0.7723,  ..., 0.2033, 0.5250, 0.2735],
          [0.7827, 0.2134, 0.8489,  ..., 0.1692, 0.2516, 0.1590]],

         [[0.0064, 0.4728, 0.9047,  ..., 0.0368, 0.8157, 0.8728],
          [0.8417, 0.4048, 0.9811,  ..., 0.3146, 0.7018, 0.6435],
          [0.2067, 0.7726, 0.1225,  ..., 0.2095, 0.8897, 0.2303],
          ...,
          [0.5626, 0.2683, 0.6874,  ..., 0.3290, 0.4848, 0.3088],
          [0.3201, 0.1968, 0.5782,  ..., 0.2042, 0.6360, 0.6932],
          [0.8039, 0.1734, 0.0899,  ..., 0.5100, 0.9642, 0.6420]],

         [[0.6701, 0.5716, 0.6606,  ..., 0.5272, 0.3205, 0.9805],
          [0.6268, 0.1621, 0.5227,  ..., 0.7130, 0.5963, 0.4770],
          [0.3351, 0.9675, 0.3973,  ..., 0.6348, 0.4205, 0.9492],
          ...,
          [0.7324, 0.6788, 0.6641,  ..., 0.8071, 0.6698, 0.7704],
          [0.7317, 0.7188, 0.4637,  ..., 0.9465, 0.4360, 0.5514],
          [0.4416, 0.7611, 0.5053,  ..., 0.3392, 0.8206, 0.3418]],

         ...,

         [[0.7856, 0.4248, 0.5545,  ..., 0.8113, 0.3396, 0.1550],
          [0.7798, 0.2825, 0.4232,  ..., 0.5475, 0.1010, 0.1153],
          [0.1724, 0.2836, 0.6432,  ..., 0.8532, 0.3462, 0.9039],
          ...,
          [0.2332, 0.3773, 0.2020,  ..., 0.3653, 0.3762, 0.5223],
          [0.9659, 0.2948, 0.9895,  ..., 0.1647, 0.2228, 0.9642],
          [0.2032, 0.2438, 0.9224,  ..., 0.9310, 0.4181, 0.5929]],

         [[0.9779, 0.0626, 0.2874,  ..., 0.2763, 0.3444, 0.3659],
          [0.9003, 0.9900, 0.6472,  ..., 0.2742, 0.6402, 0.5220],
          [0.2679, 0.9211, 0.8210,  ..., 0.9228, 0.4773, 0.4679],
          ...,
          [0.7988, 0.8871, 0.1591,  ..., 0.4017, 0.0075, 0.0358],
          [0.3693, 0.6435, 0.2260,  ..., 0.5126, 0.1580, 0.6481],
          [0.3973, 0.2887, 0.8677,  ..., 0.8725, 0.7885, 0.4681]],

         [[0.1399, 0.6574, 0.4777,  ..., 0.9663, 0.1101, 0.8460],
          [0.8771, 0.9709, 0.4568,  ..., 0.0515, 0.9288, 0.0297],
          [0.1609, 0.7408, 0.7500,  ..., 0.8811, 0.1462, 0.2377],
          ...,
          [0.7696, 0.1285, 0.6584,  ..., 0.6790, 0.4286, 0.3887],
          [0.5136, 0.0453, 0.1454,  ..., 0.0983, 0.1202, 0.0126],
          [0.2690, 0.2563, 0.3936,  ..., 0.7766, 0.2046, 0.0219]]],


        [[[0.3725, 0.1843, 0.8252,  ..., 0.2127, 0.4813, 0.6157],
          [0.0776, 0.3424, 0.5179,  ..., 0.3985, 0.4344, 0.7361],
          [0.8033, 0.0836, 0.0221,  ..., 0.6349, 0.1004, 0.2987],
          ...,
          [0.1417, 0.1347, 0.8774,  ..., 0.6870, 0.4223, 0.4819],
          [0.5994, 0.3148, 0.2196,  ..., 0.6107, 0.3221, 0.2311],
          [0.6415, 0.5382, 0.6411,  ..., 0.7128, 0.0136, 0.5919]],

         [[0.6228, 0.5463, 0.0619,  ..., 0.9212, 0.0026, 0.3646],
          [0.5338, 0.6348, 0.1464,  ..., 0.5620, 0.1907, 0.1723],
          [0.2350, 0.4974, 0.1587,  ..., 0.3997, 0.5521, 0.5537],
          ...,
          [0.2939, 0.5980, 0.5673,  ..., 0.0816, 0.8897, 0.7862],
          [0.1136, 0.1101, 0.2958,  ..., 0.8382, 0.8482, 0.6469],
          [0.7461, 0.4879, 0.9694,  ..., 0.1569, 0.1745, 0.9027]],

         [[0.6235, 0.4473, 0.5200,  ..., 0.7805, 0.3212, 0.4562],
          [0.8185, 0.4059, 0.7633,  ..., 0.2415, 0.6031, 0.9757],
          [0.6310, 0.0607, 0.7257,  ..., 0.5707, 0.0953, 0.3010],
          ...,
          [0.5025, 0.9041, 0.9373,  ..., 0.0624, 0.1044, 0.7160],
          [0.9296, 0.7805, 0.8614,  ..., 0.9431, 0.2148, 0.9784],
          [0.0074, 0.5445, 0.3890,  ..., 0.1297, 0.4628, 0.4436]],

         ...,

         [[0.1418, 0.5839, 0.4638,  ..., 0.3516, 0.1828, 0.5058],
          [0.2973, 0.1239, 0.2142,  ..., 0.0438, 0.8747, 0.0903],
          [0.1527, 0.0357, 0.6813,  ..., 0.8861, 0.7341, 0.3644],
          ...,
          [0.7938, 0.9966, 0.0268,  ..., 0.9692, 0.9614, 0.0391],
          [0.6646, 0.1846, 0.5003,  ..., 0.6873, 0.6842, 0.1148],
          [0.4903, 0.9216, 0.8811,  ..., 0.8525, 0.6158, 0.6353]],

         [[0.5892, 0.3118, 0.3610,  ..., 0.9044, 0.7523, 0.1305],
          [0.6818, 0.1529, 0.1051,  ..., 0.5542, 0.8374, 0.9927],
          [0.3235, 0.1857, 0.2023,  ..., 0.5390, 0.2084, 0.8454],
          ...,
          [0.1177, 0.7074, 0.7555,  ..., 0.7627, 0.4434, 0.3455],
          [0.8513, 0.5134, 0.1430,  ..., 0.0559, 0.5849, 0.4089],
          [0.4343, 0.9525, 0.5400,  ..., 0.5186, 0.9748, 0.7789]],

         [[0.5192, 0.1902, 0.4879,  ..., 0.8840, 0.3788, 0.5516],
          [0.4631, 0.1519, 0.1268,  ..., 0.8368, 0.1730, 0.5807],
          [0.8351, 0.7818, 0.9277,  ..., 0.3045, 0.9713, 0.4485],
          ...,
          [0.5786, 0.9179, 0.0930,  ..., 0.6640, 0.1412, 0.3033],
          [0.0891, 0.9160, 0.8954,  ..., 0.7682, 0.8880, 0.9593],
          [0.9267, 0.0791, 0.6677,  ..., 0.6369, 0.9342, 0.5194]]],


        [[[0.8908, 0.1090, 0.4183,  ..., 0.9324, 0.2184, 0.5022],
          [0.7714, 0.1072, 0.9743,  ..., 0.9036, 0.7813, 0.2823],
          [0.1408, 0.8525, 0.8357,  ..., 0.4065, 0.2401, 0.8961],
          ...,
          [0.9102, 0.8072, 0.7661,  ..., 0.9492, 0.8511, 0.8618],
          [0.4099, 0.4002, 0.1886,  ..., 0.3461, 0.2803, 0.0874],
          [0.5854, 0.6337, 0.0825,  ..., 0.9616, 0.5838, 0.5263]],

         [[0.4089, 0.2531, 0.7373,  ..., 0.3885, 0.8398, 0.0342],
          [0.4751, 0.5469, 0.9247,  ..., 0.5674, 0.6991, 0.5373],
          [0.1891, 0.7892, 0.2170,  ..., 0.8638, 0.6930, 0.4013],
          ...,
          [0.9879, 0.6653, 0.2413,  ..., 0.1285, 0.6338, 0.4447],
          [0.5949, 0.5494, 0.4083,  ..., 0.5415, 0.5421, 0.0843],
          [0.7989, 0.3486, 0.8231,  ..., 0.5731, 0.2366, 0.9164]],

         [[0.2781, 0.0353, 0.1090,  ..., 0.4445, 0.2228, 0.3698],
          [0.3966, 0.6797, 0.0328,  ..., 0.2347, 0.3122, 0.0677],
          [0.4698, 0.8584, 0.2521,  ..., 0.6700, 0.4074, 0.1735],
          ...,
          [0.9694, 0.0124, 0.1744,  ..., 0.7556, 0.7787, 0.4048],
          [0.0241, 0.0665, 0.9076,  ..., 0.4872, 0.7110, 0.4886],
          [0.9591, 0.5913, 0.7429,  ..., 0.4694, 0.9696, 0.2792]],

         ...,

         [[0.1738, 0.7881, 0.8629,  ..., 0.5045, 0.5645, 0.3987],
          [0.0887, 0.3503, 0.5109,  ..., 0.2480, 0.4597, 0.7544],
          [0.0807, 0.1695, 0.2042,  ..., 0.5938, 0.6958, 0.7968],
          ...,
          [0.8458, 0.0751, 0.8039,  ..., 0.5009, 0.9800, 0.2887],
          [0.4254, 0.9127, 0.1885,  ..., 0.8612, 0.4886, 0.0887],
          [0.0061, 0.8181, 0.8488,  ..., 0.8478, 0.1990, 0.2678]],

         [[0.2231, 0.5995, 0.4423,  ..., 0.8334, 0.3701, 0.5141],
          [0.9054, 0.7382, 0.7109,  ..., 0.0162, 0.4829, 0.5666],
          [0.6354, 0.9588, 0.6473,  ..., 0.8860, 0.2007, 0.4332],
          ...,
          [0.5882, 0.3466, 0.9665,  ..., 0.9443, 0.1340, 0.7198],
          [0.2788, 0.6448, 0.7425,  ..., 0.1328, 0.7316, 0.4264],
          [0.9020, 0.4465, 0.7797,  ..., 0.7821, 0.3443, 0.6900]],

         [[0.0880, 0.5876, 0.1458,  ..., 0.5746, 0.5487, 0.7455],
          [0.4925, 0.9438, 0.4308,  ..., 0.9296, 0.4234, 0.8658],
          [0.4137, 0.0203, 0.4714,  ..., 0.0408, 0.4964, 0.1323],
          ...,
          [0.4317, 0.8837, 0.5103,  ..., 0.4845, 0.0561, 0.7631],
          [0.4561, 0.1458, 0.7355,  ..., 0.4280, 0.9668, 0.2045],
          [0.6204, 0.4772, 0.5915,  ..., 0.7803, 0.3273, 0.2452]]]])
