tensor([[[[7.0381e-01, 3.3247e-01, 7.2996e-01,  ..., 2.9069e-01,
           6.6880e-01, 5.8028e-01],
          [1.3771e-01, 8.2785e-01, 8.7195e-01,  ..., 3.1671e-01,
           2.3466e-01, 9.5216e-01],
          [8.0770e-01, 5.7645e-02, 3.0623e-01,  ..., 4.8497e-01,
           8.8003e-01, 7.9025e-01],
          ...,
          [1.6077e-01, 5.6804e-01, 4.0567e-01,  ..., 5.2303e-01,
           7.2379e-01, 2.3561e-01],
          [1.3498e-01, 8.1144e-01, 5.6624e-01,  ..., 1.9665e-01,
           1.1669e-01, 7.1819e-01],
          [8.4684e-01, 8.7012e-03, 1.8361e-01,  ..., 1.3413e-01,
           7.8554e-01, 7.1674e-01]],

         [[3.7021e-01, 4.6584e-02, 6.2416e-01,  ..., 2.8554e-01,
           7.7037e-01, 5.4225e-01],
          [2.1624e-02, 5.3789e-01, 5.7075e-01,  ..., 1.8991e-01,
           8.3230e-02, 8.2268e-01],
          [8.7219e-01, 3.3563e-01, 9.8537e-01,  ..., 4.2105e-01,
           8.6235e-01, 8.3031e-01],
          ...,
          [7.0045e-01, 7.6677e-01, 5.4069e-01,  ..., 1.7464e-01,
           3.0197e-01, 6.2733e-01],
          [1.4937e-02, 9.9174e-01, 1.4402e-01,  ..., 2.8383e-02,
           5.3360e-01, 6.9662e-01],
          [6.4859e-01, 5.7387e-01, 3.2317e-01,  ..., 5.0341e-01,
           5.7607e-01, 5.5469e-01]],

         [[3.7233e-01, 6.0675e-01, 9.8690e-01,  ..., 1.8213e-01,
           1.1097e-01, 4.7282e-01],
          [1.1306e-01, 5.6249e-01, 5.5469e-01,  ..., 2.6895e-01,
           3.3270e-01, 4.3373e-01],
          [6.0497e-01, 2.2981e-01, 6.2086e-01,  ..., 6.9316e-01,
           1.8685e-02, 4.2616e-01],
          ...,
          [7.5180e-01, 8.5834e-01, 2.1637e-01,  ..., 8.0614e-01,
           9.3320e-01, 5.0194e-01],
          [7.5801e-01, 2.6093e-01, 7.6216e-01,  ..., 7.0584e-01,
           2.7530e-01, 5.2571e-03],
          [9.8151e-01, 4.4274e-01, 8.2314e-01,  ..., 6.9188e-01,
           4.8063e-01, 6.3028e-01]],

         ...,

         [[1.2503e-02, 1.9610e-01, 3.5984e-01,  ..., 3.2159e-01,
           4.0279e-01, 2.1757e-01],
          [9.2983e-01, 6.3409e-01, 5.9593e-01,  ..., 9.6217e-01,
           9.2832e-01, 7.0112e-01],
          [2.7174e-01, 3.1398e-01, 4.2022e-01,  ..., 7.9843e-01,
           4.1107e-01, 2.8597e-01],
          ...,
          [8.3892e-01, 8.5890e-01, 3.9149e-01,  ..., 3.1005e-01,
           3.2738e-02, 3.8880e-01],
          [6.2077e-02, 1.7563e-01, 1.0783e-01,  ..., 8.2135e-01,
           6.9278e-01, 4.2307e-01],
          [9.0525e-01, 8.8652e-02, 6.0674e-01,  ..., 7.7606e-01,
           3.8788e-01, 7.5346e-01]],

         [[2.7711e-01, 6.7194e-01, 4.7702e-01,  ..., 1.4704e-01,
           8.1177e-01, 3.8204e-01],
          [8.5997e-02, 1.9658e-01, 6.5192e-02,  ..., 6.5379e-01,
           4.3584e-01, 9.8440e-01],
          [1.2253e-01, 1.0379e-01, 6.8986e-01,  ..., 2.7088e-01,
           2.1868e-01, 3.5671e-01],
          ...,
          [2.1067e-01, 1.2336e-01, 5.5340e-01,  ..., 9.7355e-01,
           5.1050e-01, 3.3751e-01],
          [3.2145e-01, 9.5291e-01, 6.4446e-01,  ..., 4.0062e-01,
           1.4301e-01, 9.7683e-01],
          [6.1535e-01, 8.8001e-01, 2.6705e-01,  ..., 5.6800e-01,
           7.6093e-01, 6.8303e-01]],

         [[2.3084e-01, 9.2003e-02, 1.8877e-01,  ..., 4.2221e-02,
           4.8427e-01, 3.7612e-01],
          [9.2172e-01, 8.7517e-01, 5.1486e-01,  ..., 1.3229e-01,
           3.1028e-02, 2.0695e-01],
          [5.7741e-01, 1.8917e-01, 3.2572e-01,  ..., 3.0220e-02,
           6.8249e-01, 3.2735e-01],
          ...,
          [3.8538e-01, 5.2587e-01, 2.5990e-01,  ..., 2.9766e-01,
           9.0464e-01, 3.2499e-02],
          [9.8149e-01, 1.3742e-01, 5.4528e-01,  ..., 5.3585e-01,
           2.1954e-01, 6.4162e-01],
          [9.0895e-02, 6.0830e-01, 7.3703e-01,  ..., 4.4106e-01,
           9.6369e-01, 1.0657e-01]]],


        [[[4.3163e-01, 9.0463e-02, 7.7133e-01,  ..., 2.7561e-01,
           9.7723e-01, 8.7445e-01],
          [8.8507e-01, 6.3864e-01, 2.8607e-02,  ..., 7.7258e-01,
           7.6509e-01, 1.0698e-01],
          [4.3877e-01, 8.1331e-01, 7.1629e-01,  ..., 7.3375e-01,
           8.2575e-01, 3.0284e-02],
          ...,
          [5.0125e-01, 1.9530e-02, 4.3248e-01,  ..., 7.8015e-01,
           3.6260e-01, 4.8708e-01],
          [3.6231e-01, 8.3567e-01, 5.3395e-01,  ..., 4.5959e-01,
           2.0289e-01, 9.0443e-01],
          [3.4673e-01, 7.8295e-01, 1.0174e-01,  ..., 3.9432e-01,
           4.9079e-01, 5.9940e-01]],

         [[9.9479e-01, 5.0618e-01, 3.0792e-01,  ..., 2.7825e-01,
           5.9573e-01, 4.0749e-01],
          [2.2316e-01, 7.6670e-01, 1.7118e-01,  ..., 1.6534e-01,
           8.7314e-01, 7.7552e-01],
          [2.8110e-01, 1.1637e-01, 8.9193e-01,  ..., 3.3370e-01,
           9.3688e-01, 3.8817e-02],
          ...,
          [1.1083e-02, 7.9647e-01, 4.1201e-02,  ..., 2.1683e-01,
           6.6860e-01, 2.0939e-01],
          [5.5624e-02, 8.0883e-01, 5.9258e-01,  ..., 3.9930e-01,
           9.8895e-01, 4.9383e-01],
          [9.8938e-01, 6.0941e-01, 8.0899e-01,  ..., 1.3266e-01,
           2.9640e-01, 4.3794e-01]],

         [[1.9945e-01, 6.1023e-01, 8.7597e-01,  ..., 8.4846e-01,
           3.2750e-01, 2.5566e-02],
          [2.5055e-01, 8.8868e-01, 1.2906e-02,  ..., 9.0927e-01,
           8.5635e-01, 4.5829e-01],
          [4.4520e-02, 3.5907e-01, 7.1326e-02,  ..., 5.7548e-01,
           7.1864e-01, 9.9254e-01],
          ...,
          [8.9380e-01, 3.6985e-01, 6.1717e-01,  ..., 8.9346e-01,
           9.0761e-01, 3.3562e-02],
          [7.5951e-01, 8.7837e-01, 8.5121e-01,  ..., 1.6056e-02,
           3.7405e-02, 2.5852e-01],
          [1.8554e-01, 3.0368e-01, 8.1785e-01,  ..., 7.8590e-02,
           3.1704e-01, 7.5819e-01]],

         ...,

         [[7.3207e-01, 9.7964e-01, 5.5274e-01,  ..., 4.7321e-01,
           8.4350e-01, 7.5535e-01],
          [6.7278e-01, 6.2214e-01, 4.8453e-04,  ..., 1.0588e-01,
           4.6040e-01, 2.2588e-01],
          [1.8374e-01, 1.5496e-01, 2.2904e-01,  ..., 4.9997e-01,
           4.1246e-01, 6.1966e-01],
          ...,
          [1.5470e-01, 2.0829e-01, 3.2213e-01,  ..., 7.9058e-01,
           4.6076e-01, 1.9711e-02],
          [7.6918e-01, 5.8164e-01, 2.4700e-01,  ..., 5.3916e-01,
           3.5805e-03, 1.5793e-01],
          [9.6788e-01, 5.5729e-01, 9.7454e-02,  ..., 8.1210e-02,
           3.3488e-01, 5.9161e-01]],

         [[2.9186e-02, 3.1340e-01, 8.1743e-01,  ..., 4.1494e-01,
           2.4123e-01, 1.1449e-01],
          [9.6852e-01, 1.7040e-01, 6.3098e-01,  ..., 4.4120e-01,
           4.6246e-01, 8.9898e-01],
          [1.0066e-01, 6.3355e-01, 7.6943e-01,  ..., 2.9341e-01,
           4.4678e-01, 3.2934e-01],
          ...,
          [6.8091e-01, 1.9946e-01, 8.9766e-01,  ..., 5.0727e-01,
           2.6738e-01, 3.4338e-01],
          [2.3464e-01, 9.6524e-01, 8.6067e-01,  ..., 4.9357e-01,
           1.0574e-01, 4.8234e-01],
          [8.2532e-01, 1.0926e-01, 6.4650e-01,  ..., 6.8875e-01,
           4.9535e-01, 1.5614e-01]],

         [[5.7719e-01, 3.4804e-01, 9.2003e-01,  ..., 8.0081e-01,
           1.5559e-01, 5.3284e-01],
          [6.7120e-01, 5.3816e-01, 8.4924e-01,  ..., 6.3786e-01,
           6.0479e-01, 2.6735e-01],
          [5.6800e-01, 2.7721e-01, 8.0521e-01,  ..., 4.1822e-01,
           9.6821e-01, 5.0496e-01],
          ...,
          [3.0617e-01, 9.0232e-01, 4.1466e-01,  ..., 5.6838e-01,
           4.0941e-01, 1.2655e-01],
          [7.8420e-01, 7.2181e-01, 8.8090e-01,  ..., 6.9347e-01,
           9.7959e-01, 3.4113e-01],
          [7.7757e-01, 7.1764e-01, 4.4411e-01,  ..., 2.5263e-01,
           2.0059e-02, 6.3288e-01]]],


        [[[2.2484e-01, 4.4816e-01, 9.2714e-01,  ..., 6.1500e-01,
           3.5564e-01, 8.5100e-01],
          [6.8485e-01, 8.1416e-01, 8.9093e-01,  ..., 9.0914e-01,
           3.6412e-01, 8.1220e-01],
          [3.7481e-01, 5.1025e-01, 4.9222e-01,  ..., 9.5271e-02,
           4.1677e-02, 8.3347e-01],
          ...,
          [6.4140e-01, 4.7591e-01, 1.0964e-01,  ..., 7.3190e-01,
           9.5810e-01, 3.4526e-01],
          [8.4477e-01, 3.0056e-01, 1.9211e-01,  ..., 7.3875e-01,
           5.2912e-01, 1.7888e-01],
          [4.1814e-01, 8.7807e-01, 9.4504e-02,  ..., 2.8344e-01,
           7.3887e-01, 1.5690e-01]],

         [[3.6009e-01, 4.8631e-01, 8.0412e-01,  ..., 7.9440e-02,
           6.1390e-01, 5.5769e-01],
          [5.0729e-02, 1.6642e-01, 4.9444e-01,  ..., 1.2852e-01,
           7.4606e-01, 5.0895e-01],
          [4.2356e-01, 8.7034e-01, 1.0770e-01,  ..., 4.9643e-01,
           5.2479e-01, 7.1226e-01],
          ...,
          [3.4138e-01, 2.4658e-01, 1.7573e-01,  ..., 3.0691e-01,
           4.4690e-01, 8.2872e-01],
          [6.6593e-01, 1.3517e-01, 9.0143e-02,  ..., 3.9750e-01,
           6.8258e-01, 6.5838e-01],
          [9.6187e-01, 7.6187e-01, 2.2714e-01,  ..., 1.4407e-01,
           5.2150e-01, 2.3062e-01]],

         [[1.1349e-01, 4.6282e-01, 5.8429e-01,  ..., 7.8882e-01,
           6.6476e-01, 7.2879e-01],
          [1.5537e-01, 5.2777e-02, 5.7940e-01,  ..., 4.4695e-01,
           7.7815e-01, 2.6271e-01],
          [6.0158e-01, 2.3264e-01, 6.5883e-01,  ..., 9.7898e-01,
           4.2968e-01, 6.4983e-01],
          ...,
          [9.8752e-01, 4.3207e-01, 6.4826e-01,  ..., 9.8589e-01,
           3.0670e-01, 8.3216e-01],
          [8.4251e-01, 9.6873e-01, 2.1241e-01,  ..., 8.8912e-01,
           4.8097e-01, 8.4141e-02],
          [3.7745e-02, 1.4787e-01, 4.5434e-01,  ..., 5.9384e-01,
           9.6734e-01, 3.6776e-01]],

         ...,

         [[2.3884e-01, 1.5110e-01, 6.1868e-01,  ..., 8.3225e-01,
           7.6949e-01, 9.6586e-01],
          [5.8144e-02, 1.4762e-01, 4.6900e-01,  ..., 9.7148e-02,
           7.7836e-01, 4.2980e-01],
          [4.0160e-01, 2.6573e-01, 7.8840e-01,  ..., 1.1115e-01,
           7.8786e-02, 8.8691e-01],
          ...,
          [5.7902e-01, 6.5893e-01, 1.0646e-01,  ..., 1.4536e-01,
           7.6704e-01, 9.4349e-01],
          [6.2591e-01, 5.7154e-01, 3.3986e-01,  ..., 9.8442e-01,
           1.6917e-01, 3.6945e-01],
          [6.5173e-01, 6.3566e-01, 8.1379e-01,  ..., 5.2770e-01,
           2.1024e-01, 9.4360e-01]],

         [[5.8418e-01, 5.0401e-01, 8.9502e-01,  ..., 3.1024e-01,
           1.3234e-01, 7.2205e-01],
          [4.6794e-01, 1.4063e-01, 3.0096e-01,  ..., 6.0910e-01,
           5.1355e-01, 2.1409e-02],
          [5.2116e-01, 2.6093e-01, 6.5071e-01,  ..., 5.3988e-01,
           9.0777e-01, 5.3291e-01],
          ...,
          [7.8208e-01, 5.0720e-01, 1.7077e-01,  ..., 1.9020e-01,
           1.9697e-01, 5.7759e-01],
          [8.9937e-01, 6.6720e-01, 2.2959e-01,  ..., 9.4464e-01,
           6.1663e-01, 9.3824e-01],
          [5.1624e-01, 2.3258e-02, 1.1705e-01,  ..., 1.6185e-01,
           7.8755e-01, 3.2682e-01]],

         [[2.7981e-01, 9.6669e-01, 1.0794e-01,  ..., 9.6987e-01,
           4.5112e-01, 2.9999e-01],
          [6.6816e-01, 2.4032e-01, 6.1820e-01,  ..., 6.1865e-02,
           4.7337e-01, 7.0097e-01],
          [6.9469e-01, 3.8828e-01, 6.8288e-01,  ..., 2.3992e-02,
           2.8230e-01, 6.1679e-04],
          ...,
          [4.2659e-01, 8.2653e-01, 4.4518e-01,  ..., 3.7092e-01,
           7.2246e-01, 9.3234e-03],
          [5.1445e-01, 8.4699e-01, 3.3238e-02,  ..., 5.8794e-01,
           2.9800e-01, 7.0587e-01],
          [3.6748e-01, 4.7207e-01, 2.8336e-01,  ..., 3.9376e-01,
           6.8813e-01, 1.1654e-01]]],


        ...,


        [[[4.9299e-01, 6.7572e-01, 6.3307e-01,  ..., 4.5652e-01,
           8.6345e-01, 4.5074e-01],
          [8.8683e-01, 6.0673e-01, 7.9718e-01,  ..., 2.3896e-01,
           5.2279e-01, 4.0593e-01],
          [1.1194e-01, 5.3944e-01, 5.9250e-01,  ..., 1.4468e-01,
           6.5024e-01, 9.4914e-01],
          ...,
          [3.6283e-02, 9.8388e-01, 3.4485e-01,  ..., 4.9027e-01,
           5.3930e-01, 7.3561e-01],
          [6.3562e-01, 3.6085e-01, 7.1822e-01,  ..., 7.1717e-01,
           6.7097e-01, 6.7295e-01],
          [4.0266e-01, 8.8948e-01, 1.5327e-01,  ..., 5.1542e-01,
           1.0916e-01, 5.7243e-01]],

         [[5.9047e-01, 6.6408e-01, 1.3123e-01,  ..., 4.4622e-01,
           7.4910e-01, 9.6424e-01],
          [4.9802e-01, 7.2747e-01, 3.5199e-02,  ..., 1.2175e-02,
           4.8353e-01, 7.9789e-01],
          [1.4166e-01, 6.0257e-01, 3.7015e-01,  ..., 6.5829e-01,
           9.6528e-01, 9.3960e-01],
          ...,
          [5.8403e-01, 8.8856e-01, 1.0800e-01,  ..., 2.0186e-01,
           5.6594e-01, 3.1053e-01],
          [9.5225e-01, 6.5535e-01, 3.2003e-01,  ..., 9.2011e-01,
           8.5461e-01, 4.5854e-01],
          [5.1762e-02, 5.1512e-01, 1.2114e-01,  ..., 3.4402e-01,
           7.5300e-01, 5.7384e-01]],

         [[2.7643e-01, 3.0342e-01, 5.9629e-01,  ..., 1.5555e-01,
           9.0797e-01, 9.3065e-02],
          [9.2710e-01, 1.1202e-01, 2.5424e-01,  ..., 5.7215e-01,
           9.5555e-01, 7.5363e-01],
          [5.4716e-01, 4.4446e-01, 9.2768e-01,  ..., 6.1967e-01,
           8.0589e-01, 2.5935e-01],
          ...,
          [7.0087e-01, 2.5378e-01, 2.8706e-01,  ..., 9.3322e-01,
           6.6505e-01, 3.8620e-01],
          [1.9196e-01, 1.8111e-01, 6.1678e-01,  ..., 7.2523e-01,
           5.6125e-02, 9.6950e-02],
          [5.9497e-01, 6.5149e-01, 7.0725e-01,  ..., 3.7843e-01,
           1.8533e-01, 8.0784e-01]],

         ...,

         [[3.9431e-01, 8.9125e-01, 1.4235e-01,  ..., 6.5690e-01,
           7.6605e-01, 7.9064e-01],
          [5.9753e-01, 3.9822e-03, 7.4957e-01,  ..., 3.2003e-01,
           6.5466e-01, 5.0379e-01],
          [4.1319e-01, 9.1832e-01, 4.6700e-01,  ..., 3.6156e-01,
           9.1483e-02, 6.9844e-01],
          ...,
          [7.9614e-01, 5.3806e-01, 8.2250e-01,  ..., 5.1402e-01,
           7.0708e-01, 9.7360e-01],
          [6.0822e-01, 6.9139e-02, 5.1830e-01,  ..., 4.3055e-01,
           1.9068e-01, 6.3999e-01],
          [7.5775e-01, 8.2200e-01, 9.5736e-01,  ..., 9.2071e-01,
           4.6481e-01, 8.6091e-03]],

         [[4.9174e-01, 2.6607e-01, 7.9537e-01,  ..., 7.6104e-01,
           5.9559e-01, 6.0374e-01],
          [8.7970e-01, 4.8506e-01, 7.0337e-01,  ..., 9.8657e-02,
           5.2140e-01, 6.6670e-01],
          [3.1354e-01, 1.4846e-01, 7.5850e-03,  ..., 4.0892e-01,
           2.8300e-01, 6.2599e-01],
          ...,
          [7.9413e-01, 1.0463e-01, 2.0898e-01,  ..., 3.4378e-01,
           5.2211e-01, 1.0414e-01],
          [4.3130e-01, 3.3370e-01, 3.5848e-01,  ..., 1.7741e-01,
           5.3265e-01, 8.3559e-01],
          [7.3395e-01, 6.0583e-01, 7.2148e-02,  ..., 2.5535e-01,
           7.2562e-01, 1.2148e-01]],

         [[7.1838e-01, 5.0557e-01, 7.9128e-01,  ..., 7.2890e-01,
           1.9836e-01, 1.8375e-01],
          [6.7847e-01, 8.1045e-01, 3.0938e-01,  ..., 1.0670e-01,
           4.4957e-01, 5.8859e-01],
          [6.6808e-01, 5.3562e-01, 2.6811e-01,  ..., 4.6120e-01,
           2.6882e-01, 1.2244e-01],
          ...,
          [7.6487e-01, 8.6607e-01, 4.1099e-01,  ..., 9.9827e-01,
           3.2521e-01, 3.0613e-01],
          [1.6528e-01, 2.5308e-01, 2.2298e-01,  ..., 8.6137e-01,
           1.4699e-01, 7.1921e-01],
          [9.4301e-01, 3.0405e-01, 7.5011e-01,  ..., 1.2982e-01,
           3.6254e-01, 7.3669e-01]]],


        [[[8.2305e-01, 5.1719e-01, 6.1253e-01,  ..., 4.4934e-01,
           7.4566e-01, 9.8537e-01],
          [4.8201e-01, 6.5466e-01, 3.6020e-01,  ..., 5.6182e-01,
           5.0773e-01, 2.8959e-01],
          [1.6908e-01, 6.6647e-01, 3.1701e-01,  ..., 3.1276e-01,
           6.2136e-01, 7.0605e-01],
          ...,
          [4.3285e-01, 4.8439e-01, 5.9834e-02,  ..., 8.2022e-01,
           2.6588e-01, 2.0947e-01],
          [9.1352e-02, 5.7824e-01, 4.4734e-01,  ..., 3.4577e-01,
           9.9838e-01, 2.2922e-01],
          [4.9878e-01, 4.9624e-01, 4.7400e-01,  ..., 8.3046e-01,
           4.1710e-02, 5.9337e-01]],

         [[4.0417e-01, 9.0393e-01, 3.6297e-01,  ..., 4.5767e-01,
           9.2014e-01, 5.5436e-01],
          [5.3431e-01, 1.3628e-01, 4.8457e-01,  ..., 9.0983e-01,
           8.3721e-02, 6.6536e-01],
          [4.9751e-01, 5.2129e-01, 9.3284e-01,  ..., 7.6067e-01,
           6.5305e-01, 7.0703e-02],
          ...,
          [3.3996e-01, 3.8835e-01, 4.4581e-01,  ..., 8.5363e-01,
           9.4429e-01, 1.4368e-02],
          [5.1849e-01, 4.5891e-01, 3.1499e-01,  ..., 2.7398e-01,
           7.6459e-01, 4.5255e-01],
          [7.0009e-01, 8.2948e-01, 1.6597e-01,  ..., 2.9893e-01,
           3.1691e-01, 2.7652e-01]],

         [[6.3137e-01, 4.8698e-01, 1.9509e-01,  ..., 1.5097e-01,
           1.8185e-01, 6.2982e-01],
          [4.8514e-01, 8.7684e-02, 8.4311e-01,  ..., 2.6926e-02,
           2.3628e-01, 7.0580e-01],
          [1.2934e-01, 6.2904e-02, 7.7723e-01,  ..., 1.1686e-02,
           7.6078e-01, 1.9420e-01],
          ...,
          [3.7385e-01, 5.8184e-01, 5.9251e-01,  ..., 6.3991e-01,
           1.3915e-01, 5.2464e-01],
          [4.9087e-01, 4.1194e-01, 9.2025e-01,  ..., 5.4159e-01,
           3.2429e-01, 2.5105e-01],
          [4.8084e-01, 2.3189e-01, 4.0402e-01,  ..., 5.1571e-01,
           1.7114e-01, 7.0479e-01]],

         ...,

         [[9.4953e-01, 6.6343e-02, 7.8214e-01,  ..., 2.9889e-01,
           6.1713e-01, 7.8502e-01],
          [4.7573e-01, 5.1297e-01, 2.4343e-01,  ..., 7.2691e-01,
           6.5676e-01, 4.4004e-01],
          [5.6889e-01, 2.6778e-01, 7.6639e-01,  ..., 8.6621e-01,
           3.8143e-01, 8.0533e-01],
          ...,
          [6.3352e-01, 1.9281e-01, 2.9495e-01,  ..., 4.7282e-01,
           1.3123e-01, 8.2764e-01],
          [8.2423e-02, 2.1870e-01, 6.9535e-01,  ..., 3.5199e-01,
           2.8977e-02, 2.7423e-01],
          [3.7404e-01, 1.3863e-01, 2.4822e-01,  ..., 5.4000e-01,
           2.0391e-01, 3.4934e-01]],

         [[5.4499e-01, 6.5758e-01, 5.9509e-01,  ..., 3.0420e-01,
           7.8780e-01, 9.1875e-01],
          [4.9151e-01, 2.9193e-01, 4.6698e-01,  ..., 5.0171e-01,
           1.8426e-01, 3.2421e-01],
          [8.6503e-01, 3.5932e-01, 1.7190e-01,  ..., 3.1660e-01,
           8.4548e-01, 3.5721e-01],
          ...,
          [7.2382e-01, 9.2474e-01, 7.8775e-01,  ..., 1.8170e-01,
           6.9348e-01, 4.9896e-02],
          [5.1059e-01, 7.7051e-02, 7.4369e-01,  ..., 9.7291e-01,
           6.5379e-01, 1.9211e-01],
          [3.1224e-01, 6.9557e-02, 6.9255e-01,  ..., 3.9589e-01,
           6.3015e-01, 3.3203e-01]],

         [[9.2478e-01, 5.5189e-01, 4.6625e-02,  ..., 7.4749e-01,
           3.4946e-01, 5.2506e-01],
          [1.0890e-01, 5.3041e-01, 7.1170e-01,  ..., 7.1191e-01,
           8.3499e-01, 4.2830e-01],
          [4.2611e-01, 6.1731e-01, 4.4083e-01,  ..., 3.4215e-01,
           3.6160e-01, 3.2966e-01],
          ...,
          [3.8555e-01, 4.9386e-02, 2.5108e-01,  ..., 1.4095e-02,
           9.3637e-01, 3.0240e-01],
          [8.0658e-01, 3.5606e-01, 6.4996e-01,  ..., 1.5350e-01,
           8.1503e-01, 8.5723e-01],
          [3.7641e-01, 5.2087e-01, 3.0021e-01,  ..., 2.8541e-01,
           5.9961e-01, 8.9538e-01]]],


        [[[4.7566e-01, 6.2692e-02, 8.8995e-01,  ..., 6.1224e-01,
           9.6841e-01, 3.5548e-01],
          [8.9950e-01, 3.2931e-01, 9.2294e-01,  ..., 2.2605e-01,
           9.8197e-01, 9.5157e-01],
          [4.6333e-01, 9.1350e-01, 1.4010e-01,  ..., 5.4553e-01,
           1.7090e-01, 7.9028e-01],
          ...,
          [8.3830e-01, 8.3728e-01, 4.0606e-01,  ..., 1.2222e-01,
           9.0932e-01, 3.4139e-01],
          [2.3854e-01, 2.1827e-01, 9.0133e-02,  ..., 1.3684e-01,
           7.7095e-01, 6.1271e-01],
          [1.4360e-01, 5.0034e-01, 8.1278e-01,  ..., 1.8905e-01,
           8.5296e-02, 9.2646e-02]],

         [[3.6234e-01, 2.4870e-01, 6.3660e-01,  ..., 2.9198e-01,
           7.7934e-01, 4.8987e-01],
          [2.4110e-01, 6.6978e-01, 7.1841e-01,  ..., 2.2078e-01,
           8.9398e-01, 2.5016e-01],
          [8.2126e-01, 7.0987e-01, 5.2585e-01,  ..., 9.8759e-01,
           3.6726e-01, 9.8148e-01],
          ...,
          [4.1802e-01, 2.3273e-01, 8.7333e-01,  ..., 6.3300e-01,
           9.8054e-02, 1.7714e-01],
          [4.8279e-01, 6.2407e-01, 1.8920e-01,  ..., 7.0252e-01,
           9.7505e-01, 3.8439e-01],
          [2.2874e-02, 1.9360e-01, 9.0412e-01,  ..., 1.7822e-01,
           1.8025e-01, 4.7719e-01]],

         [[1.7259e-01, 2.6376e-01, 8.0885e-01,  ..., 9.6438e-01,
           2.7268e-02, 5.6508e-02],
          [6.9586e-02, 1.7783e-01, 6.6582e-01,  ..., 4.2951e-01,
           4.3423e-01, 2.9107e-01],
          [3.5170e-01, 8.3413e-01, 8.1429e-01,  ..., 7.2850e-01,
           7.0098e-01, 5.5378e-01],
          ...,
          [9.3615e-01, 9.1050e-01, 5.3437e-01,  ..., 4.4658e-01,
           4.8451e-01, 1.7945e-01],
          [7.3540e-01, 4.9553e-01, 4.1060e-01,  ..., 6.1538e-02,
           8.4920e-01, 6.5163e-01],
          [3.8095e-01, 1.6278e-01, 2.0883e-01,  ..., 1.1819e-01,
           7.8601e-01, 4.6295e-02]],

         ...,

         [[1.9813e-01, 5.9420e-01, 8.0428e-01,  ..., 5.0290e-01,
           4.1335e-01, 4.8085e-01],
          [3.4593e-01, 3.7171e-01, 6.0751e-01,  ..., 1.8712e-03,
           9.1039e-01, 4.8972e-01],
          [7.2298e-02, 2.7718e-01, 4.2312e-01,  ..., 8.4162e-01,
           3.1193e-01, 7.5654e-01],
          ...,
          [4.1549e-01, 8.3080e-01, 6.4851e-01,  ..., 7.8571e-01,
           5.2392e-01, 9.1804e-01],
          [5.3174e-02, 7.5976e-01, 3.1762e-01,  ..., 5.4382e-01,
           5.2662e-01, 2.6288e-01],
          [8.7217e-01, 9.9258e-01, 6.0179e-01,  ..., 1.1108e-01,
           6.1531e-01, 2.2851e-02]],

         [[1.5960e-01, 4.0265e-01, 5.4845e-01,  ..., 4.0403e-01,
           8.8697e-01, 2.4116e-01],
          [3.1467e-01, 8.7652e-01, 9.8401e-02,  ..., 3.4172e-01,
           1.3077e-01, 1.5592e-01],
          [3.3346e-01, 8.4691e-01, 9.2507e-01,  ..., 2.9738e-01,
           2.5692e-01, 5.2742e-01],
          ...,
          [9.6536e-01, 2.2857e-01, 8.1919e-01,  ..., 4.3635e-01,
           3.3509e-01, 4.7397e-01],
          [7.2367e-01, 1.6480e-01, 4.5106e-01,  ..., 1.2593e-01,
           3.7400e-01, 1.6528e-01],
          [6.5083e-01, 7.6353e-01, 3.4306e-01,  ..., 8.7638e-01,
           4.4424e-01, 5.9047e-01]],

         [[2.1271e-01, 7.5861e-02, 4.5991e-01,  ..., 6.4332e-01,
           1.6786e-01, 5.6538e-01],
          [6.2644e-01, 7.7902e-01, 2.5083e-01,  ..., 1.2963e-01,
           4.2342e-01, 2.4215e-02],
          [4.9200e-01, 1.3907e-01, 8.5439e-01,  ..., 4.7371e-01,
           4.9767e-01, 6.1663e-01],
          ...,
          [3.8691e-01, 1.6139e-01, 1.8659e-01,  ..., 1.6779e-01,
           7.8848e-01, 5.5138e-01],
          [1.2469e-01, 8.9203e-01, 9.9906e-01,  ..., 7.3882e-01,
           1.0412e-01, 9.4767e-01],
          [1.4443e-01, 2.5618e-01, 3.7943e-01,  ..., 5.3339e-01,
           6.1897e-01, 4.7989e-01]]]])
