tensor([[[[4.7284e-01, 5.1643e-01, 2.0346e-02,  ..., 1.6757e-01,
           1.5513e-01, 4.3436e-01],
          [9.1622e-01, 2.3406e-02, 1.0414e-01,  ..., 8.8957e-01,
           1.6424e-01, 9.1732e-01],
          [3.4151e-01, 9.3274e-02, 3.1754e-03,  ..., 3.9138e-01,
           8.0659e-01, 2.9180e-01],
          ...,
          [3.0669e-01, 5.9704e-01, 8.3780e-01,  ..., 6.5811e-01,
           5.1250e-01, 2.0929e-02],
          [2.1993e-01, 7.4585e-01, 1.5037e-02,  ..., 9.7280e-01,
           9.8109e-02, 6.6522e-01],
          [5.8468e-01, 2.9720e-01, 7.3621e-01,  ..., 7.2443e-01,
           7.2982e-01, 2.6594e-02]],

         [[2.0324e-01, 6.2475e-01, 2.9937e-01,  ..., 2.2800e-01,
           6.3718e-01, 1.3243e-01],
          [4.9373e-01, 8.8735e-01, 9.6225e-01,  ..., 5.5358e-01,
           8.9656e-01, 8.2625e-01],
          [2.2420e-01, 4.9228e-01, 7.0018e-04,  ..., 2.7910e-02,
           2.3804e-01, 8.8761e-02],
          ...,
          [7.3006e-01, 5.1125e-01, 4.5296e-01,  ..., 5.7015e-01,
           4.1431e-01, 7.6835e-01],
          [9.3487e-02, 3.1044e-01, 9.1044e-01,  ..., 9.7502e-01,
           8.2477e-02, 6.0346e-01],
          [9.4528e-01, 3.8386e-01, 1.0344e-02,  ..., 1.0621e-01,
           6.4391e-01, 3.6172e-01]],

         [[1.0618e-01, 5.6593e-01, 1.6319e-01,  ..., 8.6639e-01,
           7.2586e-01, 8.4157e-01],
          [5.8515e-02, 4.6517e-01, 9.2247e-01,  ..., 3.3798e-01,
           8.5892e-01, 9.7057e-01],
          [6.8047e-01, 5.2726e-01, 4.3794e-01,  ..., 7.0561e-01,
           5.9311e-01, 7.7036e-01],
          ...,
          [5.9665e-01, 1.5368e-01, 5.4478e-01,  ..., 4.0420e-01,
           1.1160e-01, 8.5934e-01],
          [3.8006e-01, 4.4276e-01, 5.5018e-01,  ..., 6.8942e-01,
           6.7126e-02, 4.0528e-03],
          [8.3416e-01, 9.8708e-02, 1.3811e-01,  ..., 4.6121e-01,
           5.6604e-01, 4.5565e-01]],

         ...,

         [[9.9935e-01, 7.4749e-03, 7.5555e-01,  ..., 9.2348e-01,
           7.9385e-01, 3.9894e-01],
          [8.8132e-01, 6.0675e-02, 8.6586e-01,  ..., 3.6385e-01,
           2.2799e-02, 2.0549e-01],
          [3.4632e-01, 8.6618e-01, 5.3513e-01,  ..., 1.8126e-04,
           8.6515e-02, 7.5767e-01],
          ...,
          [3.6570e-01, 5.5615e-01, 2.7427e-01,  ..., 6.8149e-01,
           3.1557e-02, 5.4129e-01],
          [7.6508e-01, 5.0248e-01, 5.9788e-01,  ..., 4.8630e-02,
           1.8269e-01, 2.5112e-01],
          [8.0091e-01, 6.8558e-01, 8.5741e-01,  ..., 4.9277e-01,
           1.9847e-01, 7.1054e-01]],

         [[3.7680e-01, 2.1649e-01, 3.0106e-01,  ..., 9.2593e-01,
           7.7886e-01, 3.0293e-02],
          [1.9255e-02, 1.0552e-01, 5.3552e-01,  ..., 8.7256e-01,
           1.8210e-01, 1.5665e-02],
          [9.0893e-01, 5.7358e-01, 7.8799e-01,  ..., 2.3935e-01,
           8.0195e-01, 3.9306e-01],
          ...,
          [4.2918e-01, 4.6151e-02, 3.1453e-01,  ..., 6.4690e-01,
           7.4453e-01, 2.3530e-01],
          [5.1414e-01, 2.3328e-01, 5.3723e-01,  ..., 6.6321e-01,
           8.9349e-01, 5.2428e-01],
          [3.5030e-01, 3.0656e-01, 5.9471e-01,  ..., 8.8656e-01,
           5.4640e-02, 3.5517e-01]],

         [[4.7390e-01, 8.9909e-01, 2.8452e-01,  ..., 7.9274e-01,
           3.8237e-01, 8.6876e-01],
          [8.8348e-01, 2.5407e-01, 7.1879e-01,  ..., 5.5026e-01,
           6.9820e-01, 3.6829e-01],
          [6.2125e-01, 8.5528e-01, 1.4003e-01,  ..., 3.9611e-01,
           9.3106e-01, 3.4111e-01],
          ...,
          [7.7106e-01, 9.7052e-02, 8.1392e-01,  ..., 2.0218e-01,
           2.9417e-01, 3.0156e-01],
          [6.4363e-01, 1.7778e-01, 4.3412e-01,  ..., 1.6407e-01,
           4.7899e-01, 7.6746e-01],
          [3.9773e-01, 4.9695e-02, 4.5600e-01,  ..., 3.0164e-01,
           4.9167e-01, 3.2865e-01]]],


        [[[1.3560e-01, 7.9554e-02, 4.7260e-01,  ..., 6.1513e-01,
           9.9464e-01, 7.1876e-01],
          [4.3084e-01, 7.6908e-01, 6.6348e-02,  ..., 9.2766e-01,
           4.8155e-01, 7.5111e-01],
          [5.6384e-01, 2.1117e-01, 3.7095e-01,  ..., 2.9030e-02,
           2.3541e-01, 3.6888e-01],
          ...,
          [6.1654e-01, 7.5654e-01, 6.2936e-01,  ..., 7.0169e-01,
           6.6510e-01, 2.8893e-02],
          [2.4731e-01, 1.2714e-01, 9.0431e-02,  ..., 5.0256e-01,
           4.3499e-01, 6.0263e-01],
          [1.9751e-01, 4.4682e-01, 3.1424e-01,  ..., 4.6965e-01,
           7.0413e-01, 4.8528e-02]],

         [[6.6098e-01, 6.2272e-02, 4.4280e-01,  ..., 8.5279e-01,
           7.4269e-01, 6.4812e-01],
          [5.2304e-01, 2.4816e-01, 9.7340e-01,  ..., 9.5508e-01,
           8.1658e-01, 9.3707e-01],
          [1.4966e-01, 6.8493e-01, 5.3242e-01,  ..., 9.4647e-01,
           1.7401e-01, 9.0156e-01],
          ...,
          [6.6396e-01, 1.1262e-01, 3.5372e-01,  ..., 4.6457e-01,
           6.6656e-01, 6.4626e-01],
          [8.5406e-01, 5.0996e-01, 7.7048e-01,  ..., 2.6408e-01,
           2.1339e-01, 6.8721e-01],
          [2.6823e-02, 9.1037e-01, 7.5120e-02,  ..., 5.5309e-02,
           5.9954e-01, 8.4162e-01]],

         [[1.0964e-01, 7.9875e-02, 2.0979e-01,  ..., 5.9794e-01,
           6.5037e-01, 7.7259e-01],
          [2.1747e-01, 1.9680e-01, 4.8063e-01,  ..., 5.8990e-01,
           2.8611e-01, 9.1884e-01],
          [5.7187e-01, 4.6352e-01, 1.7550e-01,  ..., 7.4541e-01,
           3.1961e-01, 1.3015e-01],
          ...,
          [9.5879e-02, 7.5357e-01, 5.1828e-01,  ..., 4.1142e-01,
           7.7284e-01, 5.5252e-01],
          [6.4050e-01, 4.5191e-01, 5.9677e-01,  ..., 2.9005e-02,
           2.7498e-01, 5.4732e-02],
          [5.4876e-01, 9.7607e-01, 7.7115e-01,  ..., 3.2165e-02,
           5.2282e-01, 1.3605e-01]],

         ...,

         [[5.8562e-01, 6.8202e-01, 4.7587e-01,  ..., 2.3334e-01,
           2.0817e-02, 3.6662e-01],
          [5.3056e-01, 1.2350e-01, 3.2121e-01,  ..., 3.5470e-01,
           3.2448e-02, 8.6244e-01],
          [5.4855e-01, 5.1039e-01, 2.7161e-01,  ..., 7.5537e-01,
           8.3310e-01, 9.7188e-01],
          ...,
          [6.6165e-01, 1.9331e-01, 8.4013e-01,  ..., 6.9481e-01,
           9.8049e-01, 7.5589e-01],
          [8.7287e-01, 6.8048e-01, 3.6185e-01,  ..., 4.7287e-01,
           3.8451e-01, 9.5006e-01],
          [4.5969e-01, 9.3990e-01, 9.7788e-01,  ..., 1.5135e-01,
           8.6327e-01, 2.3783e-01]],

         [[3.9099e-01, 6.1125e-02, 8.8891e-01,  ..., 6.9170e-01,
           9.0921e-01, 6.6800e-01],
          [6.3224e-02, 2.3229e-01, 2.4574e-01,  ..., 7.8701e-01,
           2.7456e-01, 1.9813e-01],
          [3.2396e-01, 8.0994e-01, 8.6850e-01,  ..., 3.5351e-01,
           6.1830e-01, 7.9160e-01],
          ...,
          [5.3050e-01, 6.1187e-01, 5.0881e-01,  ..., 4.3835e-01,
           5.5788e-01, 7.1551e-01],
          [9.4481e-01, 5.2440e-02, 1.4825e-01,  ..., 9.5090e-02,
           7.1620e-01, 9.9048e-02],
          [9.2258e-01, 8.0151e-01, 8.8443e-01,  ..., 8.6212e-01,
           1.5475e-01, 6.6881e-01]],

         [[1.1602e-01, 1.9446e-01, 9.8508e-02,  ..., 4.1840e-01,
           7.9779e-02, 2.9013e-01],
          [4.0558e-01, 4.5712e-01, 5.1014e-01,  ..., 6.2361e-02,
           3.1390e-01, 5.9649e-01],
          [9.7892e-01, 9.9559e-01, 9.5478e-01,  ..., 5.8485e-01,
           6.4889e-01, 5.0831e-01],
          ...,
          [1.1938e-02, 3.9614e-01, 8.0796e-01,  ..., 4.5350e-01,
           5.3378e-01, 7.8956e-01],
          [1.0543e-01, 1.9418e-01, 7.7060e-01,  ..., 7.3961e-01,
           8.1668e-01, 3.1916e-01],
          [7.4037e-03, 4.1670e-01, 8.7039e-01,  ..., 2.8965e-02,
           1.9068e-01, 6.0532e-01]]],


        [[[5.3663e-01, 8.2917e-01, 7.5064e-01,  ..., 6.6563e-01,
           5.1811e-01, 8.9659e-01],
          [5.0306e-01, 1.8360e-01, 8.7020e-01,  ..., 3.5517e-01,
           5.0853e-01, 4.4949e-01],
          [6.4579e-01, 8.2376e-01, 8.7340e-01,  ..., 5.1011e-01,
           9.6971e-01, 3.7903e-01],
          ...,
          [6.2614e-01, 8.1425e-01, 2.4547e-01,  ..., 2.2820e-01,
           5.7873e-01, 2.4576e-02],
          [4.7279e-01, 6.3112e-02, 6.7707e-01,  ..., 7.1358e-01,
           2.5698e-01, 3.8702e-01],
          [1.0553e-01, 8.7645e-01, 2.8640e-01,  ..., 4.8781e-01,
           9.1974e-01, 2.5220e-01]],

         [[6.2287e-01, 1.9692e-01, 5.6115e-01,  ..., 8.3088e-01,
           9.3253e-01, 7.0358e-01],
          [5.5485e-01, 5.9001e-01, 9.5781e-01,  ..., 4.6354e-01,
           4.9148e-01, 4.2321e-01],
          [1.7294e-01, 1.3945e-01, 3.3555e-01,  ..., 5.5350e-01,
           2.8863e-02, 8.0766e-01],
          ...,
          [1.5469e-01, 1.2056e-01, 5.7472e-01,  ..., 6.8050e-01,
           6.1238e-01, 5.1381e-01],
          [4.1905e-01, 8.2572e-01, 1.3602e-01,  ..., 4.6166e-01,
           3.1991e-01, 3.1270e-01],
          [3.1430e-01, 8.6645e-02, 2.4652e-01,  ..., 3.6145e-01,
           2.7146e-01, 2.0762e-02]],

         [[6.6564e-01, 4.9685e-01, 1.1360e-01,  ..., 6.4990e-01,
           2.5263e-02, 1.1314e-01],
          [7.7385e-01, 6.4685e-01, 9.9662e-01,  ..., 8.0177e-01,
           2.2139e-01, 5.9393e-01],
          [3.1532e-01, 5.4139e-01, 2.6867e-01,  ..., 5.6466e-01,
           9.9695e-01, 1.6437e-01],
          ...,
          [2.9651e-01, 9.0545e-02, 3.0491e-01,  ..., 1.9774e-01,
           5.0158e-01, 4.4126e-01],
          [8.4780e-01, 3.0409e-01, 3.7444e-02,  ..., 5.0549e-01,
           4.8246e-01, 7.7407e-01],
          [1.6707e-02, 7.2526e-01, 3.3436e-02,  ..., 6.7455e-01,
           9.4171e-01, 7.6533e-01]],

         ...,

         [[4.4460e-02, 5.0388e-01, 4.1268e-01,  ..., 5.4561e-01,
           3.9332e-01, 8.2943e-01],
          [7.0906e-01, 6.5473e-01, 5.2588e-01,  ..., 9.7806e-01,
           6.4162e-01, 7.3134e-01],
          [9.7171e-01, 5.1725e-01, 9.9710e-01,  ..., 5.0362e-01,
           1.0667e-01, 3.4461e-01],
          ...,
          [8.9551e-01, 3.5845e-01, 2.9570e-01,  ..., 7.4803e-01,
           5.1317e-01, 4.1587e-01],
          [2.9022e-01, 9.3733e-01, 2.4193e-01,  ..., 3.9073e-01,
           1.7996e-02, 3.4038e-01],
          [2.3676e-01, 4.5996e-01, 2.9799e-01,  ..., 9.3504e-01,
           8.1477e-01, 8.9287e-01]],

         [[9.5962e-01, 7.4985e-01, 1.4916e-01,  ..., 5.2849e-01,
           8.6370e-01, 7.3959e-01],
          [6.5714e-01, 3.7992e-01, 5.2831e-02,  ..., 6.6813e-01,
           9.0279e-01, 5.9663e-01],
          [8.2085e-01, 2.9949e-01, 6.2116e-01,  ..., 1.7361e-01,
           6.9976e-01, 9.3573e-01],
          ...,
          [6.5425e-01, 8.5223e-01, 5.8731e-01,  ..., 5.7454e-01,
           8.6597e-01, 6.3477e-01],
          [5.8781e-01, 6.8553e-01, 9.4305e-01,  ..., 4.1321e-01,
           5.6041e-01, 2.2430e-01],
          [6.3357e-01, 6.4973e-01, 8.7463e-01,  ..., 9.3382e-02,
           3.4242e-01, 6.7946e-01]],

         [[8.5904e-01, 8.6179e-01, 8.7433e-01,  ..., 4.2810e-01,
           6.0135e-01, 4.7194e-01],
          [9.9559e-02, 5.2658e-01, 1.4260e-01,  ..., 6.7958e-02,
           4.0892e-01, 5.4599e-01],
          [6.1290e-01, 1.4127e-01, 6.4150e-01,  ..., 6.5864e-01,
           9.7143e-02, 3.3951e-01],
          ...,
          [3.0105e-01, 8.4097e-01, 6.9263e-01,  ..., 4.0697e-02,
           8.6297e-01, 3.6605e-01],
          [9.9211e-01, 4.2056e-01, 4.2292e-01,  ..., 5.5760e-01,
           1.1421e-01, 9.0784e-01],
          [1.1555e-01, 7.5763e-01, 1.0762e-01,  ..., 5.1138e-01,
           3.7943e-01, 7.5239e-01]]],


        ...,


        [[[3.5512e-02, 9.0643e-01, 8.2215e-01,  ..., 6.8266e-01,
           4.4100e-01, 5.1476e-01],
          [3.0164e-01, 7.6574e-01, 8.3535e-01,  ..., 1.0888e-01,
           7.3939e-01, 6.1545e-01],
          [4.8620e-01, 9.7851e-02, 4.3856e-01,  ..., 3.6439e-01,
           2.9456e-01, 3.6286e-01],
          ...,
          [9.3572e-01, 2.5388e-01, 4.1699e-01,  ..., 7.3152e-01,
           2.8516e-01, 6.7968e-01],
          [9.9215e-01, 8.6963e-01, 5.7350e-01,  ..., 5.0813e-01,
           8.6626e-01, 7.5427e-01],
          [9.1992e-02, 4.8557e-01, 4.3774e-01,  ..., 3.6319e-01,
           7.6865e-01, 8.6394e-01]],

         [[3.8973e-01, 2.1182e-01, 8.3244e-01,  ..., 7.6423e-01,
           3.9604e-01, 2.7505e-01],
          [2.0853e-01, 7.0794e-01, 6.0945e-01,  ..., 7.8407e-01,
           6.4034e-01, 1.6140e-01],
          [6.2020e-01, 7.6559e-01, 4.2549e-01,  ..., 1.5387e-02,
           2.1299e-01, 9.4029e-01],
          ...,
          [8.0626e-01, 4.3012e-01, 1.9512e-01,  ..., 8.0928e-02,
           1.6189e-01, 4.9472e-01],
          [5.9601e-01, 9.6800e-01, 5.3220e-01,  ..., 5.6051e-01,
           1.7008e-01, 2.7334e-02],
          [8.7677e-01, 7.1119e-01, 8.5706e-01,  ..., 3.0806e-01,
           8.1397e-01, 8.8069e-01]],

         [[6.2486e-01, 7.3186e-01, 6.8876e-02,  ..., 8.0388e-01,
           1.6530e-01, 6.5214e-01],
          [2.3105e-01, 4.1818e-01, 8.7571e-01,  ..., 7.6605e-01,
           3.0419e-01, 5.1495e-01],
          [2.1148e-01, 8.2654e-01, 1.6222e-01,  ..., 1.4922e-01,
           1.0405e-01, 6.4552e-01],
          ...,
          [6.1743e-01, 5.1708e-02, 9.0789e-01,  ..., 4.8455e-02,
           7.3507e-01, 9.7563e-02],
          [2.1395e-01, 8.6222e-01, 4.6113e-01,  ..., 7.8541e-01,
           3.4207e-01, 4.5211e-01],
          [1.6060e-01, 5.7268e-01, 9.6388e-01,  ..., 3.7622e-01,
           4.0741e-01, 6.7397e-01]],

         ...,

         [[7.6261e-01, 4.1586e-01, 3.4606e-02,  ..., 5.1694e-01,
           5.5769e-01, 1.2206e-01],
          [9.7973e-01, 5.8034e-01, 6.8566e-02,  ..., 5.8979e-01,
           7.7839e-01, 4.9819e-01],
          [3.0856e-01, 2.7903e-01, 9.7767e-02,  ..., 5.9982e-01,
           3.4876e-01, 7.1269e-03],
          ...,
          [4.1360e-01, 6.6365e-01, 5.4426e-01,  ..., 2.9580e-02,
           7.8950e-01, 6.9159e-01],
          [6.3719e-01, 2.3045e-01, 1.5484e-01,  ..., 5.4872e-01,
           9.5792e-01, 1.2606e-01],
          [4.1360e-01, 2.4135e-01, 1.6998e-01,  ..., 8.7750e-01,
           6.1543e-01, 2.7049e-01]],

         [[9.9536e-01, 1.2838e-01, 8.2932e-01,  ..., 7.6680e-01,
           7.4367e-01, 7.8667e-01],
          [1.2079e-01, 9.5206e-01, 1.8241e-01,  ..., 1.2840e-01,
           5.6706e-01, 6.0991e-01],
          [3.6907e-01, 3.7994e-01, 1.2128e-01,  ..., 9.9433e-01,
           8.0523e-01, 5.4832e-01],
          ...,
          [7.2387e-01, 2.7067e-01, 3.4047e-01,  ..., 6.7487e-01,
           6.4361e-01, 6.6007e-01],
          [8.0655e-01, 6.6775e-01, 9.9369e-01,  ..., 8.5669e-02,
           9.8540e-01, 2.4469e-01],
          [4.5266e-02, 2.3914e-01, 7.8368e-01,  ..., 4.9059e-01,
           3.5525e-01, 5.4792e-01]],

         [[1.1880e-01, 6.0659e-01, 5.6626e-01,  ..., 3.1948e-01,
           8.5738e-01, 2.0631e-01],
          [3.8654e-01, 2.1057e-01, 7.9382e-01,  ..., 8.2383e-02,
           1.7444e-01, 7.0937e-01],
          [6.8477e-01, 8.1332e-01, 8.1203e-01,  ..., 5.2544e-01,
           5.7930e-01, 9.6517e-02],
          ...,
          [8.9811e-01, 3.9335e-01, 2.6531e-01,  ..., 6.6714e-02,
           9.0296e-01, 4.9845e-01],
          [5.0778e-01, 5.1254e-01, 1.2701e-01,  ..., 7.0789e-01,
           6.5620e-01, 7.3672e-01],
          [6.1870e-01, 2.9833e-01, 8.5200e-02,  ..., 2.2422e-01,
           7.9789e-01, 9.3370e-01]]],


        [[[3.8490e-01, 1.7117e-01, 9.0095e-01,  ..., 9.7281e-01,
           8.7234e-01, 3.7443e-01],
          [3.4922e-01, 7.7689e-01, 9.8584e-01,  ..., 3.9800e-01,
           9.1028e-01, 5.4356e-01],
          [2.6063e-01, 5.5099e-01, 1.7419e-01,  ..., 6.8031e-02,
           3.1113e-01, 1.4665e-01],
          ...,
          [5.5465e-01, 7.9938e-02, 4.0048e-03,  ..., 9.8637e-01,
           8.0766e-01, 5.6761e-01],
          [7.2740e-01, 3.4300e-01, 9.1418e-01,  ..., 5.2729e-01,
           8.9274e-01, 9.2628e-01],
          [1.7572e-01, 3.8387e-01, 7.0895e-01,  ..., 7.9784e-01,
           6.0180e-01, 4.3188e-01]],

         [[1.3095e-01, 6.4398e-01, 2.1964e-01,  ..., 1.9471e-01,
           8.3259e-01, 3.8950e-02],
          [2.0887e-02, 2.7894e-01, 5.1772e-02,  ..., 2.6498e-01,
           2.1865e-01, 4.2838e-02],
          [9.4028e-01, 6.9263e-01, 3.2191e-01,  ..., 9.8539e-01,
           4.7133e-02, 4.7917e-01],
          ...,
          [5.7319e-01, 3.3245e-01, 8.0794e-01,  ..., 4.8213e-01,
           2.3572e-01, 6.8580e-01],
          [8.9977e-01, 8.7482e-01, 6.3180e-01,  ..., 6.4650e-01,
           3.0858e-01, 2.8744e-01],
          [7.0542e-01, 6.0370e-02, 1.0685e-01,  ..., 1.6095e-01,
           8.3580e-01, 2.8576e-02]],

         [[2.7725e-02, 5.5245e-01, 3.4732e-01,  ..., 2.1325e-02,
           1.7830e-01, 3.4713e-01],
          [7.5432e-01, 7.9920e-01, 2.5365e-01,  ..., 8.1185e-01,
           3.8353e-01, 3.2584e-01],
          [9.8010e-01, 2.2803e-01, 1.8182e-01,  ..., 6.1611e-01,
           1.7420e-01, 8.7603e-01],
          ...,
          [5.7333e-02, 5.6207e-01, 4.2351e-01,  ..., 3.1879e-01,
           9.8508e-01, 8.4939e-01],
          [8.5412e-01, 8.2128e-01, 3.3320e-01,  ..., 4.8109e-01,
           3.3417e-01, 7.6192e-01],
          [5.6930e-03, 2.5396e-01, 3.4817e-01,  ..., 4.7932e-01,
           3.8118e-01, 5.6159e-02]],

         ...,

         [[2.0648e-01, 9.5842e-01, 3.0532e-01,  ..., 3.8773e-01,
           9.3221e-01, 4.1331e-01],
          [4.3394e-01, 8.4505e-01, 8.4971e-01,  ..., 8.8687e-01,
           7.2863e-01, 4.5341e-01],
          [7.9764e-01, 2.8279e-01, 2.5560e-01,  ..., 9.2329e-01,
           6.0842e-01, 3.4629e-02],
          ...,
          [9.0011e-01, 5.8521e-01, 9.1958e-01,  ..., 7.9382e-01,
           5.6708e-01, 6.8053e-01],
          [7.8933e-02, 7.0613e-01, 2.9094e-02,  ..., 8.8330e-01,
           5.7727e-01, 6.6649e-02],
          [2.2442e-01, 5.1384e-01, 4.6864e-01,  ..., 1.6964e-01,
           3.2746e-01, 7.3477e-01]],

         [[3.0772e-02, 3.2623e-01, 3.2555e-02,  ..., 3.0097e-01,
           3.1312e-01, 4.3112e-01],
          [3.8961e-01, 1.2476e-01, 9.6877e-01,  ..., 1.6642e-01,
           3.7403e-01, 1.4195e-01],
          [9.2747e-01, 1.5605e-01, 2.6267e-01,  ..., 4.0188e-01,
           6.0584e-01, 2.1230e-01],
          ...,
          [2.1758e-01, 3.7623e-01, 6.7774e-01,  ..., 8.7267e-01,
           4.9598e-01, 4.9340e-01],
          [4.5307e-01, 3.9374e-01, 8.5409e-01,  ..., 4.0268e-01,
           3.8786e-01, 2.5786e-01],
          [9.5404e-01, 3.1227e-01, 2.2311e-01,  ..., 3.3069e-01,
           3.8331e-01, 3.4243e-01]],

         [[4.8577e-01, 4.4152e-01, 6.0553e-01,  ..., 5.9590e-01,
           4.9693e-01, 5.1777e-01],
          [2.2859e-01, 2.5779e-01, 5.8823e-01,  ..., 1.7008e-01,
           6.6381e-01, 7.6949e-01],
          [7.2922e-01, 5.0825e-01, 3.9451e-01,  ..., 3.1732e-01,
           8.5161e-01, 5.8402e-01],
          ...,
          [1.8341e-01, 4.5342e-01, 7.3682e-01,  ..., 7.4023e-01,
           8.5247e-01, 3.7160e-01],
          [2.5652e-01, 2.5517e-01, 4.9606e-01,  ..., 5.3530e-01,
           6.5601e-01, 3.6142e-01],
          [5.2238e-01, 5.0705e-01, 2.6936e-01,  ..., 4.8658e-01,
           5.8473e-02, 9.3882e-01]]],


        [[[4.8006e-01, 7.7865e-01, 6.3423e-01,  ..., 6.7817e-01,
           8.6180e-01, 8.7842e-01],
          [2.2612e-01, 9.3098e-01, 7.2793e-01,  ..., 1.5799e-01,
           3.6145e-01, 9.1382e-01],
          [5.4938e-01, 3.1915e-01, 6.6013e-01,  ..., 4.8389e-01,
           9.1331e-01, 3.8359e-01],
          ...,
          [5.6997e-01, 4.1726e-01, 5.0531e-01,  ..., 4.5588e-02,
           1.3074e-01, 6.9716e-01],
          [3.9901e-01, 6.5229e-01, 7.2386e-01,  ..., 8.1441e-01,
           8.3243e-01, 7.8117e-01],
          [9.6424e-01, 4.6905e-01, 1.5345e-01,  ..., 8.2111e-01,
           8.8663e-01, 4.7599e-01]],

         [[4.4628e-01, 6.8594e-01, 7.4368e-01,  ..., 4.2848e-01,
           7.6603e-01, 8.5913e-01],
          [6.5506e-01, 2.2524e-01, 4.2789e-01,  ..., 3.5620e-01,
           6.4831e-01, 3.3153e-01],
          [2.0845e-01, 5.6357e-01, 4.9408e-01,  ..., 1.5419e-01,
           1.9318e-01, 3.1785e-01],
          ...,
          [1.3074e-01, 8.7344e-01, 8.0898e-01,  ..., 2.9680e-01,
           7.0423e-01, 5.9007e-01],
          [1.4422e-01, 6.5905e-01, 3.2190e-01,  ..., 3.1555e-01,
           2.9589e-02, 8.0512e-01],
          [8.2292e-01, 9.2699e-01, 5.7490e-01,  ..., 2.6980e-01,
           8.4396e-01, 3.2028e-01]],

         [[4.3489e-01, 7.7691e-01, 3.5545e-01,  ..., 4.1712e-01,
           2.8074e-01, 8.7800e-01],
          [9.2359e-02, 1.7213e-01, 2.3805e-01,  ..., 7.5678e-01,
           7.0298e-01, 5.7872e-01],
          [1.7831e-01, 5.5787e-01, 7.4578e-01,  ..., 4.4445e-01,
           8.9545e-02, 3.0265e-01],
          ...,
          [2.8870e-01, 3.0303e-01, 8.6061e-01,  ..., 8.4450e-01,
           5.5168e-01, 9.2802e-01],
          [9.5841e-01, 3.4323e-01, 4.3016e-01,  ..., 6.8691e-01,
           2.0781e-01, 6.9208e-01],
          [8.6770e-01, 5.4306e-01, 4.0145e-01,  ..., 5.5162e-01,
           6.6939e-01, 6.0465e-01]],

         ...,

         [[6.9977e-01, 7.1309e-01, 9.2702e-01,  ..., 7.9013e-01,
           3.5221e-01, 9.2361e-01],
          [9.7132e-01, 4.2057e-01, 5.8549e-01,  ..., 4.8785e-02,
           3.2343e-01, 8.6897e-01],
          [7.9230e-01, 1.7337e-01, 6.8336e-01,  ..., 7.5327e-01,
           7.6494e-01, 9.6250e-01],
          ...,
          [2.1466e-01, 3.9402e-01, 7.1402e-01,  ..., 3.4768e-01,
           1.3280e-01, 9.7070e-01],
          [6.7710e-01, 2.1972e-01, 9.9781e-01,  ..., 9.9354e-01,
           6.6901e-01, 1.1944e-01],
          [5.7878e-01, 1.3846e-01, 9.0405e-02,  ..., 8.1057e-01,
           6.0258e-01, 6.9041e-01]],

         [[1.5873e-01, 8.1692e-01, 9.7349e-02,  ..., 2.2082e-01,
           3.1761e-01, 5.8148e-01],
          [3.8260e-01, 1.9934e-01, 3.6465e-01,  ..., 4.1026e-01,
           4.1123e-01, 2.0042e-02],
          [5.6688e-01, 3.6054e-02, 3.8835e-01,  ..., 4.7057e-02,
           7.8917e-01, 4.6062e-01],
          ...,
          [4.3924e-02, 7.3517e-01, 9.3264e-01,  ..., 3.8775e-01,
           7.5191e-01, 7.7042e-01],
          [2.4195e-01, 6.6409e-01, 4.5579e-01,  ..., 2.7530e-01,
           6.5673e-01, 2.8885e-01],
          [7.1664e-01, 4.2217e-01, 2.0448e-01,  ..., 1.7713e-01,
           7.7708e-01, 9.5449e-01]],

         [[8.1869e-01, 9.9129e-01, 9.4242e-01,  ..., 6.2739e-01,
           5.7414e-01, 2.2380e-01],
          [1.3591e-01, 6.8457e-01, 8.0511e-01,  ..., 5.5155e-01,
           9.5802e-01, 9.9372e-01],
          [2.8162e-01, 5.8022e-01, 6.3591e-01,  ..., 1.5227e-01,
           6.3528e-01, 6.7121e-01],
          ...,
          [8.3727e-01, 4.2835e-01, 6.7665e-01,  ..., 2.1862e-01,
           2.6490e-01, 8.3492e-01],
          [2.6464e-01, 8.1188e-01, 6.7702e-01,  ..., 8.8857e-01,
           4.2236e-01, 8.4130e-01],
          [9.9624e-01, 3.8582e-01, 9.9864e-01,  ..., 1.5149e-01,
           7.8229e-01, 6.0935e-02]]]])
