tensor([[[[6.1561e-01, 3.6397e-03, 5.7987e-01,  ..., 3.3778e-01,
           3.9362e-01, 1.4558e-01],
          [3.3815e-01, 8.4211e-01, 9.9575e-01,  ..., 5.0039e-01,
           1.5435e-01, 2.8769e-01],
          [7.2083e-01, 1.1349e-02, 1.5908e-01,  ..., 7.1783e-01,
           4.7633e-02, 7.8126e-01],
          ...,
          [7.3388e-01, 3.7288e-03, 2.7941e-01,  ..., 1.1728e-01,
           1.2498e-01, 8.2098e-01],
          [2.0849e-01, 3.1949e-01, 6.8339e-02,  ..., 5.4206e-01,
           8.6421e-01, 5.6717e-01],
          [8.9412e-01, 7.6452e-01, 3.6922e-01,  ..., 5.5569e-01,
           6.8979e-01, 3.3724e-01]],

         [[4.7700e-01, 7.9326e-01, 3.4152e-01,  ..., 4.5406e-01,
           6.7608e-01, 2.2016e-01],
          [3.6281e-02, 3.0521e-01, 3.3461e-01,  ..., 6.8268e-01,
           4.7416e-01, 5.1855e-01],
          [8.7658e-01, 7.1903e-01, 9.8364e-02,  ..., 4.8261e-01,
           1.8465e-01, 7.3054e-01],
          ...,
          [9.2879e-01, 8.2260e-01, 4.7954e-01,  ..., 8.6339e-01,
           3.1948e-01, 3.2154e-01],
          [1.7727e-01, 2.4706e-01, 5.5599e-01,  ..., 7.5986e-01,
           1.8910e-01, 4.2294e-01],
          [1.9296e-01, 9.0732e-01, 9.4076e-01,  ..., 3.1821e-01,
           8.6590e-03, 5.0024e-01]],

         [[7.1398e-01, 3.5841e-01, 7.6814e-01,  ..., 4.3418e-01,
           9.7255e-01, 2.6030e-02],
          [7.2584e-03, 5.1264e-02, 1.6114e-01,  ..., 4.7958e-01,
           1.9557e-01, 1.8462e-01],
          [4.0728e-01, 8.8002e-01, 5.1794e-01,  ..., 6.5864e-01,
           7.8407e-01, 3.3693e-01],
          ...,
          [8.2084e-01, 2.0519e-01, 4.0695e-01,  ..., 8.6242e-01,
           3.4420e-01, 8.2053e-01],
          [3.6784e-01, 4.1614e-01, 8.7583e-01,  ..., 7.9868e-02,
           9.4095e-01, 3.0640e-01],
          [4.6172e-01, 7.3863e-01, 9.6057e-01,  ..., 1.9969e-01,
           2.0834e-01, 4.1212e-01]],

         ...,

         [[7.4627e-01, 9.9320e-01, 6.8745e-02,  ..., 3.3621e-01,
           8.8946e-01, 7.4908e-01],
          [2.6060e-02, 4.3723e-01, 8.5091e-01,  ..., 1.8005e-01,
           1.0660e-01, 6.7496e-01],
          [2.2065e-01, 8.8759e-01, 4.3864e-01,  ..., 5.6784e-01,
           2.7867e-01, 4.0415e-01],
          ...,
          [2.8450e-01, 3.2757e-01, 3.9415e-01,  ..., 4.0926e-01,
           9.8309e-01, 7.8254e-01],
          [2.6230e-01, 5.1956e-02, 8.7753e-01,  ..., 8.5594e-01,
           9.4216e-01, 9.3993e-01],
          [8.1562e-01, 4.2390e-01, 5.3058e-01,  ..., 6.4385e-01,
           3.3215e-01, 9.1295e-01]],

         [[5.3649e-01, 7.7380e-01, 5.4593e-01,  ..., 7.4500e-02,
           8.4875e-01, 5.3853e-01],
          [3.1643e-01, 5.0015e-01, 8.4752e-01,  ..., 8.4024e-01,
           2.5016e-01, 6.1030e-01],
          [1.1750e-01, 7.4555e-01, 4.0813e-01,  ..., 8.2086e-01,
           9.0804e-01, 7.7157e-01],
          ...,
          [7.9547e-01, 9.4198e-01, 1.9140e-01,  ..., 4.6028e-01,
           4.7689e-01, 2.9561e-01],
          [5.7857e-01, 1.4396e-01, 4.5228e-01,  ..., 1.3914e-01,
           2.4166e-01, 1.4606e-01],
          [3.9172e-01, 6.3491e-01, 6.0562e-01,  ..., 9.6583e-01,
           8.4098e-01, 3.9744e-02]],

         [[3.6209e-01, 8.1163e-01, 9.5293e-01,  ..., 4.4270e-01,
           1.6120e-02, 3.1074e-01],
          [1.8973e-01, 2.3909e-01, 2.1240e-01,  ..., 4.4887e-01,
           7.8671e-01, 8.2251e-01],
          [6.7897e-01, 6.2638e-01, 7.9789e-01,  ..., 2.4736e-01,
           5.0727e-01, 1.7139e-02],
          ...,
          [4.9973e-01, 9.3236e-01, 3.6844e-01,  ..., 2.8541e-01,
           3.8974e-01, 5.6985e-01],
          [1.1683e-01, 8.0788e-01, 5.3260e-01,  ..., 2.1117e-01,
           6.6968e-01, 1.2397e-01],
          [1.4753e-01, 8.9970e-01, 1.4748e-01,  ..., 7.8607e-01,
           5.5559e-01, 2.0493e-01]]],


        [[[6.8434e-01, 4.2316e-01, 6.3166e-01,  ..., 3.6936e-01,
           5.4585e-02, 2.0611e-01],
          [3.6371e-01, 9.8522e-01, 8.4161e-01,  ..., 2.3151e-01,
           4.3849e-01, 9.3861e-01],
          [8.5629e-01, 4.9937e-01, 2.9876e-01,  ..., 7.8304e-01,
           3.9114e-01, 5.1621e-01],
          ...,
          [5.8708e-01, 9.5443e-01, 7.9103e-01,  ..., 2.9793e-01,
           6.4575e-01, 4.1413e-01],
          [3.7759e-01, 1.2191e-01, 5.5075e-01,  ..., 1.6862e-01,
           5.6375e-01, 3.0598e-01],
          [6.6142e-01, 7.4513e-01, 6.5502e-01,  ..., 4.1375e-02,
           9.5443e-01, 1.7888e-01]],

         [[2.0976e-01, 2.3326e-02, 6.4669e-01,  ..., 4.5190e-01,
           3.8051e-01, 8.1514e-01],
          [5.0645e-01, 8.7609e-01, 4.8308e-01,  ..., 7.3107e-01,
           8.4691e-01, 8.2871e-01],
          [9.4356e-01, 3.6725e-01, 9.2133e-02,  ..., 6.7703e-01,
           2.1301e-01, 3.8281e-02],
          ...,
          [3.0562e-01, 1.4794e-01, 4.5650e-01,  ..., 2.1853e-01,
           3.4994e-01, 2.1893e-01],
          [6.1610e-01, 3.4234e-01, 9.4867e-01,  ..., 8.5619e-01,
           2.4395e-01, 4.6946e-01],
          [5.7878e-02, 5.9070e-01, 5.9289e-01,  ..., 4.6211e-01,
           6.7896e-01, 6.7436e-02]],

         [[6.1220e-01, 8.3843e-01, 7.6859e-01,  ..., 4.6772e-04,
           6.2297e-01, 9.6525e-01],
          [9.9051e-01, 7.5761e-01, 2.2671e-02,  ..., 5.5492e-01,
           2.5807e-01, 8.2378e-01],
          [5.3735e-01, 4.4368e-01, 9.8735e-01,  ..., 6.7935e-01,
           5.9120e-01, 8.9969e-01],
          ...,
          [1.0975e-01, 4.8241e-01, 9.4403e-01,  ..., 9.8600e-01,
           3.9005e-01, 7.8054e-01],
          [6.6441e-01, 2.7926e-01, 1.1658e-01,  ..., 7.1283e-01,
           8.5845e-01, 3.1412e-01],
          [9.4253e-01, 4.2250e-01, 9.1714e-01,  ..., 8.5104e-01,
           4.7218e-02, 9.2319e-01]],

         ...,

         [[5.7043e-01, 3.6418e-01, 6.7156e-01,  ..., 7.6570e-01,
           2.5864e-01, 2.3155e-01],
          [2.3265e-01, 2.1189e-01, 6.3024e-01,  ..., 3.9098e-01,
           5.2298e-01, 9.5270e-01],
          [4.8144e-01, 8.7340e-01, 7.1842e-01,  ..., 5.3188e-01,
           4.8574e-02, 3.7251e-01],
          ...,
          [5.1351e-01, 5.9975e-01, 3.9645e-01,  ..., 6.6868e-01,
           3.0022e-01, 3.1003e-01],
          [8.1076e-02, 3.0080e-01, 1.8974e-01,  ..., 6.1884e-01,
           9.5229e-01, 3.5212e-01],
          [1.4590e-01, 5.3792e-01, 7.3616e-01,  ..., 8.8200e-01,
           1.9986e-01, 9.2944e-01]],

         [[4.9601e-01, 2.1071e-01, 6.5153e-01,  ..., 6.0113e-02,
           6.1586e-01, 1.8743e-01],
          [6.5390e-01, 8.8594e-01, 9.7272e-01,  ..., 7.7632e-01,
           4.3671e-01, 8.1711e-01],
          [7.2855e-01, 2.5085e-01, 9.1095e-01,  ..., 9.3711e-01,
           3.7561e-01, 7.8189e-02],
          ...,
          [2.2940e-01, 5.5514e-01, 6.9243e-02,  ..., 7.8087e-01,
           1.5773e-01, 4.4106e-01],
          [1.4508e-01, 7.2727e-01, 9.4892e-02,  ..., 1.4965e-01,
           4.4834e-01, 4.1444e-01],
          [6.7013e-01, 4.6850e-02, 1.4683e-01,  ..., 9.2534e-01,
           3.9089e-01, 6.0512e-01]],

         [[4.0092e-01, 3.4331e-01, 9.1651e-01,  ..., 2.7220e-01,
           3.7894e-01, 2.4663e-01],
          [4.9697e-01, 6.3811e-01, 2.3747e-01,  ..., 2.6927e-01,
           2.5238e-01, 7.0160e-01],
          [4.3877e-01, 6.9096e-01, 5.3956e-01,  ..., 8.7950e-01,
           6.4081e-01, 2.7907e-01],
          ...,
          [6.7171e-01, 1.6455e-01, 6.1843e-01,  ..., 6.1852e-01,
           3.8061e-02, 1.1620e-01],
          [1.3712e-01, 5.9590e-01, 9.9550e-01,  ..., 8.5217e-01,
           6.0882e-01, 9.7568e-01],
          [2.6025e-01, 4.5780e-01, 6.7434e-01,  ..., 1.6036e-02,
           2.1955e-01, 1.6064e-01]]],


        [[[4.0044e-01, 9.7113e-01, 9.5699e-01,  ..., 6.0784e-01,
           9.3266e-01, 5.3338e-01],
          [7.2520e-01, 5.7367e-01, 1.1698e-01,  ..., 6.4370e-02,
           2.8688e-01, 1.4654e-01],
          [4.4489e-01, 5.3030e-01, 4.0324e-01,  ..., 7.3731e-01,
           3.7320e-01, 6.3922e-01],
          ...,
          [8.3649e-01, 3.3154e-01, 4.2670e-01,  ..., 7.3391e-03,
           5.8724e-01, 9.4399e-01],
          [5.8736e-01, 7.3763e-01, 5.9042e-01,  ..., 1.9995e-01,
           2.9407e-02, 7.6807e-01],
          [4.4121e-01, 8.5624e-01, 8.5290e-01,  ..., 4.0370e-01,
           5.1655e-01, 7.3288e-01]],

         [[7.0586e-01, 9.1632e-01, 8.8203e-01,  ..., 4.5371e-01,
           5.3768e-01, 4.1116e-01],
          [5.6171e-01, 7.2901e-01, 4.1762e-01,  ..., 5.3337e-01,
           2.3237e-01, 4.9999e-01],
          [9.7947e-02, 7.1549e-01, 8.2181e-01,  ..., 5.2793e-01,
           9.5441e-01, 1.1797e-01],
          ...,
          [2.4920e-01, 4.7018e-01, 1.8382e-02,  ..., 6.3579e-01,
           9.3608e-01, 6.9573e-01],
          [5.9520e-01, 5.7371e-01, 9.0614e-01,  ..., 7.3265e-02,
           9.6995e-01, 3.5401e-01],
          [2.0156e-01, 4.3056e-01, 8.0729e-01,  ..., 1.2852e-01,
           3.4266e-01, 9.1154e-01]],

         [[2.6064e-01, 9.1721e-01, 2.0002e-02,  ..., 2.6217e-03,
           5.4413e-01, 4.6512e-01],
          [3.4327e-01, 7.5418e-01, 3.2788e-01,  ..., 8.0812e-01,
           5.4257e-01, 8.8033e-01],
          [5.4429e-01, 9.1686e-01, 6.9720e-01,  ..., 1.9507e-01,
           4.8051e-02, 8.5308e-01],
          ...,
          [9.0418e-01, 6.5967e-01, 9.4423e-01,  ..., 7.5986e-02,
           6.7750e-01, 9.6840e-01],
          [5.1026e-01, 5.9071e-01, 7.0458e-01,  ..., 9.4195e-01,
           9.3100e-01, 5.3281e-01],
          [8.7518e-01, 3.6156e-01, 4.5278e-01,  ..., 7.4692e-01,
           9.2570e-01, 3.2255e-01]],

         ...,

         [[1.8616e-01, 8.5287e-01, 8.8753e-01,  ..., 7.1107e-01,
           1.1815e-01, 6.8200e-01],
          [2.1327e-01, 4.2171e-01, 7.7394e-01,  ..., 6.3266e-01,
           3.4533e-01, 1.0203e-01],
          [1.5261e-01, 8.8548e-02, 2.6413e-01,  ..., 5.1748e-01,
           5.7596e-01, 8.6116e-01],
          ...,
          [3.4448e-01, 9.3136e-01, 4.0638e-01,  ..., 2.4480e-01,
           3.4793e-01, 1.4709e-01],
          [4.4044e-01, 9.9066e-01, 4.9697e-01,  ..., 3.7537e-01,
           4.9694e-01, 6.6180e-01],
          [1.2040e-01, 1.6711e-01, 4.1057e-01,  ..., 4.9180e-01,
           9.1370e-01, 5.5530e-01]],

         [[9.9002e-01, 6.6540e-03, 4.0210e-01,  ..., 4.6414e-02,
           2.0011e-01, 3.9886e-01],
          [9.9974e-01, 9.4890e-01, 2.4248e-01,  ..., 6.9572e-02,
           7.9899e-01, 3.8420e-01],
          [9.6308e-01, 1.8683e-01, 6.4698e-01,  ..., 7.2295e-01,
           3.9283e-01, 6.6704e-01],
          ...,
          [8.3928e-01, 4.5137e-01, 3.2714e-01,  ..., 6.9846e-01,
           3.3371e-02, 2.8183e-01],
          [6.0761e-01, 8.4915e-01, 6.7209e-01,  ..., 5.6169e-01,
           8.2862e-02, 2.9086e-01],
          [5.6000e-01, 9.0564e-01, 7.7542e-01,  ..., 8.0713e-01,
           8.4700e-01, 3.1461e-01]],

         [[2.8315e-01, 3.1332e-01, 3.5059e-01,  ..., 6.5880e-01,
           8.9518e-01, 2.9179e-01],
          [6.8183e-01, 3.3348e-01, 1.1460e-01,  ..., 4.0348e-01,
           3.4869e-01, 4.5709e-01],
          [2.3506e-01, 6.6096e-01, 4.3914e-01,  ..., 2.2188e-01,
           8.0910e-01, 5.3474e-01],
          ...,
          [2.0048e-01, 5.1777e-01, 1.2233e-02,  ..., 5.2802e-01,
           7.4378e-01, 5.0183e-01],
          [7.3706e-01, 7.0011e-02, 9.0563e-01,  ..., 4.2605e-01,
           1.6941e-01, 1.0390e-01],
          [7.6894e-01, 2.4960e-01, 1.1832e-01,  ..., 3.3838e-01,
           4.5267e-01, 7.8194e-01]]],


        ...,


        [[[2.5114e-01, 2.4402e-01, 3.3914e-01,  ..., 3.4311e-01,
           2.1940e-02, 2.1753e-01],
          [8.4511e-02, 4.8701e-01, 5.3639e-01,  ..., 6.4622e-01,
           4.2817e-01, 7.2731e-01],
          [2.4668e-01, 1.0271e-01, 4.6597e-02,  ..., 9.1991e-01,
           4.6926e-01, 3.3957e-01],
          ...,
          [6.6210e-01, 2.1255e-02, 1.3411e-01,  ..., 4.2582e-01,
           9.8428e-01, 7.0896e-01],
          [5.3319e-02, 7.4818e-01, 5.8642e-01,  ..., 1.9156e-01,
           1.8178e-01, 6.2607e-02],
          [3.4982e-02, 8.0460e-01, 8.3554e-01,  ..., 4.9160e-01,
           2.7759e-01, 6.4790e-02]],

         [[7.0722e-01, 8.7059e-01, 5.4885e-01,  ..., 1.1041e-01,
           3.5203e-01, 1.0934e-01],
          [5.5455e-01, 4.2653e-01, 7.5109e-01,  ..., 1.4979e-01,
           4.0985e-01, 4.9481e-01],
          [3.6672e-01, 6.8669e-01, 3.3266e-01,  ..., 2.6580e-01,
           5.7745e-01, 5.7293e-01],
          ...,
          [8.8871e-01, 6.0504e-01, 6.1633e-01,  ..., 8.1746e-01,
           9.1319e-01, 5.1143e-01],
          [5.3942e-01, 8.8232e-01, 3.2408e-02,  ..., 5.8290e-02,
           8.4428e-01, 2.0251e-01],
          [9.7892e-01, 2.0181e-01, 9.0907e-01,  ..., 3.5522e-01,
           6.8395e-01, 8.8741e-01]],

         [[4.5214e-01, 8.5137e-01, 3.0294e-01,  ..., 6.3209e-01,
           8.9792e-01, 9.1526e-01],
          [1.5763e-01, 2.9765e-01, 8.3172e-01,  ..., 6.9624e-01,
           6.6251e-01, 1.3681e-01],
          [3.0363e-01, 1.8744e-01, 5.2520e-01,  ..., 8.1549e-02,
           8.8758e-01, 9.5695e-01],
          ...,
          [2.1627e-01, 8.3914e-01, 5.8395e-01,  ..., 1.6884e-01,
           4.8538e-01, 4.0057e-01],
          [1.9433e-01, 8.0038e-01, 4.7863e-01,  ..., 5.0946e-01,
           8.2268e-01, 8.3901e-01],
          [8.3662e-01, 8.7095e-01, 2.9280e-01,  ..., 8.1284e-01,
           9.7017e-01, 7.7965e-01]],

         ...,

         [[9.7475e-01, 8.6688e-01, 9.7982e-02,  ..., 4.6491e-01,
           1.0374e-01, 1.1905e-01],
          [1.9631e-01, 8.6192e-01, 9.6481e-01,  ..., 5.6222e-01,
           5.3363e-01, 1.9882e-01],
          [5.2946e-01, 7.6128e-02, 3.8634e-01,  ..., 4.0722e-01,
           6.8346e-01, 5.2344e-01],
          ...,
          [1.2651e-02, 3.2854e-02, 6.2068e-01,  ..., 8.1373e-01,
           7.1412e-01, 7.4164e-01],
          [6.6152e-01, 7.3655e-01, 7.0491e-01,  ..., 5.3142e-01,
           2.2254e-01, 9.4150e-01],
          [9.3883e-01, 1.2175e-01, 5.4645e-02,  ..., 6.1601e-01,
           9.1036e-01, 8.9127e-01]],

         [[2.1257e-01, 2.8648e-01, 1.7175e-02,  ..., 1.4677e-01,
           7.3839e-02, 6.3259e-01],
          [8.2406e-01, 1.8217e-01, 1.7816e-01,  ..., 1.6664e-01,
           2.9655e-01, 1.2517e-02],
          [7.8080e-01, 5.0777e-01, 6.1768e-01,  ..., 9.6715e-01,
           5.9316e-01, 4.1552e-01],
          ...,
          [9.9168e-01, 5.6766e-01, 4.7072e-01,  ..., 2.3993e-01,
           9.7524e-01, 8.1092e-01],
          [6.3903e-01, 6.4696e-02, 2.3590e-01,  ..., 3.9386e-02,
           2.7284e-01, 9.5813e-01],
          [7.5567e-01, 5.2878e-01, 7.6012e-01,  ..., 6.5715e-01,
           7.3709e-02, 2.6503e-01]],

         [[6.4103e-01, 8.9319e-01, 7.1306e-01,  ..., 8.5881e-01,
           6.5550e-01, 2.5323e-01],
          [1.6589e-01, 3.0054e-01, 6.7460e-01,  ..., 9.8924e-01,
           6.2243e-01, 7.4746e-01],
          [5.2733e-01, 3.6057e-01, 3.9496e-01,  ..., 3.6460e-02,
           6.6469e-01, 9.9722e-01],
          ...,
          [4.7445e-01, 2.3554e-01, 9.3694e-01,  ..., 9.2754e-01,
           2.9907e-01, 3.7875e-01],
          [7.0395e-01, 5.5851e-01, 4.4109e-02,  ..., 5.5947e-01,
           8.8766e-01, 5.8371e-01],
          [7.3964e-01, 9.3636e-01, 8.6803e-01,  ..., 1.6824e-01,
           5.8851e-01, 9.5705e-01]]],


        [[[9.4899e-01, 8.7348e-01, 8.2950e-01,  ..., 1.8298e-01,
           3.9146e-01, 1.3506e-01],
          [9.5883e-01, 3.0861e-01, 5.5016e-01,  ..., 5.6667e-01,
           6.0887e-01, 8.5293e-01],
          [5.1509e-01, 1.4967e-01, 7.8597e-01,  ..., 6.7515e-01,
           5.9394e-01, 7.4454e-01],
          ...,
          [8.6982e-01, 7.7507e-01, 7.1612e-01,  ..., 7.4909e-01,
           7.5520e-01, 9.6748e-01],
          [1.9851e-01, 6.3833e-01, 1.5480e-01,  ..., 9.7404e-01,
           6.4105e-02, 7.1437e-01],
          [4.8750e-01, 4.7145e-01, 2.8364e-02,  ..., 7.5872e-01,
           8.2622e-02, 4.6550e-01]],

         [[2.9697e-01, 5.0953e-01, 5.6009e-01,  ..., 8.4964e-01,
           2.9317e-01, 9.1361e-01],
          [4.1883e-01, 3.2669e-01, 8.0484e-01,  ..., 6.8435e-01,
           5.1101e-01, 4.8211e-01],
          [5.3077e-01, 3.2679e-01, 9.5085e-01,  ..., 1.7566e-01,
           8.3073e-01, 8.1407e-02],
          ...,
          [1.5912e-01, 2.3411e-01, 7.5770e-01,  ..., 6.3769e-01,
           8.1368e-01, 7.9773e-01],
          [3.3483e-01, 7.1396e-01, 1.7231e-01,  ..., 3.7258e-01,
           9.8106e-01, 8.6578e-01],
          [2.4648e-01, 7.4796e-01, 2.6143e-02,  ..., 1.7867e-01,
           1.0039e-01, 6.6682e-01]],

         [[5.5350e-01, 2.1722e-01, 9.6113e-01,  ..., 4.9149e-01,
           4.2819e-01, 9.8827e-01],
          [7.1865e-01, 7.3908e-01, 6.6894e-01,  ..., 1.5622e-01,
           6.7243e-01, 8.7884e-02],
          [7.0787e-01, 2.9056e-01, 6.5372e-01,  ..., 6.0776e-01,
           8.1723e-01, 4.7184e-01],
          ...,
          [6.8677e-01, 2.7065e-01, 8.0320e-02,  ..., 1.8562e-03,
           1.8367e-01, 7.3553e-02],
          [2.1118e-02, 1.0253e-01, 5.6212e-01,  ..., 1.6925e-01,
           1.0374e-01, 3.3929e-01],
          [6.2936e-01, 9.1081e-01, 1.1076e-01,  ..., 4.3789e-01,
           8.8708e-02, 2.5524e-01]],

         ...,

         [[8.8430e-01, 6.9813e-02, 5.3607e-02,  ..., 2.9255e-01,
           2.3643e-01, 1.1071e-01],
          [8.2190e-01, 2.6133e-01, 9.4588e-01,  ..., 2.7228e-01,
           3.0534e-01, 8.9097e-01],
          [7.4439e-01, 8.3122e-01, 4.8878e-01,  ..., 9.1793e-01,
           6.4807e-01, 1.9717e-01],
          ...,
          [6.4587e-02, 6.7560e-01, 2.8800e-01,  ..., 4.2359e-01,
           2.4814e-01, 1.9922e-01],
          [9.0965e-02, 9.0010e-01, 9.1332e-01,  ..., 6.5677e-02,
           3.0342e-01, 7.8188e-01],
          [8.9565e-01, 6.6288e-01, 4.5512e-01,  ..., 6.5167e-01,
           9.2674e-01, 7.1585e-01]],

         [[5.6062e-01, 9.7371e-01, 3.1220e-03,  ..., 9.5435e-01,
           8.1554e-01, 7.9731e-01],
          [5.9297e-01, 8.5606e-02, 9.3048e-01,  ..., 2.6986e-01,
           2.5067e-01, 8.9153e-02],
          [6.3113e-01, 2.0373e-01, 7.1780e-01,  ..., 8.4337e-01,
           2.6410e-01, 6.8025e-01],
          ...,
          [9.4037e-01, 4.9392e-01, 4.9383e-01,  ..., 1.8832e-01,
           7.5295e-01, 3.6358e-01],
          [4.4527e-01, 5.3792e-01, 7.6823e-01,  ..., 2.2514e-01,
           2.4023e-01, 9.4846e-01],
          [9.7112e-01, 7.5685e-02, 7.3023e-01,  ..., 8.7297e-03,
           5.9615e-01, 7.9834e-01]],

         [[4.3838e-01, 9.3619e-01, 6.8586e-01,  ..., 2.4584e-01,
           1.3734e-01, 3.2270e-01],
          [8.8866e-01, 9.3513e-01, 5.1094e-02,  ..., 7.9260e-01,
           9.6348e-01, 3.3334e-02],
          [5.4325e-01, 8.5976e-01, 4.0098e-01,  ..., 8.8566e-01,
           7.5356e-01, 8.9487e-01],
          ...,
          [5.6908e-01, 8.3413e-01, 8.6705e-01,  ..., 6.8641e-04,
           3.8445e-02, 5.9492e-01],
          [8.7865e-01, 2.0874e-01, 3.9730e-01,  ..., 3.7091e-01,
           3.3058e-01, 1.8911e-02],
          [8.7652e-01, 6.1559e-01, 1.5733e-01,  ..., 7.0318e-01,
           4.4146e-01, 3.7746e-02]]],


        [[[9.9002e-01, 8.1898e-01, 7.9059e-01,  ..., 2.9224e-01,
           2.8694e-02, 1.3882e-01],
          [1.3161e-01, 5.8407e-01, 9.4134e-01,  ..., 8.4724e-01,
           4.0020e-01, 9.8457e-01],
          [7.0251e-01, 7.1067e-01, 8.8970e-01,  ..., 4.4445e-01,
           7.1767e-01, 9.3860e-01],
          ...,
          [1.0422e-03, 1.5045e-01, 5.7138e-01,  ..., 7.7336e-02,
           4.3153e-01, 9.5108e-01],
          [3.3649e-03, 6.6681e-01, 8.2693e-01,  ..., 2.7181e-01,
           8.7340e-01, 1.1078e-01],
          [6.8277e-01, 1.5734e-01, 3.7533e-01,  ..., 2.8991e-01,
           3.8855e-01, 3.5301e-01]],

         [[1.9309e-01, 7.4367e-01, 2.6387e-01,  ..., 6.0266e-01,
           7.9372e-01, 1.6926e-01],
          [2.0182e-01, 9.6066e-01, 6.1434e-01,  ..., 6.9963e-01,
           4.4446e-01, 7.4848e-01],
          [2.0252e-01, 8.1014e-01, 4.3897e-01,  ..., 3.1640e-01,
           7.6397e-01, 7.9044e-01],
          ...,
          [3.7543e-01, 8.5782e-01, 8.5103e-01,  ..., 4.2391e-01,
           9.6917e-01, 9.2604e-01],
          [9.7781e-01, 1.4817e-01, 4.1328e-01,  ..., 1.2690e-01,
           1.1415e-01, 5.5536e-02],
          [2.7802e-01, 5.7051e-03, 5.6431e-01,  ..., 1.4831e-01,
           4.2188e-01, 7.2856e-01]],

         [[5.9551e-01, 3.7048e-01, 4.9668e-01,  ..., 5.1540e-01,
           3.6911e-01, 4.1296e-01],
          [6.2175e-01, 1.0293e-01, 3.0169e-01,  ..., 6.1102e-01,
           1.5277e-01, 5.2902e-01],
          [5.7716e-01, 3.3782e-01, 3.8791e-01,  ..., 7.8192e-01,
           3.3228e-01, 9.2643e-01],
          ...,
          [8.1824e-01, 7.6311e-01, 6.5962e-01,  ..., 1.6858e-01,
           9.2208e-01, 5.5152e-02],
          [4.3819e-01, 3.0540e-01, 4.7071e-01,  ..., 2.3036e-01,
           9.0419e-01, 2.6189e-01],
          [1.6299e-01, 2.6807e-01, 1.7260e-01,  ..., 8.9571e-01,
           7.3315e-01, 2.8252e-01]],

         ...,

         [[2.9113e-01, 4.7000e-02, 8.7233e-01,  ..., 9.7874e-02,
           6.4751e-01, 9.4736e-01],
          [7.3359e-01, 9.7112e-02, 4.7639e-01,  ..., 1.8196e-01,
           9.9511e-01, 5.0779e-01],
          [6.6743e-01, 5.6999e-01, 8.3738e-01,  ..., 4.5759e-01,
           4.7465e-01, 4.0968e-01],
          ...,
          [4.6392e-01, 4.2720e-01, 9.0700e-01,  ..., 8.5275e-01,
           5.3068e-01, 9.9380e-01],
          [9.8290e-01, 4.1478e-01, 7.6075e-02,  ..., 1.0275e-01,
           5.8549e-01, 7.1039e-01],
          [6.9041e-01, 8.7483e-01, 6.8539e-01,  ..., 1.1918e-01,
           9.0153e-01, 6.1280e-01]],

         [[7.1202e-02, 8.3549e-02, 5.8146e-01,  ..., 2.6352e-02,
           9.3645e-01, 2.1256e-01],
          [8.6911e-01, 1.9468e-01, 4.0272e-01,  ..., 9.8335e-01,
           7.4341e-01, 3.9784e-01],
          [3.5146e-01, 9.8543e-01, 2.4317e-01,  ..., 5.9960e-02,
           4.3697e-01, 1.3195e-01],
          ...,
          [3.8116e-01, 8.8160e-01, 8.4981e-01,  ..., 8.9438e-01,
           9.6755e-01, 9.1136e-01],
          [9.7770e-01, 2.2775e-01, 7.0111e-01,  ..., 6.9475e-01,
           8.2191e-01, 6.7660e-01],
          [2.3108e-02, 6.4575e-02, 1.2953e-01,  ..., 3.4534e-01,
           7.1225e-01, 5.5547e-01]],

         [[5.9625e-01, 7.7572e-01, 8.3378e-01,  ..., 7.0380e-01,
           2.1973e-01, 1.3736e-01],
          [3.9878e-01, 8.1166e-01, 1.2463e-01,  ..., 3.5554e-02,
           3.4589e-01, 5.9877e-01],
          [7.8266e-01, 8.6814e-02, 9.9370e-01,  ..., 4.3774e-01,
           7.1093e-01, 4.5214e-01],
          ...,
          [9.8687e-01, 8.8656e-01, 1.7637e-01,  ..., 4.1985e-01,
           5.1292e-01, 2.3114e-01],
          [9.7360e-01, 9.7454e-01, 9.5366e-01,  ..., 6.1110e-01,
           3.2656e-01, 5.9191e-01],
          [6.3483e-01, 3.4526e-01, 2.9038e-01,  ..., 7.4449e-01,
           1.0215e-01, 5.8718e-01]]]])
