tensor([[[[7.3295e-01, 8.5120e-01, 2.2059e-01,  ..., 3.9274e-01,
           7.5111e-01, 9.4800e-01],
          [9.7971e-01, 6.1314e-02, 2.5033e-01,  ..., 7.3636e-01,
           5.3318e-01, 5.7245e-01],
          [5.9635e-02, 1.1444e-01, 8.8366e-01,  ..., 1.4273e-01,
           1.7347e-01, 9.4918e-01],
          ...,
          [5.9725e-02, 8.1414e-01, 9.9588e-01,  ..., 1.7261e-01,
           2.9344e-02, 9.8380e-01],
          [7.4344e-01, 4.3357e-01, 7.0404e-01,  ..., 7.6635e-01,
           2.2598e-01, 7.8271e-01],
          [8.3238e-02, 2.7702e-01, 5.4819e-01,  ..., 7.3373e-02,
           7.7937e-01, 2.9855e-01]],

         [[2.9785e-01, 2.9469e-01, 3.6380e-01,  ..., 5.3213e-02,
           6.1022e-02, 7.8670e-01],
          [6.7267e-01, 7.0735e-01, 2.8880e-02,  ..., 6.7613e-01,
           3.8797e-01, 6.8672e-01],
          [9.5215e-01, 6.8828e-01, 3.3435e-01,  ..., 6.1188e-01,
           7.8107e-01, 4.6754e-01],
          ...,
          [2.4039e-01, 8.7951e-01, 4.9148e-01,  ..., 4.0022e-01,
           1.1162e-01, 4.7104e-01],
          [2.0657e-01, 8.8441e-02, 6.2625e-01,  ..., 2.8567e-01,
           5.9495e-02, 9.9234e-01],
          [7.2791e-01, 3.7891e-01, 9.0611e-01,  ..., 7.8529e-01,
           4.6478e-01, 3.1734e-02]],

         [[7.2461e-01, 2.0581e-03, 4.1731e-01,  ..., 8.4885e-01,
           1.7143e-01, 2.9236e-01],
          [3.2163e-01, 4.1210e-01, 5.2652e-01,  ..., 9.1288e-01,
           2.8192e-01, 1.2838e-01],
          [5.2464e-01, 3.1783e-01, 8.9913e-01,  ..., 1.3235e-01,
           8.5244e-02, 8.9879e-01],
          ...,
          [2.9240e-01, 4.2142e-01, 1.3002e-01,  ..., 9.6074e-01,
           2.3871e-01, 9.9546e-01],
          [3.2025e-01, 9.7421e-01, 1.5641e-02,  ..., 4.7860e-01,
           1.8236e-01, 5.6531e-01],
          [8.5096e-01, 2.4201e-01, 4.0542e-01,  ..., 1.4045e-01,
           3.1114e-01, 5.6739e-01]],

         ...,

         [[1.2533e-01, 7.3383e-01, 4.9766e-01,  ..., 5.9136e-01,
           1.5779e-01, 4.5111e-01],
          [9.2696e-01, 5.9248e-01, 8.3289e-01,  ..., 5.3864e-01,
           4.1977e-02, 6.2794e-01],
          [4.5675e-01, 2.7304e-02, 2.1268e-01,  ..., 4.6490e-01,
           2.1514e-01, 5.2270e-01],
          ...,
          [9.9651e-01, 8.3236e-02, 7.8593e-01,  ..., 3.4080e-01,
           4.0632e-02, 1.7377e-01],
          [5.2528e-01, 7.6198e-01, 4.4244e-01,  ..., 6.5830e-01,
           3.2856e-02, 1.9907e-01],
          [3.2796e-02, 4.3645e-01, 2.3695e-01,  ..., 2.3768e-01,
           7.2884e-01, 4.8647e-01]],

         [[3.0817e-01, 2.1415e-02, 6.1352e-01,  ..., 5.9903e-01,
           5.9408e-01, 4.1321e-02],
          [8.9676e-01, 4.9770e-01, 2.7966e-01,  ..., 2.5157e-01,
           9.7804e-01, 8.0608e-01],
          [1.9689e-01, 4.4804e-01, 2.4991e-01,  ..., 2.2423e-01,
           5.3918e-01, 8.1168e-01],
          ...,
          [8.3642e-01, 9.7791e-01, 2.7301e-02,  ..., 3.9666e-02,
           5.0989e-01, 1.2701e-03],
          [7.2560e-01, 3.9777e-01, 3.6041e-01,  ..., 9.9615e-02,
           1.4883e-01, 2.9714e-01],
          [2.5643e-01, 5.6373e-01, 5.2171e-01,  ..., 9.8518e-01,
           9.9815e-01, 5.6241e-01]],

         [[8.6321e-01, 1.3078e-01, 9.2655e-02,  ..., 3.6139e-01,
           4.3982e-01, 3.5520e-01],
          [5.9990e-01, 7.1360e-01, 9.4311e-01,  ..., 7.2922e-01,
           1.6236e-01, 7.4486e-01],
          [7.8551e-01, 7.4687e-01, 5.4267e-01,  ..., 1.9070e-01,
           8.0046e-01, 2.6359e-01],
          ...,
          [7.5315e-01, 8.1902e-01, 1.6496e-01,  ..., 4.5659e-01,
           2.7353e-01, 6.0517e-01],
          [9.5710e-01, 9.7323e-02, 9.1757e-01,  ..., 9.6189e-02,
           3.2098e-01, 7.4562e-01],
          [4.5735e-01, 3.4054e-01, 2.6267e-01,  ..., 7.5105e-01,
           6.9088e-01, 9.4556e-01]]],


        [[[4.6276e-01, 3.7939e-01, 6.2619e-01,  ..., 7.3398e-01,
           3.2211e-02, 7.7727e-01],
          [5.0850e-01, 4.0066e-01, 8.3584e-01,  ..., 4.1329e-01,
           7.9216e-01, 3.0953e-01],
          [8.4091e-01, 8.7760e-01, 5.8228e-01,  ..., 9.2714e-01,
           6.4112e-01, 7.5613e-01],
          ...,
          [3.2487e-01, 2.7480e-01, 2.7084e-01,  ..., 9.4705e-02,
           2.3297e-01, 2.4066e-02],
          [5.1780e-01, 5.7980e-01, 5.9255e-01,  ..., 7.3143e-01,
           3.8960e-01, 1.0651e-01],
          [3.3689e-01, 6.7630e-02, 7.6028e-01,  ..., 1.1087e-01,
           4.6901e-01, 6.1559e-01]],

         [[6.5740e-01, 9.6064e-03, 1.5991e-01,  ..., 6.9328e-01,
           3.3539e-01, 1.4776e-01],
          [9.8344e-01, 6.8358e-01, 1.1411e-01,  ..., 8.3318e-01,
           4.2747e-01, 5.5358e-01],
          [8.3042e-01, 8.1008e-02, 6.2450e-01,  ..., 5.9680e-01,
           4.3550e-01, 7.6681e-01],
          ...,
          [7.3424e-01, 8.3281e-01, 4.5594e-01,  ..., 9.8503e-01,
           7.1540e-02, 6.7295e-02],
          [5.6787e-01, 7.2755e-01, 9.2077e-01,  ..., 1.3293e-01,
           8.0040e-01, 8.1826e-01],
          [8.7464e-01, 3.6849e-01, 8.3199e-01,  ..., 8.9601e-01,
           8.0969e-01, 2.0212e-01]],

         [[7.1195e-03, 6.2504e-01, 2.4767e-01,  ..., 2.0656e-01,
           9.6004e-01, 7.5127e-01],
          [8.0607e-01, 6.8835e-01, 8.0979e-01,  ..., 5.0652e-01,
           4.7234e-01, 6.6759e-01],
          [4.6251e-01, 9.6868e-01, 7.0479e-01,  ..., 8.1335e-01,
           8.8701e-01, 1.9932e-01],
          ...,
          [8.1747e-01, 2.7302e-01, 9.2251e-01,  ..., 2.4819e-01,
           1.4297e-01, 3.0030e-01],
          [9.6334e-01, 7.5427e-01, 3.0585e-02,  ..., 6.8490e-01,
           3.5507e-01, 6.2617e-01],
          [3.7974e-01, 1.2894e-01, 4.6266e-01,  ..., 4.4793e-01,
           6.0507e-01, 9.7572e-01]],

         ...,

         [[4.3250e-01, 6.4690e-01, 8.1741e-01,  ..., 8.8364e-01,
           8.6897e-01, 8.1496e-01],
          [5.0589e-01, 3.5867e-01, 1.6734e-01,  ..., 3.8267e-01,
           4.5651e-04, 3.6472e-01],
          [3.4573e-01, 3.2275e-01, 6.2006e-01,  ..., 4.7700e-02,
           7.5807e-01, 9.7499e-01],
          ...,
          [3.3936e-01, 1.8654e-01, 5.0253e-01,  ..., 5.9076e-02,
           1.5149e-01, 1.6509e-01],
          [5.9903e-01, 6.8944e-01, 4.6418e-02,  ..., 8.0732e-01,
           7.9089e-01, 1.3921e-01],
          [8.4384e-01, 1.2892e-01, 9.3102e-01,  ..., 8.4402e-01,
           9.4704e-01, 7.6051e-01]],

         [[9.7478e-01, 7.5319e-01, 9.6897e-01,  ..., 1.1203e-01,
           8.1106e-01, 9.1861e-01],
          [9.1741e-01, 9.8177e-01, 2.3317e-01,  ..., 6.8457e-01,
           5.2942e-01, 6.1604e-01],
          [2.3725e-01, 3.6145e-01, 5.1003e-01,  ..., 2.3423e-01,
           4.7892e-01, 3.7339e-01],
          ...,
          [1.6226e-01, 9.8241e-01, 8.4130e-02,  ..., 3.3329e-01,
           9.5001e-01, 3.6844e-01],
          [5.3241e-01, 8.6707e-01, 2.3164e-01,  ..., 9.5784e-01,
           4.5747e-01, 9.0375e-01],
          [2.8051e-01, 6.4765e-01, 2.1695e-01,  ..., 7.5848e-01,
           6.4078e-01, 9.3731e-01]],

         [[2.1058e-02, 1.4437e-01, 9.3177e-01,  ..., 8.7721e-01,
           5.8985e-01, 6.1457e-02],
          [1.4945e-02, 2.6637e-01, 4.5055e-01,  ..., 5.2715e-01,
           4.2416e-01, 9.9129e-01],
          [9.5626e-01, 4.1424e-01, 1.2997e-01,  ..., 6.9358e-01,
           5.1085e-01, 8.1348e-01],
          ...,
          [1.8737e-01, 5.9218e-01, 6.1081e-01,  ..., 2.1088e-01,
           7.8552e-01, 7.7951e-01],
          [7.7473e-01, 4.9378e-01, 5.6889e-01,  ..., 6.1571e-01,
           2.1677e-01, 9.1581e-01],
          [9.9315e-02, 5.2238e-01, 8.0930e-01,  ..., 6.8069e-01,
           1.3916e-02, 8.2425e-01]]],


        [[[8.4339e-01, 6.1430e-01, 8.3228e-01,  ..., 7.0602e-01,
           6.0368e-01, 5.9474e-01],
          [5.8025e-02, 7.5899e-01, 7.3838e-01,  ..., 5.3561e-01,
           9.0455e-01, 1.5529e-01],
          [1.7556e-01, 2.7178e-01, 7.8836e-01,  ..., 6.9875e-01,
           2.0526e-01, 8.4109e-01],
          ...,
          [5.8885e-01, 3.3553e-02, 7.2398e-01,  ..., 7.8103e-01,
           3.7251e-01, 3.3505e-01],
          [3.4744e-01, 7.2782e-01, 5.4782e-01,  ..., 4.2308e-01,
           1.4622e-01, 3.2125e-01],
          [7.1834e-01, 6.8692e-01, 5.0793e-01,  ..., 5.3541e-02,
           7.2570e-01, 7.2682e-01]],

         [[5.7746e-01, 5.1637e-03, 9.8785e-01,  ..., 1.1280e-01,
           6.2702e-01, 4.5819e-01],
          [2.0602e-01, 7.9395e-02, 8.5788e-01,  ..., 6.9305e-01,
           8.1545e-01, 8.3295e-01],
          [3.3184e-01, 9.6022e-01, 4.8136e-01,  ..., 1.8683e-01,
           7.9550e-01, 9.9011e-03],
          ...,
          [6.3485e-01, 8.5432e-01, 8.3672e-02,  ..., 8.8962e-01,
           5.5333e-02, 9.9043e-01],
          [5.3052e-01, 7.0929e-01, 7.3140e-02,  ..., 1.2717e-01,
           5.4770e-01, 9.1584e-01],
          [5.2918e-01, 4.1624e-01, 9.0853e-01,  ..., 2.9215e-01,
           2.0290e-01, 9.9849e-01]],

         [[5.7587e-01, 6.5231e-03, 5.1356e-01,  ..., 5.9551e-01,
           2.0018e-01, 4.0366e-01],
          [8.5024e-01, 2.7888e-01, 8.2042e-01,  ..., 1.0999e-01,
           9.6975e-01, 9.7384e-02],
          [3.2648e-01, 5.7130e-01, 3.1260e-01,  ..., 3.9004e-01,
           8.9529e-02, 5.2912e-01],
          ...,
          [8.5484e-02, 4.1495e-01, 6.9669e-02,  ..., 2.5251e-02,
           7.3750e-01, 4.0893e-01],
          [6.2570e-01, 9.8915e-01, 4.3521e-01,  ..., 4.4938e-01,
           5.4851e-01, 5.4278e-02],
          [4.1221e-01, 2.9488e-01, 4.7031e-01,  ..., 2.7588e-01,
           2.0276e-01, 2.0839e-01]],

         ...,

         [[7.5858e-01, 7.7682e-01, 2.9542e-01,  ..., 5.1313e-01,
           1.6942e-01, 6.3717e-01],
          [1.5885e-01, 9.8866e-01, 3.7429e-01,  ..., 8.7393e-01,
           2.5455e-01, 3.0779e-01],
          [2.3015e-01, 9.7618e-01, 5.0626e-01,  ..., 5.7419e-02,
           2.8778e-01, 1.4471e-01],
          ...,
          [1.4770e-01, 5.6464e-01, 3.7694e-02,  ..., 5.1359e-01,
           1.2205e-01, 3.6064e-02],
          [5.5234e-01, 6.6247e-01, 1.9055e-03,  ..., 1.3007e-02,
           5.7934e-01, 7.9019e-01],
          [9.0906e-01, 9.2254e-03, 6.5680e-01,  ..., 8.6824e-02,
           9.7644e-01, 3.8041e-01]],

         [[5.5333e-01, 9.5267e-01, 8.2875e-01,  ..., 9.7294e-01,
           7.2549e-01, 9.4693e-02],
          [2.3897e-01, 9.6601e-01, 6.1840e-01,  ..., 7.1669e-01,
           1.5446e-01, 1.3649e-01],
          [4.1445e-01, 8.2756e-01, 9.0057e-01,  ..., 1.4142e-01,
           9.0290e-01, 5.5205e-02],
          ...,
          [2.6732e-01, 4.3640e-01, 3.7892e-01,  ..., 2.3024e-01,
           8.1538e-01, 1.3512e-01],
          [2.4661e-01, 8.0005e-01, 1.3114e-01,  ..., 1.9093e-02,
           1.7100e-01, 3.0610e-02],
          [8.3154e-01, 7.2668e-01, 4.6536e-01,  ..., 9.1823e-01,
           6.2257e-01, 2.3500e-01]],

         [[5.2962e-01, 2.1686e-01, 1.1674e-01,  ..., 7.5554e-01,
           3.9043e-01, 3.0844e-01],
          [6.4003e-01, 7.4793e-01, 4.1366e-01,  ..., 6.0198e-01,
           8.3696e-01, 5.6000e-01],
          [3.5641e-01, 7.3589e-02, 2.5084e-01,  ..., 5.2912e-01,
           7.8909e-01, 8.6499e-01],
          ...,
          [8.8621e-02, 3.2704e-01, 3.8652e-01,  ..., 8.1523e-01,
           5.3761e-01, 6.0241e-02],
          [9.7846e-01, 7.4195e-01, 8.3156e-01,  ..., 4.6054e-01,
           7.0685e-01, 7.0122e-01],
          [3.1585e-02, 4.3451e-01, 9.7643e-01,  ..., 3.4352e-01,
           6.1224e-02, 2.2011e-01]]],


        ...,


        [[[9.4397e-02, 3.0967e-01, 3.2925e-01,  ..., 4.9807e-01,
           9.4200e-01, 8.3945e-01],
          [2.9261e-01, 1.2272e-02, 9.2290e-01,  ..., 1.8577e-01,
           7.0923e-01, 5.9954e-01],
          [5.2910e-01, 3.4353e-01, 1.3976e-01,  ..., 4.2744e-01,
           9.0221e-01, 5.3324e-01],
          ...,
          [4.6886e-01, 2.8867e-01, 4.7968e-01,  ..., 4.0969e-01,
           4.5983e-01, 3.9726e-01],
          [4.1202e-01, 5.8992e-01, 8.7273e-01,  ..., 2.3381e-01,
           1.1624e-02, 1.5107e-02],
          [9.7141e-01, 9.1851e-01, 2.5400e-01,  ..., 6.5028e-01,
           9.5850e-02, 5.6296e-01]],

         [[8.9339e-01, 7.4704e-01, 2.3179e-01,  ..., 8.5483e-01,
           9.0530e-01, 9.9676e-01],
          [4.4142e-01, 2.3090e-01, 9.8914e-01,  ..., 9.8995e-01,
           5.5781e-01, 8.7366e-01],
          [8.2167e-01, 4.6201e-01, 4.3778e-01,  ..., 9.1289e-01,
           7.5636e-01, 2.9588e-01],
          ...,
          [9.1107e-01, 6.1581e-01, 3.6500e-01,  ..., 7.3196e-01,
           6.0896e-01, 6.0240e-01],
          [9.0023e-01, 5.3452e-01, 2.0491e-01,  ..., 3.3440e-02,
           6.4186e-01, 4.0120e-01],
          [4.1105e-01, 3.3486e-02, 8.0202e-01,  ..., 6.2177e-01,
           8.1995e-01, 7.0180e-02]],

         [[1.4358e-01, 4.4540e-01, 1.2068e-01,  ..., 1.3169e-01,
           4.0506e-01, 4.2898e-01],
          [3.2494e-01, 5.2972e-02, 3.1902e-01,  ..., 5.5806e-02,
           3.8047e-01, 6.4902e-01],
          [1.8921e-01, 9.9070e-01, 2.7928e-01,  ..., 1.4870e-01,
           5.9600e-01, 5.3237e-02],
          ...,
          [2.2786e-01, 9.1919e-01, 3.2306e-01,  ..., 1.8040e-01,
           8.1937e-01, 8.1559e-01],
          [3.2645e-01, 7.2066e-01, 9.3800e-01,  ..., 3.4435e-01,
           1.6326e-01, 2.2570e-01],
          [3.8776e-01, 9.8762e-01, 1.3135e-01,  ..., 6.4155e-02,
           9.9289e-01, 4.8172e-01]],

         ...,

         [[3.2475e-01, 5.4542e-01, 5.9509e-01,  ..., 8.8653e-01,
           5.6245e-01, 8.5547e-01],
          [5.3055e-01, 8.3887e-01, 1.8640e-02,  ..., 7.5777e-01,
           7.9236e-01, 6.4477e-01],
          [5.1731e-02, 1.1496e-02, 4.4101e-01,  ..., 7.6151e-01,
           9.3022e-01, 8.0165e-01],
          ...,
          [5.6859e-01, 4.0505e-01, 4.8564e-01,  ..., 9.3340e-01,
           5.5666e-01, 2.8445e-01],
          [4.1168e-01, 9.1973e-01, 8.5294e-01,  ..., 2.3190e-01,
           3.0098e-01, 4.8279e-01],
          [9.3815e-01, 8.5310e-01, 7.8668e-01,  ..., 7.9660e-01,
           5.9332e-01, 5.4172e-01]],

         [[2.6948e-03, 2.9642e-02, 8.9051e-01,  ..., 3.1203e-01,
           4.7960e-01, 8.0632e-01],
          [6.4968e-01, 8.6086e-01, 6.6743e-01,  ..., 6.3130e-01,
           3.0127e-02, 5.3892e-01],
          [3.0246e-01, 4.9011e-01, 2.8423e-01,  ..., 6.0013e-01,
           5.3071e-01, 3.7413e-01],
          ...,
          [2.8984e-01, 3.2911e-01, 7.8823e-01,  ..., 4.2472e-01,
           6.5440e-01, 6.8642e-01],
          [9.9190e-01, 1.7692e-01, 6.5376e-01,  ..., 1.0404e-01,
           7.6572e-01, 3.7861e-01],
          [4.3803e-01, 1.1023e-01, 1.4298e-01,  ..., 8.7925e-01,
           2.2975e-01, 1.4453e-01]],

         [[3.3876e-01, 4.4837e-01, 3.2960e-01,  ..., 7.0431e-01,
           1.2324e-01, 9.4857e-01],
          [3.6541e-01, 6.9594e-01, 7.5370e-01,  ..., 6.0755e-02,
           6.0222e-01, 5.7952e-01],
          [7.4295e-01, 1.1570e-01, 2.1125e-01,  ..., 3.5506e-01,
           2.1288e-01, 1.4158e-02],
          ...,
          [2.8013e-01, 1.5002e-01, 9.5596e-02,  ..., 7.2363e-01,
           7.1273e-01, 5.6926e-02],
          [4.7560e-02, 1.6594e-01, 5.4855e-01,  ..., 6.6971e-01,
           7.2134e-01, 5.0837e-01],
          [3.6009e-01, 1.9066e-01, 4.9666e-01,  ..., 2.7077e-01,
           4.3733e-01, 6.8065e-01]]],


        [[[8.0578e-01, 9.3209e-01, 8.5547e-01,  ..., 2.6970e-01,
           3.1197e-01, 3.6944e-01],
          [6.5458e-01, 2.8570e-01, 4.7998e-01,  ..., 8.0695e-01,
           6.1130e-01, 4.0546e-01],
          [7.4200e-01, 6.9804e-01, 1.2883e-01,  ..., 4.6231e-01,
           2.2626e-01, 8.8365e-01],
          ...,
          [4.7689e-01, 2.9531e-01, 7.8463e-02,  ..., 6.1975e-01,
           9.6963e-01, 7.6499e-01],
          [8.1887e-01, 1.2016e-01, 4.7982e-01,  ..., 1.5162e-01,
           6.9599e-01, 1.8598e-01],
          [9.4832e-01, 9.9796e-02, 2.0064e-01,  ..., 7.6810e-01,
           2.7240e-02, 5.5361e-01]],

         [[3.2224e-02, 6.5775e-01, 7.1431e-01,  ..., 4.2484e-01,
           9.5406e-01, 9.6284e-01],
          [7.1765e-02, 5.5239e-02, 9.7892e-02,  ..., 2.6084e-01,
           4.7911e-01, 4.0818e-01],
          [3.9560e-01, 5.9968e-01, 4.4818e-01,  ..., 9.4157e-01,
           5.1074e-01, 8.8138e-01],
          ...,
          [8.2935e-01, 3.0825e-01, 2.2953e-01,  ..., 4.0808e-01,
           8.1145e-01, 2.2332e-01],
          [9.3051e-01, 2.1182e-01, 8.3975e-01,  ..., 1.8641e-01,
           9.7573e-01, 2.0638e-01],
          [5.1728e-01, 5.8909e-01, 9.4770e-01,  ..., 9.3103e-02,
           6.6883e-01, 2.4817e-01]],

         [[1.3648e-01, 3.7353e-01, 5.4933e-01,  ..., 6.0935e-01,
           6.7251e-01, 5.6722e-01],
          [9.1882e-01, 7.8499e-01, 2.1975e-01,  ..., 3.3754e-01,
           4.0860e-01, 9.0613e-01],
          [7.3929e-01, 6.3529e-01, 8.9314e-01,  ..., 7.8341e-02,
           4.3797e-01, 4.7998e-01],
          ...,
          [3.2057e-01, 1.2815e-01, 7.3976e-01,  ..., 3.3578e-01,
           8.8644e-01, 7.7992e-01],
          [5.4821e-02, 7.2760e-01, 2.9567e-01,  ..., 3.2400e-01,
           2.7895e-01, 8.8041e-01],
          [4.1250e-01, 6.7432e-01, 3.0564e-01,  ..., 5.4474e-01,
           1.5267e-01, 2.6342e-01]],

         ...,

         [[3.2221e-01, 9.4923e-01, 3.6790e-01,  ..., 4.7350e-01,
           8.0976e-01, 8.5461e-01],
          [4.8750e-01, 5.2468e-01, 2.8304e-01,  ..., 7.6583e-01,
           6.1167e-02, 8.6113e-01],
          [3.5613e-01, 6.8777e-01, 8.3493e-02,  ..., 7.6603e-01,
           9.0038e-01, 2.4164e-01],
          ...,
          [2.4356e-01, 7.9960e-01, 6.8325e-01,  ..., 5.9662e-01,
           4.9542e-01, 1.6712e-01],
          [1.8870e-01, 4.1311e-01, 6.6744e-01,  ..., 1.0525e-01,
           7.3314e-01, 5.2625e-01],
          [8.2939e-01, 7.3559e-01, 5.6951e-01,  ..., 1.0331e-01,
           5.3710e-01, 9.5255e-02]],

         [[2.8768e-01, 8.2004e-01, 4.7543e-01,  ..., 4.5981e-01,
           7.4994e-01, 4.7896e-01],
          [9.3869e-02, 2.9160e-01, 7.7908e-01,  ..., 7.5030e-01,
           3.5048e-01, 2.4980e-01],
          [3.6702e-01, 3.9469e-01, 9.9606e-02,  ..., 1.4880e-01,
           5.4735e-01, 2.8183e-01],
          ...,
          [7.9649e-02, 7.5959e-01, 3.6798e-01,  ..., 1.6627e-01,
           1.2392e-01, 6.7202e-01],
          [5.8444e-01, 4.3274e-01, 1.8238e-01,  ..., 8.9679e-02,
           4.2951e-04, 4.2016e-01],
          [4.4967e-01, 7.7415e-01, 6.4643e-01,  ..., 7.0764e-01,
           4.2453e-01, 1.1062e-01]],

         [[5.6404e-01, 1.2802e-01, 2.3145e-02,  ..., 9.5855e-01,
           1.9204e-01, 6.5162e-01],
          [5.5607e-01, 6.5453e-01, 7.5952e-01,  ..., 4.3384e-01,
           8.7764e-01, 9.5285e-01],
          [7.1474e-03, 9.2789e-01, 2.6262e-02,  ..., 6.8078e-01,
           5.7432e-01, 5.5151e-01],
          ...,
          [7.2331e-01, 1.2078e-01, 2.3693e-01,  ..., 7.3203e-01,
           7.4747e-01, 1.6706e-01],
          [2.3442e-01, 2.1662e-01, 1.0516e-01,  ..., 2.0232e-01,
           1.2797e-01, 1.3247e-01],
          [5.8566e-01, 8.8842e-01, 1.0551e-01,  ..., 9.9603e-01,
           4.7737e-01, 8.6618e-01]]],


        [[[3.8304e-02, 4.8107e-01, 8.2638e-01,  ..., 9.7500e-01,
           7.7780e-01, 4.4019e-01],
          [2.0304e-01, 1.3142e-01, 5.0785e-01,  ..., 4.1149e-01,
           4.2765e-01, 3.0533e-01],
          [5.7275e-01, 1.7104e-01, 8.4271e-01,  ..., 4.3329e-02,
           8.0005e-01, 8.6795e-01],
          ...,
          [5.9086e-01, 9.7408e-01, 7.3365e-01,  ..., 2.3026e-02,
           7.7428e-02, 8.9370e-01],
          [3.3136e-01, 3.0399e-01, 5.7158e-01,  ..., 3.4242e-01,
           8.1074e-01, 5.8610e-01],
          [1.6568e-01, 7.9107e-01, 9.4556e-01,  ..., 6.0203e-01,
           4.2394e-01, 8.2675e-01]],

         [[1.8226e-01, 5.5812e-01, 8.2821e-01,  ..., 1.5314e-01,
           8.6949e-01, 6.8050e-01],
          [4.4688e-02, 3.1682e-01, 3.2370e-01,  ..., 4.4098e-01,
           5.9026e-01, 1.0448e-01],
          [5.7036e-01, 5.5576e-01, 1.6070e-01,  ..., 2.8924e-01,
           8.1698e-01, 3.7756e-01],
          ...,
          [9.1535e-01, 9.1494e-01, 7.0686e-01,  ..., 2.0077e-01,
           8.9582e-01, 4.3463e-01],
          [3.2536e-01, 2.3372e-01, 2.2450e-01,  ..., 1.9119e-01,
           5.6719e-01, 5.7683e-01],
          [8.2563e-01, 7.2558e-01, 5.9670e-01,  ..., 1.5421e-01,
           8.7437e-01, 1.4319e-01]],

         [[2.5988e-01, 3.5527e-01, 9.5661e-01,  ..., 9.3858e-01,
           6.1609e-01, 5.0789e-01],
          [2.7373e-01, 8.9076e-01, 4.9686e-01,  ..., 1.9646e-01,
           1.0246e-01, 1.2119e-01],
          [9.8954e-01, 9.5878e-01, 1.0879e-01,  ..., 3.0479e-01,
           3.1014e-01, 6.3420e-01],
          ...,
          [4.1681e-01, 6.9832e-01, 5.9705e-01,  ..., 5.7164e-01,
           2.6477e-01, 8.4129e-01],
          [8.1586e-01, 8.1201e-01, 7.1439e-01,  ..., 5.3828e-01,
           8.0689e-01, 2.2159e-01],
          [4.6277e-01, 7.7258e-01, 2.7651e-01,  ..., 3.6948e-01,
           4.4838e-01, 7.9436e-01]],

         ...,

         [[7.2870e-03, 3.2894e-01, 1.9581e-01,  ..., 3.4624e-01,
           7.1475e-01, 5.4769e-01],
          [4.5228e-01, 3.7759e-01, 1.1724e-01,  ..., 4.7450e-01,
           6.6081e-02, 9.7063e-02],
          [7.5111e-01, 3.9748e-01, 9.0260e-01,  ..., 6.8010e-01,
           6.1637e-01, 5.7791e-01],
          ...,
          [6.8682e-02, 1.0513e-01, 7.9342e-01,  ..., 4.5139e-01,
           7.2488e-01, 2.8409e-01],
          [7.7066e-01, 4.7095e-02, 6.4988e-01,  ..., 5.4390e-01,
           5.5991e-01, 3.4519e-01],
          [7.3799e-02, 3.5637e-01, 1.2382e-01,  ..., 1.3995e-01,
           4.9226e-01, 4.2364e-01]],

         [[9.7845e-02, 8.7733e-01, 3.2165e-01,  ..., 3.0373e-01,
           1.5739e-01, 6.9034e-01],
          [6.5394e-01, 7.1929e-01, 8.3219e-01,  ..., 1.1696e-01,
           5.0375e-01, 2.8928e-01],
          [2.9620e-01, 3.8287e-01, 4.4959e-01,  ..., 6.1377e-01,
           2.8423e-02, 6.9721e-01],
          ...,
          [8.5181e-01, 7.2698e-01, 6.6531e-01,  ..., 3.3595e-01,
           5.2801e-01, 7.3591e-01],
          [2.2909e-01, 4.4832e-01, 7.1869e-01,  ..., 1.3300e-01,
           1.0464e-01, 7.2704e-01],
          [1.5241e-01, 3.3192e-01, 5.2299e-01,  ..., 8.1344e-03,
           9.8202e-01, 2.0116e-01]],

         [[6.3692e-01, 4.0389e-02, 5.6654e-01,  ..., 8.0694e-01,
           4.9060e-01, 2.0075e-02],
          [4.6207e-01, 7.9388e-01, 4.2541e-02,  ..., 5.3634e-01,
           1.6988e-01, 1.0590e-01],
          [1.9343e-01, 8.5039e-01, 7.8789e-02,  ..., 4.6513e-01,
           6.2312e-01, 7.7393e-01],
          ...,
          [8.0751e-01, 3.3274e-01, 1.1784e-01,  ..., 1.2465e-01,
           7.9497e-01, 6.9618e-01],
          [7.7428e-01, 1.9734e-01, 4.0899e-01,  ..., 1.5421e-01,
           2.8488e-01, 7.7371e-01],
          [9.9272e-01, 4.4814e-01, 6.2423e-01,  ..., 2.8986e-01,
           3.0922e-01, 1.1375e-01]]]])
