tensor([[[[0.7450, 0.8730, 0.3090,  ..., 0.9771, 0.2013, 0.5752],
          [0.8340, 0.3536, 0.0028,  ..., 0.6939, 0.5480, 0.5997],
          [0.0382, 0.3198, 0.1447,  ..., 0.1158, 0.9151, 0.5120],
          ...,
          [0.9782, 0.8723, 0.3845,  ..., 0.3946, 0.9005, 0.3030],
          [0.7349, 0.9826, 0.0990,  ..., 0.2299, 0.1781, 0.5914],
          [0.1443, 0.0856, 0.8225,  ..., 0.3477, 0.5823, 0.0467]],

         [[0.3075, 0.4672, 0.9926,  ..., 0.1086, 0.3332, 0.9172],
          [0.4750, 0.9461, 0.2052,  ..., 0.7181, 0.3219, 0.4125],
          [0.1459, 0.1418, 0.6284,  ..., 0.0259, 0.0494, 0.4046],
          ...,
          [0.0076, 0.1770, 0.5852,  ..., 0.7851, 0.4889, 0.2772],
          [0.3378, 0.5369, 0.9594,  ..., 0.0255, 0.2857, 0.6898],
          [0.4478, 0.8145, 0.6007,  ..., 0.2163, 0.0570, 0.6294]],

         [[0.5724, 0.5729, 0.3631,  ..., 0.5576, 0.7164, 0.9907],
          [0.3425, 0.7651, 0.0509,  ..., 0.1734, 0.7087, 0.4932],
          [0.5975, 0.9112, 0.9250,  ..., 0.6843, 0.1587, 0.5231],
          ...,
          [0.1820, 0.0311, 0.4625,  ..., 0.3466, 0.2800, 0.0041],
          [0.0267, 0.2615, 0.1811,  ..., 0.6852, 0.4159, 0.2693],
          [0.5004, 0.1266, 0.9968,  ..., 0.6008, 0.5981, 0.9089]],

         ...,

         [[0.1628, 0.7552, 0.3408,  ..., 0.3253, 0.7246, 0.0456],
          [0.4696, 0.0468, 0.6142,  ..., 0.2158, 0.3667, 0.8476],
          [0.1108, 0.4983, 0.5213,  ..., 0.6546, 0.4688, 0.6364],
          ...,
          [0.9429, 0.2989, 0.3526,  ..., 0.9279, 0.4146, 0.2523],
          [0.5121, 0.1136, 0.1803,  ..., 0.2717, 0.9804, 0.0515],
          [0.6332, 0.6145, 0.3792,  ..., 0.0834, 0.5081, 0.6557]],

         [[0.9652, 0.6448, 0.3941,  ..., 0.5676, 0.6609, 0.2185],
          [0.1339, 0.5300, 0.6000,  ..., 0.9535, 0.4993, 0.9624],
          [0.5958, 0.1280, 0.2868,  ..., 0.6445, 0.4815, 0.4116],
          ...,
          [0.6973, 0.0920, 0.5796,  ..., 0.8838, 0.4257, 0.9277],
          [0.3335, 0.3244, 0.3378,  ..., 0.9587, 0.9511, 0.7177],
          [0.7168, 0.7232, 0.8510,  ..., 0.2492, 0.6360, 0.3344]],

         [[0.3344, 0.6729, 0.7470,  ..., 0.7524, 0.9311, 0.6755],
          [0.8633, 0.2590, 0.9737,  ..., 0.6660, 0.3598, 0.0012],
          [0.9468, 0.6003, 0.3982,  ..., 0.0024, 0.4917, 0.1338],
          ...,
          [0.1834, 0.1290, 0.0231,  ..., 0.7862, 0.4842, 0.6582],
          [0.6821, 0.8700, 0.9701,  ..., 0.4144, 0.2504, 0.7168],
          [0.0592, 0.1897, 0.4047,  ..., 0.6632, 0.4197, 0.5907]]],


        [[[0.7069, 0.1352, 0.1955,  ..., 0.4017, 0.3036, 0.0761],
          [0.6966, 0.5665, 0.9209,  ..., 0.3759, 0.6422, 0.9560],
          [0.6001, 0.1133, 0.4098,  ..., 0.8588, 0.9186, 0.0612],
          ...,
          [0.2695, 0.9497, 0.9697,  ..., 0.2833, 0.5160, 0.4199],
          [0.0916, 0.2076, 0.6256,  ..., 0.0993, 0.7271, 0.4473],
          [0.5269, 0.5483, 0.1446,  ..., 0.7233, 0.4179, 0.8786]],

         [[0.3368, 0.9538, 0.2657,  ..., 0.7003, 0.7375, 0.4304],
          [0.2821, 0.5897, 0.5386,  ..., 0.4502, 0.5162, 0.9902],
          [0.0996, 0.1877, 0.2874,  ..., 0.2980, 0.2464, 0.5876],
          ...,
          [0.9531, 0.6219, 0.0283,  ..., 0.7589, 0.0921, 0.3950],
          [0.9539, 0.8243, 0.1850,  ..., 0.0257, 0.0720, 0.8546],
          [0.5659, 0.5244, 0.4807,  ..., 0.4672, 0.5804, 0.8874]],

         [[0.8100, 0.8525, 0.0327,  ..., 0.5861, 0.8835, 0.1614],
          [0.2963, 0.5190, 0.9327,  ..., 0.7845, 0.7790, 0.3726],
          [0.2931, 0.9374, 0.8552,  ..., 0.4363, 0.3356, 0.1940],
          ...,
          [0.4987, 0.1261, 0.7866,  ..., 0.4934, 0.3742, 0.1720],
          [0.4311, 0.8970, 0.9129,  ..., 0.4068, 0.8456, 0.8708],
          [0.0785, 0.1432, 0.7350,  ..., 0.9423, 0.5693, 0.0879]],

         ...,

         [[0.0702, 0.4705, 0.7585,  ..., 0.6796, 0.8698, 0.6950],
          [0.5037, 0.3609, 0.6438,  ..., 0.1595, 0.5674, 0.9257],
          [0.7426, 0.1424, 0.3706,  ..., 0.3157, 0.2952, 0.4434],
          ...,
          [0.0465, 0.6482, 0.3907,  ..., 0.1348, 0.8229, 0.4935],
          [0.9658, 0.2290, 0.4929,  ..., 0.8284, 0.5484, 0.2668],
          [0.8261, 0.7713, 0.6582,  ..., 0.2995, 0.1609, 0.0817]],

         [[0.7874, 0.8101, 0.4285,  ..., 0.8829, 0.5255, 0.3905],
          [0.7735, 0.6934, 0.7299,  ..., 0.6156, 0.7718, 0.7748],
          [0.3235, 0.1932, 0.4655,  ..., 0.4050, 0.8053, 0.5137],
          ...,
          [0.3103, 0.5233, 0.5195,  ..., 0.4305, 0.6168, 0.3033],
          [0.6819, 0.2959, 0.3045,  ..., 0.0212, 0.9639, 0.8962],
          [0.6091, 0.9800, 0.2296,  ..., 0.9081, 0.5019, 0.6948]],

         [[0.3718, 0.8527, 0.5061,  ..., 0.1381, 0.1322, 0.2641],
          [0.2219, 0.3551, 0.4199,  ..., 0.7805, 0.8348, 0.7854],
          [0.0478, 0.4554, 0.4646,  ..., 0.1525, 0.1217, 0.9981],
          ...,
          [0.2212, 0.0632, 0.6431,  ..., 0.9700, 0.9802, 0.3462],
          [0.0040, 0.5907, 0.8580,  ..., 0.5078, 0.7657, 0.2301],
          [0.8601, 0.6985, 0.9404,  ..., 0.5275, 0.1353, 0.5228]]],


        [[[0.2738, 0.6120, 0.4791,  ..., 0.9641, 0.8326, 0.3194],
          [0.0376, 0.8378, 0.7662,  ..., 0.6768, 0.2146, 0.3111],
          [0.2775, 0.0430, 0.8419,  ..., 0.7302, 0.6996, 0.3306],
          ...,
          [0.1511, 0.4537, 0.5732,  ..., 0.5132, 0.8991, 0.3805],
          [0.5677, 0.9735, 0.5174,  ..., 0.3773, 0.2255, 0.3787],
          [0.8770, 0.3075, 0.8947,  ..., 0.3795, 0.5442, 0.0926]],

         [[0.3808, 0.7047, 0.7264,  ..., 0.9339, 0.2629, 0.6825],
          [0.5548, 0.9918, 0.6949,  ..., 0.7557, 0.1622, 0.5926],
          [0.8028, 0.2524, 0.4962,  ..., 0.6872, 0.2255, 0.8268],
          ...,
          [0.7299, 0.6223, 0.0877,  ..., 0.9313, 0.9145, 0.9948],
          [0.1651, 0.6618, 0.3094,  ..., 0.7262, 0.2771, 0.0218],
          [0.0437, 0.3956, 0.1040,  ..., 0.4282, 0.2547, 0.3342]],

         [[0.1260, 0.3245, 0.9693,  ..., 0.9560, 0.0436, 0.1839],
          [0.3200, 0.8362, 0.1052,  ..., 0.5173, 0.1765, 0.5393],
          [0.3693, 0.9173, 0.1182,  ..., 0.0479, 0.6248, 0.0093],
          ...,
          [0.8698, 0.7676, 0.9652,  ..., 0.4605, 0.3137, 0.7702],
          [0.6553, 0.6362, 0.3693,  ..., 0.2322, 0.3292, 0.0982],
          [0.0412, 0.7987, 0.4414,  ..., 0.6061, 0.1566, 0.6405]],

         ...,

         [[0.1245, 0.5270, 0.6484,  ..., 0.1847, 0.2513, 0.0902],
          [0.3374, 0.7231, 0.0261,  ..., 0.8082, 0.6971, 0.2390],
          [0.9897, 0.1775, 0.2512,  ..., 0.9042, 0.6628, 0.4119],
          ...,
          [0.1351, 0.9246, 0.9945,  ..., 0.1022, 0.6874, 0.9934],
          [0.9889, 0.3517, 0.9000,  ..., 0.6704, 0.6064, 0.1583],
          [0.7223, 0.0837, 0.0332,  ..., 0.7096, 0.0265, 0.9529]],

         [[0.0387, 0.7394, 0.4029,  ..., 0.3683, 0.7850, 0.5742],
          [0.6587, 0.4620, 0.4238,  ..., 0.5844, 0.2124, 0.5916],
          [0.7395, 0.4226, 0.5341,  ..., 0.5078, 0.3953, 0.6434],
          ...,
          [0.4427, 0.2311, 0.3028,  ..., 0.1044, 0.4632, 0.0899],
          [0.0105, 0.2704, 0.1765,  ..., 0.9089, 0.6507, 0.9634],
          [0.8690, 0.6373, 0.8978,  ..., 0.3157, 0.4785, 0.0523]],

         [[0.6390, 0.5555, 0.3332,  ..., 0.1436, 0.0580, 0.1584],
          [0.6442, 0.3613, 0.9037,  ..., 0.8696, 0.9245, 0.3230],
          [0.6516, 0.4707, 0.9181,  ..., 0.0653, 0.3151, 0.4747],
          ...,
          [0.3703, 0.9754, 0.2666,  ..., 0.3688, 0.0374, 0.6223],
          [0.9041, 0.1991, 0.3832,  ..., 0.8930, 0.5773, 0.8356],
          [0.1570, 0.7341, 0.3325,  ..., 0.2301, 0.8553, 0.9091]]],


        ...,


        [[[0.7187, 0.9365, 0.0553,  ..., 0.8172, 0.7329, 0.8974],
          [0.6585, 0.3480, 0.1810,  ..., 0.6058, 0.7609, 0.1154],
          [0.2184, 0.7516, 0.4633,  ..., 0.0290, 0.2852, 0.4817],
          ...,
          [0.1736, 0.3384, 0.9082,  ..., 0.5706, 0.2270, 0.4949],
          [0.0638, 0.8515, 0.4199,  ..., 0.5786, 0.3100, 0.8784],
          [0.4502, 0.7618, 0.3957,  ..., 0.5698, 0.6010, 0.8228]],

         [[0.9723, 0.7794, 0.8178,  ..., 0.2593, 0.7540, 0.7014],
          [0.1498, 0.7664, 0.3995,  ..., 0.6162, 0.1792, 0.6913],
          [0.8832, 0.0306, 0.3713,  ..., 0.4908, 0.3421, 0.4602],
          ...,
          [0.7903, 0.7492, 0.2117,  ..., 0.4005, 0.5046, 0.7633],
          [0.6197, 0.7063, 0.3953,  ..., 0.7131, 0.2999, 0.0429],
          [0.4482, 0.7678, 0.3851,  ..., 0.3499, 0.5622, 0.7944]],

         [[0.0374, 0.1686, 0.6643,  ..., 0.7790, 0.6699, 0.8194],
          [0.6261, 0.0844, 0.0071,  ..., 0.8109, 0.5319, 0.8380],
          [0.8545, 0.9532, 0.4147,  ..., 0.9867, 0.7056, 0.3329],
          ...,
          [0.5779, 0.4342, 0.8361,  ..., 0.7835, 0.6939, 0.3607],
          [0.5134, 0.8233, 0.0247,  ..., 0.8591, 0.5627, 0.3701],
          [0.1314, 0.9036, 0.4297,  ..., 0.5421, 0.1280, 0.1149]],

         ...,

         [[0.9859, 0.5865, 0.0878,  ..., 0.8065, 0.9704, 0.5917],
          [0.8993, 0.6671, 0.5301,  ..., 0.2440, 0.9162, 0.2376],
          [0.6307, 0.1691, 0.3331,  ..., 0.3593, 0.3451, 0.2674],
          ...,
          [0.5624, 0.0459, 0.9783,  ..., 0.7661, 0.8283, 0.4364],
          [0.9243, 0.3672, 0.4755,  ..., 0.4018, 0.7866, 0.7043],
          [0.0456, 0.7556, 0.0991,  ..., 0.6841, 0.4956, 0.7140]],

         [[0.4449, 0.7311, 0.7185,  ..., 0.5783, 0.6445, 0.9630],
          [0.8940, 0.8297, 0.6377,  ..., 0.0480, 0.8406, 0.3705],
          [0.0659, 0.5446, 0.9458,  ..., 0.5564, 0.1369, 0.6465],
          ...,
          [0.8723, 0.5196, 0.1441,  ..., 0.7256, 0.8321, 0.8042],
          [0.2403, 0.5546, 0.2544,  ..., 0.8238, 0.3279, 0.0462],
          [0.3032, 0.7870, 0.2890,  ..., 0.3274, 0.9987, 0.9730]],

         [[0.1763, 0.3806, 0.0456,  ..., 0.8017, 0.0430, 0.9496],
          [0.8750, 0.4575, 0.0554,  ..., 0.7355, 0.5746, 0.9917],
          [0.0473, 0.3449, 0.8632,  ..., 0.8344, 0.4958, 0.0244],
          ...,
          [0.7396, 0.0562, 0.1176,  ..., 0.7245, 0.3331, 0.9460],
          [0.1450, 0.4733, 0.2258,  ..., 0.8522, 0.9600, 0.7085],
          [0.4871, 0.0769, 0.2391,  ..., 0.2272, 0.3055, 0.8439]]],


        [[[0.4870, 0.7104, 0.9466,  ..., 0.1932, 0.6243, 0.9788],
          [0.9381, 0.9533, 0.8107,  ..., 0.3525, 0.8383, 0.1732],
          [0.8777, 0.7560, 0.8833,  ..., 0.7031, 0.3238, 0.2874],
          ...,
          [0.1359, 0.9938, 0.2395,  ..., 0.8693, 0.8730, 0.7047],
          [0.3274, 0.8979, 0.3901,  ..., 0.5533, 0.3357, 0.7151],
          [0.3578, 0.6123, 0.3943,  ..., 0.7777, 0.6269, 0.3233]],

         [[0.9196, 0.1945, 0.8402,  ..., 0.3566, 0.8978, 0.0369],
          [0.0846, 0.1113, 0.8891,  ..., 0.7206, 0.5047, 0.9295],
          [0.4104, 0.5987, 0.5285,  ..., 0.4088, 0.5612, 0.5027],
          ...,
          [0.0697, 0.9702, 0.5938,  ..., 0.8553, 0.0320, 0.6981],
          [0.9750, 0.5230, 0.9644,  ..., 0.8952, 0.1455, 0.3650],
          [0.9067, 0.3124, 0.4332,  ..., 0.7228, 0.6458, 0.8985]],

         [[0.9800, 0.3423, 0.1128,  ..., 0.9591, 0.8891, 0.3186],
          [0.4786, 0.2014, 0.5902,  ..., 0.6363, 0.9142, 0.5323],
          [0.9205, 0.6470, 0.6559,  ..., 0.7208, 0.8052, 0.4555],
          ...,
          [0.9289, 0.6845, 0.9199,  ..., 0.6709, 0.2709, 0.0824],
          [0.4764, 0.1333, 0.2175,  ..., 0.2616, 0.2380, 0.6012],
          [0.1000, 0.8576, 0.7628,  ..., 0.7293, 0.8108, 0.6252]],

         ...,

         [[0.9161, 0.2125, 0.3830,  ..., 0.5099, 0.5019, 0.0648],
          [0.1045, 0.2248, 0.2728,  ..., 0.9989, 0.9230, 0.4980],
          [0.2649, 0.9411, 0.8000,  ..., 0.8406, 0.0740, 0.0843],
          ...,
          [0.6521, 0.4810, 0.5149,  ..., 0.4164, 0.8528, 0.2591],
          [0.3550, 0.2266, 0.0321,  ..., 0.2142, 0.6079, 0.1437],
          [0.8841, 0.4698, 0.4025,  ..., 0.3394, 0.6906, 0.0874]],

         [[0.5968, 0.7472, 0.0969,  ..., 0.8294, 0.5281, 0.3183],
          [0.8600, 0.0472, 0.0738,  ..., 0.2482, 0.2226, 0.7429],
          [0.4449, 0.4722, 0.4618,  ..., 0.8788, 0.0554, 0.8736],
          ...,
          [0.7361, 0.2955, 0.1404,  ..., 0.6624, 0.2714, 0.7216],
          [0.3507, 0.6212, 0.1492,  ..., 0.9857, 0.6374, 0.0405],
          [0.6937, 0.2340, 0.6807,  ..., 0.6697, 0.9685, 0.1990]],

         [[0.2113, 0.0698, 0.5884,  ..., 0.1585, 0.8135, 0.9326],
          [0.7832, 0.7625, 0.4692,  ..., 0.3438, 0.8027, 0.7703],
          [0.0358, 0.9359, 0.7963,  ..., 0.7628, 0.5003, 0.4216],
          ...,
          [0.2120, 1.0000, 0.8814,  ..., 0.7335, 0.1027, 0.6129],
          [0.1938, 0.1964, 0.5936,  ..., 0.1892, 0.1939, 0.0776],
          [0.1476, 0.3404, 0.0307,  ..., 0.9909, 0.1062, 0.0234]]],


        [[[0.3337, 0.3325, 0.3020,  ..., 0.9386, 0.5743, 0.8674],
          [0.0205, 0.4436, 0.1708,  ..., 0.7218, 0.9898, 0.1971],
          [0.8076, 0.9120, 0.8355,  ..., 0.1820, 0.8995, 0.9952],
          ...,
          [0.0911, 0.1681, 0.7078,  ..., 0.5492, 0.0025, 0.6644],
          [0.3544, 0.5521, 0.9538,  ..., 0.1804, 0.8224, 0.0207],
          [0.9129, 0.4125, 0.8416,  ..., 0.7995, 0.9733, 0.9537]],

         [[0.9540, 0.8022, 0.7453,  ..., 0.3309, 0.6417, 0.7943],
          [0.0761, 0.8276, 0.2025,  ..., 0.1914, 0.1455, 0.2191],
          [0.8131, 0.0558, 0.0460,  ..., 0.2918, 0.2726, 0.6888],
          ...,
          [0.9109, 0.5326, 0.0809,  ..., 0.5900, 0.3152, 0.3187],
          [0.0773, 0.0372, 0.2569,  ..., 0.8388, 0.5460, 0.1292],
          [0.1447, 0.3736, 0.5469,  ..., 0.7844, 0.3005, 0.1505]],

         [[0.2612, 0.1273, 0.2722,  ..., 0.9251, 0.5975, 0.8630],
          [0.0447, 0.1663, 0.2506,  ..., 0.7675, 0.2108, 0.8036],
          [0.1988, 0.8409, 0.4907,  ..., 0.3671, 0.4053, 0.2598],
          ...,
          [0.9876, 0.6649, 0.0897,  ..., 0.1644, 0.4374, 0.7322],
          [0.8838, 0.5144, 0.5197,  ..., 0.4913, 0.9915, 0.8930],
          [0.6093, 0.1791, 0.3100,  ..., 0.8557, 0.2567, 0.7640]],

         ...,

         [[0.8463, 0.5751, 0.4685,  ..., 0.2585, 0.0435, 0.9307],
          [0.7229, 0.1133, 0.8799,  ..., 0.1503, 0.2787, 0.3424],
          [0.3422, 0.4893, 0.3827,  ..., 0.0354, 0.4109, 0.0071],
          ...,
          [0.9908, 0.1551, 0.3202,  ..., 0.0710, 0.3021, 0.4632],
          [0.2834, 0.4384, 0.3842,  ..., 0.3925, 0.5862, 0.2771],
          [0.4194, 0.0243, 0.3055,  ..., 0.0302, 0.4972, 0.8277]],

         [[0.8149, 0.2854, 0.0677,  ..., 0.4742, 0.1851, 0.6001],
          [0.5228, 0.7904, 0.8741,  ..., 0.5491, 0.4572, 0.7184],
          [0.8139, 0.4799, 0.5102,  ..., 0.4686, 0.1679, 0.1383],
          ...,
          [0.2674, 0.9411, 0.9533,  ..., 0.2919, 0.4303, 0.4194],
          [0.1042, 0.5665, 0.9334,  ..., 0.3962, 0.2209, 0.2535],
          [0.7782, 0.8343, 0.4447,  ..., 0.3908, 0.0495, 0.0215]],

         [[0.2009, 0.0418, 0.2503,  ..., 0.1207, 0.8364, 0.0833],
          [0.4495, 0.3206, 0.2748,  ..., 0.9923, 0.0161, 0.1298],
          [0.0311, 0.1824, 0.7335,  ..., 0.4360, 0.0981, 0.8391],
          ...,
          [0.3551, 0.8360, 0.2625,  ..., 0.5541, 0.4762, 0.6729],
          [0.5900, 0.8067, 0.2441,  ..., 0.2446, 0.7554, 0.8279],
          [0.9328, 0.0281, 0.8383,  ..., 0.4784, 0.6121, 0.0502]]]])
