tensor([[[[0.5563, 0.9124, 0.7276,  ..., 0.7800, 0.6860, 0.3953],
          [0.6573, 0.9482, 0.6830,  ..., 0.0339, 0.3344, 0.6446],
          [0.3593, 0.7408, 0.2339,  ..., 0.6387, 0.8237, 0.4851],
          ...,
          [0.8439, 0.9744, 0.4248,  ..., 0.6488, 0.2517, 0.1546],
          [0.3649, 0.1270, 0.3896,  ..., 0.0365, 0.4326, 0.8682],
          [0.6496, 0.6961, 0.6759,  ..., 0.0111, 0.3403, 0.9035]],

         [[0.8816, 0.6923, 0.0878,  ..., 0.2108, 0.5204, 0.2968],
          [0.8345, 0.7268, 0.3538,  ..., 0.0527, 0.5919, 0.2078],
          [0.2880, 0.7210, 0.7852,  ..., 0.7994, 0.6192, 0.8871],
          ...,
          [0.4333, 0.1718, 0.8436,  ..., 0.3312, 0.3638, 0.4995],
          [0.7638, 0.0127, 0.9141,  ..., 0.5495, 0.3485, 0.9496],
          [0.7637, 0.8855, 0.5279,  ..., 0.5429, 0.3319, 0.0862]],

         [[0.2285, 0.0942, 0.4466,  ..., 0.8909, 0.5480, 0.4870],
          [0.4993, 0.9829, 0.7791,  ..., 0.9543, 0.2272, 0.9479],
          [0.3886, 0.1932, 0.8942,  ..., 0.9532, 0.8392, 0.6169],
          ...,
          [0.8514, 0.5074, 0.3642,  ..., 0.7588, 0.5385, 0.6410],
          [0.6624, 0.1391, 0.7561,  ..., 0.2064, 0.6608, 0.4569],
          [0.9182, 0.2251, 0.7111,  ..., 0.6598, 0.1501, 0.0826]],

         ...,

         [[0.4436, 0.1329, 0.2063,  ..., 0.5428, 0.2526, 0.5641],
          [0.6086, 0.7541, 0.2176,  ..., 0.5367, 0.0575, 0.9626],
          [0.6729, 0.8744, 0.3309,  ..., 0.0893, 0.3470, 0.6859],
          ...,
          [0.9177, 0.5494, 0.0324,  ..., 0.5055, 0.6132, 0.4701],
          [0.1678, 0.8925, 0.4447,  ..., 0.8993, 0.6949, 0.2634],
          [0.1325, 0.7293, 0.6900,  ..., 0.3144, 0.5461, 0.3448]],

         [[0.1387, 0.8917, 0.9633,  ..., 0.6491, 0.4456, 0.6092],
          [0.4407, 0.8655, 0.1532,  ..., 0.9943, 0.8985, 0.5738],
          [0.1444, 0.8948, 0.1236,  ..., 0.3901, 0.5777, 0.3610],
          ...,
          [0.3655, 0.5693, 0.4482,  ..., 0.6830, 0.8887, 0.4835],
          [0.6399, 0.3645, 0.7603,  ..., 0.1555, 0.6063, 0.3564],
          [0.1974, 0.7304, 0.2379,  ..., 0.9630, 0.0167, 0.6781]],

         [[0.6161, 0.9099, 0.9381,  ..., 0.8733, 0.6985, 0.4261],
          [0.2649, 0.1824, 0.5127,  ..., 0.4158, 0.3381, 0.7291],
          [0.9918, 0.9981, 0.0974,  ..., 0.8424, 0.9360, 0.6698],
          ...,
          [0.4714, 0.4029, 0.3794,  ..., 0.4873, 0.4528, 0.8543],
          [0.9379, 0.7324, 0.6780,  ..., 0.6916, 0.6252, 0.1071],
          [0.9242, 0.0492, 0.1300,  ..., 0.4229, 0.2352, 0.2873]]],


        [[[0.6561, 0.0169, 0.4821,  ..., 0.6284, 0.0666, 0.8645],
          [0.1746, 0.9008, 0.3193,  ..., 0.2296, 0.4767, 0.5186],
          [0.0331, 0.0241, 0.6265,  ..., 0.9230, 0.0120, 0.0914],
          ...,
          [0.6365, 0.0174, 0.7972,  ..., 0.1395, 0.0244, 0.7645],
          [0.0589, 0.2328, 0.5778,  ..., 0.8214, 0.4819, 0.1202],
          [0.4497, 0.3518, 0.8972,  ..., 0.9489, 0.0094, 0.8497]],

         [[0.2918, 0.9410, 0.5871,  ..., 0.7008, 0.3926, 0.1116],
          [0.0663, 0.9057, 0.0020,  ..., 0.1730, 0.4438, 0.7405],
          [0.6783, 0.9073, 0.7211,  ..., 0.0815, 0.9592, 0.3473],
          ...,
          [0.1467, 0.4241, 0.4777,  ..., 0.2760, 0.2938, 0.8969],
          [0.8212, 0.3752, 0.7225,  ..., 0.2184, 0.7147, 0.3955],
          [0.4155, 0.8385, 0.8697,  ..., 0.6000, 0.1087, 0.9554]],

         [[0.0287, 0.0342, 0.7673,  ..., 0.2815, 0.5250, 0.1861],
          [0.0143, 0.1587, 0.9912,  ..., 0.9689, 0.9327, 0.0031],
          [0.1941, 0.1627, 0.5696,  ..., 0.6114, 0.1991, 0.9367],
          ...,
          [0.8000, 0.9789, 0.7876,  ..., 0.2162, 0.1426, 0.2949],
          [0.1623, 0.0661, 0.9783,  ..., 0.0675, 0.6993, 0.9344],
          [0.5184, 0.3900, 0.8088,  ..., 0.2394, 0.2961, 0.6838]],

         ...,

         [[0.8968, 0.5992, 0.6522,  ..., 0.7725, 0.7621, 0.6531],
          [0.1303, 0.2113, 0.6767,  ..., 0.2120, 0.1662, 0.3615],
          [0.0179, 0.8943, 0.7405,  ..., 0.2019, 0.7449, 0.2601],
          ...,
          [0.3327, 0.0292, 0.6091,  ..., 0.4014, 0.4324, 0.5895],
          [0.1293, 0.8977, 0.1415,  ..., 0.6027, 0.7398, 0.9862],
          [0.9310, 0.9745, 0.9981,  ..., 0.5557, 0.1702, 0.3177]],

         [[0.3685, 0.2212, 0.3071,  ..., 0.7380, 0.4791, 0.9491],
          [0.6147, 0.2746, 0.1243,  ..., 0.2487, 0.8837, 0.6657],
          [0.8448, 0.1756, 0.5242,  ..., 0.4925, 0.6088, 0.7668],
          ...,
          [0.8223, 0.7310, 0.8108,  ..., 0.8478, 0.2107, 0.6927],
          [0.1557, 0.0412, 0.2696,  ..., 0.4042, 0.1886, 0.0640],
          [0.3709, 0.8836, 0.3384,  ..., 0.6722, 0.4921, 0.7804]],

         [[0.5650, 0.7022, 0.4739,  ..., 0.6332, 0.5653, 0.4258],
          [0.8481, 0.6458, 0.2965,  ..., 0.1740, 0.3528, 0.9178],
          [0.6979, 0.4900, 0.1842,  ..., 0.6425, 0.4614, 0.9330],
          ...,
          [0.6221, 0.0587, 0.7681,  ..., 0.8550, 0.4229, 0.7356],
          [0.1272, 0.3673, 0.8111,  ..., 0.9052, 0.5479, 0.1112],
          [0.7341, 0.7637, 0.3016,  ..., 0.4799, 0.1008, 0.1312]]],


        [[[0.8195, 0.1654, 0.2025,  ..., 0.4839, 0.6228, 0.2549],
          [0.4505, 0.2437, 0.7276,  ..., 0.2132, 0.9265, 0.9258],
          [0.5799, 0.2292, 0.6163,  ..., 0.4633, 0.3382, 0.2066],
          ...,
          [0.1327, 0.2829, 0.6539,  ..., 0.5826, 0.6874, 0.0847],
          [0.8343, 0.0100, 0.2328,  ..., 0.8865, 0.4515, 0.3009],
          [0.9405, 0.8716, 0.0160,  ..., 0.5385, 0.3301, 0.7893]],

         [[0.0365, 0.9938, 0.2953,  ..., 0.0507, 0.8281, 0.0375],
          [0.5806, 0.6932, 0.9370,  ..., 0.9846, 0.0285, 0.1110],
          [0.1160, 0.0550, 0.6031,  ..., 0.4137, 0.0802, 0.5342],
          ...,
          [0.1296, 0.4069, 0.5949,  ..., 0.4556, 0.6805, 0.3269],
          [0.8076, 0.1171, 0.2406,  ..., 0.4431, 0.4911, 0.2936],
          [0.2009, 0.0169, 0.5462,  ..., 0.0204, 0.5861, 0.8158]],

         [[0.9626, 0.3933, 0.2368,  ..., 0.2250, 0.7335, 0.8358],
          [0.3517, 0.9800, 0.3459,  ..., 0.7037, 0.2676, 0.2895],
          [0.6742, 0.7809, 0.5108,  ..., 0.3280, 0.5903, 0.9064],
          ...,
          [0.7527, 0.7451, 0.5304,  ..., 0.3578, 0.8789, 0.1916],
          [0.0825, 0.4641, 0.3046,  ..., 0.9985, 0.1992, 0.2771],
          [0.3084, 0.9363, 0.2796,  ..., 0.2365, 0.6636, 0.8960]],

         ...,

         [[0.5864, 0.7258, 0.3643,  ..., 0.7558, 0.2531, 0.6514],
          [0.3065, 0.7006, 0.3789,  ..., 0.4671, 0.1882, 0.2905],
          [0.7708, 0.5937, 0.7608,  ..., 0.0350, 0.0058, 0.9354],
          ...,
          [0.4685, 0.7393, 0.6396,  ..., 0.4338, 0.0629, 0.3481],
          [0.2325, 0.1794, 0.5062,  ..., 0.5482, 0.1491, 0.1500],
          [0.5672, 0.2591, 0.6756,  ..., 0.4377, 0.2850, 0.8958]],

         [[0.6514, 0.8259, 0.7656,  ..., 0.4118, 0.0767, 0.2241],
          [0.8137, 0.6908, 0.6460,  ..., 0.4138, 0.1798, 0.6636],
          [0.2873, 0.5379, 0.8020,  ..., 0.1022, 0.2237, 0.7923],
          ...,
          [0.0493, 0.0903, 0.1498,  ..., 0.3287, 0.2702, 0.6227],
          [0.6419, 0.8790, 0.5738,  ..., 0.3452, 0.2646, 0.4912],
          [0.0516, 0.2219, 0.2202,  ..., 0.1390, 0.4000, 0.7660]],

         [[0.9912, 0.6517, 0.5138,  ..., 0.7989, 0.9371, 0.1428],
          [0.3648, 0.5672, 0.1382,  ..., 0.1431, 0.6309, 0.7441],
          [0.7437, 0.5332, 0.7409,  ..., 0.8205, 0.3928, 0.0221],
          ...,
          [0.4758, 0.3355, 0.1693,  ..., 0.8482, 0.2645, 0.1620],
          [0.9517, 0.8426, 0.3093,  ..., 0.1897, 0.4266, 0.0946],
          [0.0869, 0.8962, 0.2753,  ..., 0.4956, 0.3437, 0.1873]]],


        ...,


        [[[0.7997, 0.5408, 0.4765,  ..., 0.0617, 0.0985, 0.9172],
          [0.7939, 0.2062, 0.8689,  ..., 0.3584, 0.7687, 0.0554],
          [0.1162, 0.3151, 0.2591,  ..., 0.5580, 0.6545, 0.2167],
          ...,
          [0.0416, 0.2528, 0.2028,  ..., 0.3052, 0.3459, 0.5536],
          [0.2176, 0.6269, 0.0640,  ..., 0.7454, 0.0910, 0.1082],
          [0.5081, 0.0928, 0.7839,  ..., 0.9083, 0.6473, 0.0036]],

         [[0.1907, 0.9158, 0.8417,  ..., 0.8477, 0.3977, 0.1260],
          [0.8245, 0.6758, 0.6877,  ..., 0.8248, 0.1433, 0.1104],
          [0.2779, 0.0719, 0.8595,  ..., 0.0803, 0.2722, 0.2008],
          ...,
          [0.6933, 0.3127, 0.3318,  ..., 0.2407, 0.5787, 0.5301],
          [0.0414, 0.1349, 0.6801,  ..., 0.7645, 0.8397, 0.2805],
          [0.5522, 0.2426, 0.9544,  ..., 0.5938, 0.1519, 0.8803]],

         [[0.5766, 0.3594, 0.3537,  ..., 0.8461, 0.6273, 0.4047],
          [0.4144, 0.7946, 0.0531,  ..., 0.9003, 0.5382, 0.6911],
          [0.4526, 0.3083, 0.8977,  ..., 0.1252, 0.5471, 0.1191],
          ...,
          [0.4688, 0.0055, 0.3620,  ..., 0.8510, 0.0521, 0.7951],
          [0.1328, 0.4298, 0.6113,  ..., 0.9781, 0.7523, 0.1040],
          [0.5411, 0.7108, 0.2783,  ..., 0.1718, 0.0346, 0.0686]],

         ...,

         [[0.4937, 0.1135, 0.6006,  ..., 0.1231, 0.9743, 0.7237],
          [0.5556, 0.1446, 0.8112,  ..., 0.7760, 0.7442, 0.1721],
          [0.9012, 0.0013, 0.8909,  ..., 0.9827, 0.3555, 0.0144],
          ...,
          [0.5456, 0.6666, 0.5059,  ..., 0.6186, 0.0207, 0.8294],
          [0.8953, 0.1174, 0.6590,  ..., 0.5999, 0.7367, 0.9819],
          [0.0545, 0.9498, 0.3061,  ..., 0.1026, 0.9399, 0.6565]],

         [[0.9405, 0.6322, 0.3311,  ..., 0.6038, 0.2085, 0.6230],
          [0.0198, 0.8544, 0.6277,  ..., 0.4572, 0.5598, 0.1184],
          [0.8739, 0.1867, 0.3160,  ..., 0.6681, 0.9613, 0.2394],
          ...,
          [0.7194, 0.0348, 0.6952,  ..., 0.9829, 0.2606, 0.1295],
          [0.6882, 0.5370, 0.0295,  ..., 0.4026, 0.3759, 0.9639],
          [0.9636, 0.9969, 0.8867,  ..., 0.7556, 0.6799, 0.3717]],

         [[0.3397, 0.4976, 0.7701,  ..., 0.7372, 0.7838, 0.4084],
          [0.2419, 0.3703, 0.0499,  ..., 0.2697, 0.7661, 0.8184],
          [0.8831, 0.0784, 0.0887,  ..., 0.8060, 0.5204, 0.0983],
          ...,
          [0.8405, 0.7548, 0.3958,  ..., 0.1549, 0.1295, 0.7541],
          [0.4674, 0.8812, 0.1572,  ..., 0.2302, 0.5627, 0.3854],
          [0.2141, 0.9877, 0.4153,  ..., 0.2245, 0.1931, 0.2271]]],


        [[[0.8294, 0.0527, 0.1724,  ..., 0.0316, 0.5258, 0.4925],
          [0.5793, 0.8710, 0.3851,  ..., 0.1879, 0.0248, 0.2185],
          [0.5195, 0.7609, 0.6622,  ..., 0.3762, 0.8537, 0.6795],
          ...,
          [0.4787, 0.2318, 0.7685,  ..., 0.1864, 0.7005, 0.4797],
          [0.1092, 0.9762, 0.1460,  ..., 0.7883, 0.7343, 0.3480],
          [0.1497, 0.3554, 0.5175,  ..., 0.1829, 0.9508, 0.2204]],

         [[0.3946, 0.8257, 0.9321,  ..., 0.8806, 0.5270, 0.6496],
          [0.9327, 0.5843, 0.0403,  ..., 0.1336, 0.7314, 0.8347],
          [0.0027, 0.6943, 0.3792,  ..., 0.9313, 0.0778, 0.5127],
          ...,
          [0.3182, 0.0054, 0.1412,  ..., 0.9205, 0.9631, 0.4658],
          [0.4243, 0.0179, 0.3630,  ..., 0.5569, 0.1841, 0.1906],
          [0.6693, 0.8297, 0.1603,  ..., 0.2576, 0.8492, 0.4088]],

         [[0.3893, 0.0159, 0.1277,  ..., 0.4783, 0.3257, 0.9644],
          [0.6484, 0.7222, 0.3847,  ..., 0.1867, 0.4193, 0.4337],
          [0.3664, 0.9056, 0.2299,  ..., 0.1160, 0.8900, 0.2986],
          ...,
          [0.8937, 0.5193, 0.5061,  ..., 0.3594, 0.1277, 0.4069],
          [0.4642, 0.7246, 0.2363,  ..., 0.7185, 0.4290, 0.9186],
          [0.1384, 0.7290, 0.7322,  ..., 0.8789, 0.8891, 0.9724]],

         ...,

         [[0.3320, 0.9314, 0.0276,  ..., 0.3000, 0.0373, 0.0365],
          [0.3849, 0.2327, 0.3257,  ..., 0.9488, 0.7428, 0.3204],
          [0.6657, 0.3582, 0.5001,  ..., 0.2416, 0.3035, 0.5364],
          ...,
          [0.5766, 0.9683, 0.5928,  ..., 0.7926, 0.2905, 0.8357],
          [0.4702, 0.3462, 0.6056,  ..., 0.6722, 0.2051, 0.4928],
          [0.0896, 0.9157, 0.5239,  ..., 0.2142, 0.6460, 0.0159]],

         [[0.2424, 0.5318, 0.9090,  ..., 0.2727, 0.1907, 0.1004],
          [0.0691, 0.5631, 0.6259,  ..., 0.4336, 0.1605, 0.6973],
          [0.8068, 0.9562, 0.5125,  ..., 0.4524, 0.3373, 0.2577],
          ...,
          [0.9745, 0.3250, 0.0602,  ..., 0.6181, 0.6787, 0.8730],
          [0.0558, 0.1398, 0.0111,  ..., 0.5948, 0.9840, 0.9314],
          [0.9158, 0.7881, 0.0319,  ..., 0.6336, 0.0964, 0.8493]],

         [[0.9694, 0.0623, 0.5486,  ..., 0.7718, 0.1691, 0.9840],
          [0.3739, 0.7525, 0.4344,  ..., 0.9580, 0.6302, 0.8558],
          [0.9457, 0.5105, 0.0595,  ..., 0.9687, 0.0154, 0.6172],
          ...,
          [0.9472, 0.7229, 0.4407,  ..., 0.5294, 0.2598, 0.9053],
          [0.1972, 0.9018, 0.4397,  ..., 0.8542, 0.7826, 0.7860],
          [0.7880, 0.1825, 0.2572,  ..., 0.5940, 0.0741, 0.4901]]],


        [[[0.1330, 0.2658, 0.0728,  ..., 0.7681, 0.7424, 0.9933],
          [0.9977, 0.9765, 0.9273,  ..., 0.6543, 0.1341, 0.4573],
          [0.8087, 0.0475, 0.1985,  ..., 0.5792, 0.3085, 0.7745],
          ...,
          [0.6852, 0.3943, 0.5148,  ..., 0.5109, 0.9443, 0.0358],
          [0.1513, 0.8752, 0.1167,  ..., 0.6555, 0.8880, 0.9355],
          [0.2758, 0.4319, 0.5960,  ..., 0.0653, 0.1246, 0.6495]],

         [[0.0994, 0.5438, 0.2306,  ..., 0.2715, 0.9570, 0.4694],
          [0.1944, 0.8677, 0.1879,  ..., 0.6128, 0.8208, 0.6923],
          [0.1407, 0.0471, 0.7184,  ..., 0.1452, 0.8222, 0.4729],
          ...,
          [0.6641, 0.0197, 0.8320,  ..., 0.8943, 0.6913, 0.6343],
          [0.2140, 0.7009, 0.1973,  ..., 0.7949, 0.7453, 0.3488],
          [0.7646, 0.7123, 0.9360,  ..., 0.5353, 0.2373, 0.7695]],

         [[0.1336, 0.5725, 0.4228,  ..., 0.5878, 0.6534, 0.1015],
          [0.7450, 0.4928, 0.0674,  ..., 0.6051, 0.7662, 0.5928],
          [0.6920, 0.4671, 0.2218,  ..., 0.0671, 0.0394, 0.0357],
          ...,
          [0.9517, 0.5286, 0.6166,  ..., 0.0450, 0.4030, 0.7085],
          [0.9896, 0.2288, 0.1902,  ..., 0.3876, 0.6600, 0.6992],
          [0.8411, 0.3771, 0.1434,  ..., 0.0085, 0.8466, 0.5196]],

         ...,

         [[0.7945, 0.0669, 0.0147,  ..., 0.0639, 0.2998, 0.1783],
          [0.4114, 0.6115, 0.9996,  ..., 0.9016, 0.8417, 0.4006],
          [0.3883, 0.4780, 0.5425,  ..., 0.8479, 0.3464, 0.9143],
          ...,
          [0.0031, 0.3563, 0.4054,  ..., 0.8040, 0.7358, 0.5724],
          [0.5828, 0.7875, 0.2670,  ..., 0.3238, 0.8756, 0.2394],
          [0.0099, 0.5021, 0.8821,  ..., 0.7009, 0.9919, 0.1300]],

         [[0.8974, 0.7278, 0.8791,  ..., 0.8644, 0.2521, 0.1206],
          [0.6060, 0.5131, 0.0846,  ..., 0.3420, 0.4978, 0.7447],
          [0.9124, 0.5224, 0.5556,  ..., 0.6695, 0.9334, 0.9417],
          ...,
          [0.9161, 0.6220, 0.8951,  ..., 0.4614, 0.2799, 0.4808],
          [0.1230, 0.3693, 0.8002,  ..., 0.1990, 0.8756, 0.4370],
          [0.3776, 0.7924, 0.5483,  ..., 0.8291, 0.0270, 0.4618]],

         [[0.2630, 0.6872, 0.1257,  ..., 0.0922, 0.3091, 0.3898],
          [0.8926, 0.3607, 0.4823,  ..., 0.6725, 0.0377, 0.9362],
          [0.2828, 0.1465, 0.9953,  ..., 0.4637, 0.2661, 0.6279],
          ...,
          [0.6559, 0.1874, 0.5300,  ..., 0.3258, 0.1020, 0.8359],
          [0.1903, 0.0961, 0.7480,  ..., 0.4786, 0.5711, 0.2848],
          [0.6285, 0.0081, 0.8293,  ..., 0.4786, 0.1767, 0.4416]]]])
