tensor([[[[2.6933e-01, 8.6286e-01, 1.9797e-01,  ..., 8.6935e-01,
           4.1150e-01, 6.3033e-01],
          [1.9890e-01, 8.8563e-01, 3.5972e-01,  ..., 1.6826e-01,
           6.9945e-01, 1.1166e-01],
          [8.7580e-01, 3.9120e-01, 4.2093e-02,  ..., 1.0181e-01,
           9.4880e-01, 5.5015e-01],
          ...,
          [1.4127e-01, 4.2328e-01, 8.9396e-01,  ..., 3.3978e-01,
           3.4259e-01, 1.5575e-01],
          [3.6623e-01, 7.5231e-01, 2.9970e-01,  ..., 6.6493e-01,
           2.6200e-02, 5.9930e-01],
          [3.2538e-01, 1.0494e-01, 1.0856e-01,  ..., 7.6807e-01,
           4.3161e-01, 3.3072e-01]],

         [[8.6411e-01, 6.4198e-01, 1.8307e-01,  ..., 4.4113e-01,
           1.9310e-01, 4.1710e-01],
          [4.8754e-01, 2.6819e-01, 6.4653e-02,  ..., 2.4419e-01,
           2.5576e-01, 2.1770e-02],
          [7.2299e-01, 1.2576e-01, 7.8678e-01,  ..., 2.7321e-01,
           8.8721e-03, 5.8416e-01],
          ...,
          [8.9931e-01, 1.8431e-01, 6.8147e-02,  ..., 4.4004e-01,
           9.1549e-03, 6.1880e-01],
          [9.9701e-01, 4.7635e-01, 2.2281e-01,  ..., 4.4946e-01,
           4.4277e-01, 6.1244e-01],
          [2.9185e-01, 9.2341e-01, 6.7959e-01,  ..., 9.6282e-01,
           4.3248e-02, 8.2014e-01]],

         [[3.7606e-01, 3.1002e-01, 3.3857e-01,  ..., 5.8033e-01,
           7.6461e-01, 9.1341e-01],
          [1.5304e-01, 1.0193e-01, 3.6620e-01,  ..., 8.6035e-01,
           4.7524e-02, 5.3380e-01],
          [9.3467e-01, 3.7196e-01, 4.0257e-01,  ..., 4.1114e-01,
           8.6006e-01, 8.4647e-01],
          ...,
          [2.9903e-01, 9.5885e-01, 7.9911e-02,  ..., 8.0863e-01,
           8.5481e-01, 1.3314e-01],
          [1.4471e-01, 6.0602e-01, 6.6314e-02,  ..., 2.9228e-02,
           4.1456e-01, 5.2768e-01],
          [9.2539e-01, 7.0946e-01, 3.7302e-01,  ..., 3.0230e-01,
           7.0476e-01, 3.3432e-01]],

         ...,

         [[3.9910e-01, 1.1759e-01, 9.9492e-01,  ..., 6.5610e-01,
           4.3233e-01, 5.3018e-01],
          [4.9433e-01, 8.7760e-01, 9.7549e-02,  ..., 9.9263e-01,
           2.7336e-02, 1.0992e-02],
          [6.1908e-01, 5.0507e-01, 4.6075e-01,  ..., 2.5662e-01,
           1.1166e-01, 4.7153e-01],
          ...,
          [8.7504e-01, 7.8596e-01, 4.4003e-02,  ..., 3.5914e-01,
           6.0281e-01, 7.2862e-01],
          [8.5865e-01, 5.2181e-01, 3.1093e-01,  ..., 9.1592e-01,
           1.8042e-01, 2.0051e-01],
          [5.6041e-01, 7.2188e-01, 7.0136e-01,  ..., 1.8127e-01,
           3.1593e-01, 9.6248e-01]],

         [[7.2329e-01, 2.7031e-01, 9.0352e-02,  ..., 1.1512e-01,
           3.3335e-01, 8.3915e-01],
          [7.9190e-01, 7.8944e-01, 2.9871e-01,  ..., 7.5505e-01,
           2.3107e-01, 8.9120e-01],
          [9.3485e-02, 1.7263e-01, 6.3304e-01,  ..., 1.0837e-01,
           7.3645e-01, 8.6200e-01],
          ...,
          [1.1193e-01, 8.9221e-01, 3.8864e-01,  ..., 9.0479e-01,
           1.4515e-01, 6.7931e-02],
          [4.3903e-01, 3.4750e-01, 3.3900e-01,  ..., 4.5577e-01,
           7.9741e-01, 1.1930e-01],
          [6.5850e-01, 6.3870e-01, 1.2187e-01,  ..., 7.8895e-01,
           2.5880e-01, 7.3392e-01]],

         [[3.6477e-01, 2.1275e-01, 5.6503e-01,  ..., 4.3184e-02,
           4.2090e-01, 7.6327e-01],
          [2.4112e-01, 6.1766e-01, 1.0987e-01,  ..., 2.3319e-01,
           3.6734e-03, 4.8688e-01],
          [6.7155e-01, 3.3395e-01, 7.2141e-02,  ..., 1.2612e-01,
           6.8168e-02, 5.1300e-01],
          ...,
          [4.7141e-01, 8.8457e-02, 8.3470e-01,  ..., 9.7591e-01,
           7.9881e-01, 3.6269e-02],
          [3.7464e-01, 6.5413e-01, 7.3281e-01,  ..., 9.0499e-01,
           5.6411e-01, 8.1093e-01],
          [9.7044e-01, 5.2787e-01, 5.2163e-03,  ..., 5.9630e-01,
           6.4400e-01, 8.8022e-01]]],


        [[[5.3585e-01, 3.3447e-01, 8.8678e-01,  ..., 7.8752e-01,
           1.3724e-01, 8.1549e-01],
          [7.8836e-01, 3.9275e-01, 7.8425e-01,  ..., 7.3391e-01,
           1.1746e-01, 2.0729e-01],
          [3.1224e-01, 8.9491e-01, 9.1679e-01,  ..., 8.9522e-01,
           9.7632e-02, 2.9024e-01],
          ...,
          [9.9258e-01, 2.2566e-01, 1.0634e-01,  ..., 4.5561e-01,
           8.4416e-01, 2.6142e-02],
          [6.3442e-01, 6.7817e-01, 4.3540e-01,  ..., 9.7882e-01,
           9.1867e-01, 3.7675e-01],
          [9.6158e-01, 6.3814e-01, 7.8346e-01,  ..., 3.9069e-01,
           6.8024e-02, 2.4711e-01]],

         [[8.8805e-01, 9.1786e-01, 1.2064e-02,  ..., 3.5053e-01,
           6.5691e-02, 9.8138e-01],
          [7.7804e-01, 2.2424e-01, 5.6601e-01,  ..., 5.8780e-01,
           6.7081e-01, 5.2236e-01],
          [4.9854e-01, 2.5818e-01, 3.5716e-01,  ..., 6.1469e-01,
           9.4722e-01, 8.0453e-01],
          ...,
          [1.9097e-01, 5.4912e-02, 8.2812e-02,  ..., 8.8623e-01,
           9.5362e-01, 4.5191e-01],
          [1.0071e-01, 7.6718e-01, 5.1603e-01,  ..., 5.1378e-01,
           7.9616e-01, 8.1761e-01],
          [9.8799e-01, 1.7047e-01, 5.1271e-01,  ..., 7.2139e-01,
           5.9585e-01, 8.6807e-01]],

         [[4.1776e-01, 6.2696e-01, 3.1338e-01,  ..., 9.0357e-01,
           2.2956e-01, 7.1272e-01],
          [3.1828e-01, 8.0147e-01, 2.5329e-01,  ..., 9.9378e-03,
           9.3664e-01, 4.2989e-01],
          [6.8610e-01, 7.5694e-01, 5.3973e-01,  ..., 5.4788e-01,
           4.2241e-02, 7.1173e-01],
          ...,
          [9.8324e-01, 4.2246e-01, 7.1893e-01,  ..., 5.8357e-01,
           9.4108e-02, 1.0982e-01],
          [3.5658e-02, 3.1842e-01, 2.6612e-01,  ..., 3.7862e-01,
           2.7283e-01, 7.6187e-01],
          [2.8751e-01, 4.0692e-01, 4.4327e-01,  ..., 4.6169e-01,
           1.5415e-01, 8.7757e-01]],

         ...,

         [[3.6512e-01, 9.0865e-01, 6.0522e-01,  ..., 8.6007e-01,
           1.0632e-01, 3.7164e-01],
          [3.5685e-01, 8.2652e-01, 2.1197e-01,  ..., 8.9567e-01,
           1.2455e-01, 9.1037e-01],
          [9.7207e-01, 4.5471e-01, 3.3100e-01,  ..., 2.5472e-01,
           7.9051e-01, 1.9125e-02],
          ...,
          [9.5774e-02, 2.0214e-01, 8.2476e-01,  ..., 3.9552e-01,
           3.5091e-01, 2.5351e-01],
          [7.6664e-01, 4.8809e-01, 8.5213e-01,  ..., 4.9925e-01,
           1.3213e-01, 4.5565e-01],
          [5.4688e-01, 5.7508e-01, 9.6851e-01,  ..., 8.8566e-02,
           3.9279e-01, 4.1277e-03]],

         [[7.2105e-01, 6.2049e-01, 5.6042e-01,  ..., 6.2103e-01,
           9.6353e-01, 9.5396e-01],
          [1.5444e-01, 1.3091e-01, 2.3252e-01,  ..., 4.6984e-01,
           6.6037e-01, 7.1885e-01],
          [7.9805e-01, 4.9414e-01, 6.1034e-01,  ..., 9.6617e-01,
           3.7815e-01, 6.5742e-02],
          ...,
          [9.6792e-01, 8.5763e-01, 7.4708e-01,  ..., 3.9545e-01,
           6.9762e-01, 5.0193e-01],
          [5.5733e-01, 8.3881e-01, 4.7124e-01,  ..., 8.9541e-02,
           8.4364e-01, 9.3207e-01],
          [1.7541e-01, 9.8006e-01, 4.0942e-01,  ..., 3.4944e-01,
           6.6297e-01, 1.1835e-01]],

         [[5.3361e-01, 5.1564e-01, 3.6378e-01,  ..., 7.3538e-01,
           4.3618e-01, 2.6830e-01],
          [2.9843e-01, 2.0419e-01, 5.9686e-01,  ..., 3.8913e-02,
           3.2501e-01, 8.9427e-01],
          [2.2350e-01, 5.3742e-01, 8.6907e-01,  ..., 8.0633e-01,
           6.0068e-01, 5.0934e-01],
          ...,
          [3.2519e-01, 3.4918e-01, 7.4083e-01,  ..., 7.8197e-01,
           5.8826e-01, 2.2051e-01],
          [8.7134e-01, 1.1298e-01, 7.9601e-01,  ..., 4.4447e-01,
           7.5779e-01, 1.0743e-02],
          [9.4542e-01, 9.1617e-01, 9.8836e-01,  ..., 1.7926e-01,
           5.6109e-01, 9.3418e-01]]],


        [[[5.6940e-01, 6.6428e-01, 1.3519e-01,  ..., 2.4780e-01,
           3.6871e-01, 5.8177e-02],
          [4.0941e-01, 7.7148e-01, 8.2452e-01,  ..., 2.6807e-01,
           1.4123e-03, 4.6157e-01],
          [8.4813e-01, 1.0171e-01, 1.9165e-01,  ..., 8.4463e-01,
           7.9150e-01, 8.4862e-01],
          ...,
          [5.0914e-01, 2.1656e-02, 2.5788e-01,  ..., 8.8657e-01,
           1.7208e-01, 6.0919e-01],
          [8.4936e-02, 4.3163e-01, 2.5784e-01,  ..., 6.9355e-01,
           2.1855e-01, 9.1101e-01],
          [6.1831e-01, 4.0231e-01, 2.1117e-01,  ..., 6.3796e-01,
           7.4051e-01, 1.7642e-01]],

         [[3.9251e-01, 9.8959e-01, 9.5428e-01,  ..., 6.7278e-01,
           2.3345e-01, 4.1521e-01],
          [1.7816e-02, 5.1843e-02, 5.4137e-01,  ..., 7.4155e-01,
           6.6368e-01, 2.8112e-01],
          [7.5343e-01, 3.8268e-01, 9.8500e-01,  ..., 7.6389e-01,
           8.3479e-02, 3.2631e-01],
          ...,
          [1.2257e-01, 8.2052e-01, 1.5363e-01,  ..., 4.6784e-01,
           5.3984e-01, 7.1064e-01],
          [4.7100e-01, 7.9089e-01, 6.1587e-01,  ..., 1.4655e-01,
           3.8492e-01, 8.4890e-01],
          [1.7862e-01, 2.6583e-01, 2.7093e-01,  ..., 8.4826e-01,
           6.0810e-02, 2.8465e-01]],

         [[6.1423e-01, 4.2308e-01, 3.8642e-01,  ..., 9.3800e-01,
           9.4290e-01, 2.6440e-01],
          [3.2250e-01, 7.9410e-01, 8.7266e-01,  ..., 7.9050e-01,
           9.7123e-01, 7.2460e-01],
          [7.0055e-01, 7.2556e-01, 7.8816e-01,  ..., 4.6286e-01,
           8.7688e-01, 6.0768e-01],
          ...,
          [8.8929e-01, 8.4041e-01, 7.9597e-01,  ..., 4.3295e-02,
           6.2739e-01, 2.3389e-01],
          [3.5346e-01, 7.3505e-01, 9.4012e-02,  ..., 2.1002e-01,
           4.8500e-01, 1.3753e-02],
          [8.6593e-01, 8.6136e-02, 8.7834e-01,  ..., 4.7841e-01,
           2.2708e-01, 2.9516e-03]],

         ...,

         [[7.5754e-01, 6.5668e-01, 7.3042e-01,  ..., 9.2814e-01,
           5.9738e-01, 1.9502e-01],
          [1.7351e-01, 6.8236e-01, 7.0227e-01,  ..., 3.2874e-01,
           1.5553e-01, 3.5097e-01],
          [6.4724e-01, 6.7358e-01, 2.1485e-01,  ..., 2.0925e-01,
           4.1659e-01, 1.8013e-01],
          ...,
          [4.7266e-01, 1.7719e-01, 8.5120e-01,  ..., 7.4397e-01,
           8.1828e-01, 4.2298e-01],
          [6.3184e-01, 4.6271e-01, 7.2802e-01,  ..., 5.7910e-01,
           5.1214e-01, 2.5873e-01],
          [2.2996e-01, 6.2906e-02, 7.2970e-01,  ..., 5.7987e-01,
           8.0262e-01, 5.4635e-01]],

         [[8.4891e-01, 5.8671e-01, 3.7451e-01,  ..., 7.1027e-01,
           7.0376e-01, 7.4334e-02],
          [5.6380e-01, 6.2493e-01, 8.2269e-01,  ..., 5.6922e-01,
           4.8620e-01, 2.6893e-01],
          [1.6284e-01, 2.1301e-01, 6.8599e-01,  ..., 9.2571e-01,
           3.3772e-01, 1.4348e-01],
          ...,
          [9.4834e-01, 5.2948e-01, 7.9965e-01,  ..., 4.1979e-01,
           5.9294e-01, 1.1296e-01],
          [7.2392e-01, 4.8886e-02, 9.6005e-01,  ..., 6.1301e-01,
           7.8196e-01, 7.1455e-01],
          [5.1265e-01, 4.8910e-01, 2.1797e-01,  ..., 1.2811e-01,
           6.2096e-01, 2.6161e-01]],

         [[9.3853e-02, 3.1331e-01, 9.4521e-01,  ..., 4.8519e-01,
           9.1186e-01, 3.3344e-01],
          [7.8349e-01, 9.5251e-02, 2.3869e-01,  ..., 4.3260e-02,
           1.4333e-01, 5.0491e-01],
          [1.7998e-01, 3.9612e-01, 3.8822e-01,  ..., 1.5783e-01,
           7.8374e-02, 5.9412e-01],
          ...,
          [8.1612e-02, 1.5980e-01, 7.6034e-01,  ..., 7.8848e-01,
           4.2631e-01, 9.0474e-01],
          [3.6008e-01, 3.8578e-01, 3.8000e-01,  ..., 2.5006e-01,
           7.0923e-01, 3.1886e-01],
          [7.5798e-01, 6.4438e-01, 4.6046e-01,  ..., 1.8050e-01,
           1.1742e-01, 3.9020e-01]]],


        ...,


        [[[9.1847e-01, 8.2802e-01, 6.4594e-01,  ..., 3.2693e-01,
           7.5105e-01, 3.8770e-03],
          [7.5270e-01, 4.9454e-01, 9.7399e-02,  ..., 1.3372e-01,
           4.9680e-01, 6.4823e-01],
          [1.9392e-01, 4.5813e-01, 3.0256e-01,  ..., 6.2572e-01,
           4.7133e-01, 8.6965e-01],
          ...,
          [3.9821e-01, 3.0137e-01, 3.1844e-01,  ..., 1.8292e-01,
           1.3762e-01, 6.3189e-01],
          [5.5171e-01, 9.7158e-01, 6.7537e-01,  ..., 9.6637e-01,
           2.7497e-01, 4.4260e-02],
          [8.5678e-01, 9.6246e-01, 1.0846e-01,  ..., 9.7030e-04,
           6.6135e-01, 5.0264e-01]],

         [[2.5094e-01, 8.3619e-01, 5.1961e-02,  ..., 3.3397e-01,
           4.9812e-01, 8.0907e-01],
          [3.4212e-01, 6.0265e-01, 9.4024e-01,  ..., 4.6442e-01,
           3.8845e-01, 1.7990e-01],
          [8.1162e-01, 1.4333e-01, 1.8383e-02,  ..., 7.4421e-01,
           3.9215e-02, 8.1832e-01],
          ...,
          [9.9606e-01, 5.6508e-01, 4.6105e-01,  ..., 3.5428e-01,
           4.4982e-01, 3.6744e-01],
          [7.5959e-02, 6.2798e-01, 8.8689e-01,  ..., 2.6422e-01,
           7.7114e-01, 2.9679e-01],
          [6.2976e-01, 6.0135e-01, 2.2788e-01,  ..., 7.3284e-01,
           6.2400e-01, 7.9435e-01]],

         [[9.9442e-01, 6.5405e-01, 4.3188e-01,  ..., 2.6961e-01,
           9.2628e-01, 6.3367e-01],
          [7.4906e-01, 7.3546e-01, 2.8715e-01,  ..., 9.7638e-01,
           7.7890e-01, 6.6490e-01],
          [8.1167e-01, 3.3159e-01, 5.8010e-01,  ..., 9.9533e-01,
           2.5846e-02, 1.1504e-01],
          ...,
          [3.8057e-01, 9.9047e-01, 6.4969e-01,  ..., 8.5261e-01,
           4.6048e-01, 8.5825e-01],
          [3.2671e-01, 3.6319e-01, 5.8415e-01,  ..., 3.5430e-01,
           7.2296e-01, 8.6382e-01],
          [8.0948e-01, 2.1407e-01, 8.1039e-01,  ..., 5.7373e-01,
           5.1844e-02, 7.0121e-01]],

         ...,

         [[3.1754e-01, 6.5663e-01, 7.0125e-01,  ..., 7.8056e-02,
           5.7792e-01, 7.8676e-02],
          [1.3230e-01, 1.2522e-01, 7.9394e-01,  ..., 3.7205e-01,
           7.3857e-02, 5.0042e-01],
          [7.5666e-01, 1.3238e-01, 1.4967e-02,  ..., 3.4033e-01,
           3.7699e-02, 4.4841e-02],
          ...,
          [7.1280e-01, 8.5175e-01, 7.2251e-01,  ..., 8.8667e-01,
           7.7147e-01, 3.7845e-02],
          [8.8123e-01, 1.1675e-01, 7.6149e-02,  ..., 7.4260e-01,
           8.0752e-01, 1.1246e-01],
          [5.3994e-01, 4.5160e-01, 3.9559e-01,  ..., 4.9123e-01,
           6.8745e-01, 4.2673e-01]],

         [[7.6305e-01, 1.0213e-03, 4.9990e-01,  ..., 8.9935e-01,
           6.1660e-01, 8.4939e-01],
          [5.9531e-01, 7.7376e-01, 7.4988e-01,  ..., 4.8044e-01,
           8.7259e-01, 3.4304e-01],
          [2.8325e-01, 7.6678e-01, 6.2152e-01,  ..., 3.5235e-01,
           5.3702e-01, 3.5387e-01],
          ...,
          [7.8110e-01, 1.5407e-01, 3.4623e-01,  ..., 5.4251e-02,
           2.8729e-01, 1.3122e-01],
          [5.7500e-01, 8.8877e-01, 8.2481e-01,  ..., 8.7066e-02,
           7.1978e-01, 3.6771e-01],
          [2.4252e-02, 4.4405e-01, 8.0668e-01,  ..., 9.4838e-01,
           6.7009e-01, 1.4788e-01]],

         [[4.2800e-01, 7.9494e-02, 2.9534e-01,  ..., 5.5439e-01,
           2.5929e-01, 2.1570e-01],
          [9.4994e-01, 9.6451e-02, 2.7998e-01,  ..., 9.9803e-02,
           8.2016e-01, 5.9980e-01],
          [9.3109e-01, 6.7604e-01, 4.1261e-01,  ..., 6.8738e-01,
           9.5753e-01, 8.5709e-01],
          ...,
          [3.6356e-01, 6.7635e-01, 6.4108e-01,  ..., 7.8019e-01,
           6.6367e-01, 4.2609e-01],
          [8.5439e-01, 6.8980e-02, 4.8108e-01,  ..., 7.7090e-01,
           9.4994e-01, 2.2333e-01],
          [6.1080e-01, 6.0023e-01, 5.4137e-01,  ..., 5.2889e-01,
           2.4606e-01, 8.1027e-01]]],


        [[[4.2704e-01, 6.2640e-01, 1.2472e-01,  ..., 1.5094e-01,
           6.1789e-01, 4.3655e-02],
          [4.2619e-01, 3.8608e-01, 1.1161e-01,  ..., 8.8901e-02,
           3.9163e-01, 1.5405e-01],
          [2.3988e-01, 2.3658e-01, 1.9599e-01,  ..., 2.9794e-01,
           5.2871e-01, 5.9751e-01],
          ...,
          [1.6916e-01, 8.3820e-01, 5.9681e-01,  ..., 3.5959e-01,
           4.5266e-01, 7.6893e-01],
          [6.0503e-02, 8.9929e-01, 8.2938e-01,  ..., 8.3686e-02,
           9.9866e-01, 8.2476e-01],
          [7.1181e-01, 5.0923e-01, 3.2488e-01,  ..., 9.2158e-01,
           4.8606e-01, 5.1834e-01]],

         [[9.7233e-01, 4.6287e-01, 6.0286e-01,  ..., 7.2252e-01,
           7.6306e-01, 9.6155e-01],
          [1.1640e-01, 5.7171e-01, 1.0014e-01,  ..., 1.0062e-02,
           4.9989e-01, 6.1942e-01],
          [4.0588e-01, 1.7411e-01, 3.9735e-01,  ..., 3.9237e-01,
           3.7896e-01, 6.7736e-01],
          ...,
          [3.2268e-01, 6.7907e-01, 2.3797e-01,  ..., 6.1370e-01,
           2.2290e-01, 6.1574e-01],
          [1.3468e-01, 2.2127e-01, 3.2002e-01,  ..., 7.3139e-01,
           5.2213e-01, 9.3120e-01],
          [3.7900e-01, 1.9031e-02, 2.7564e-01,  ..., 2.2792e-01,
           4.7096e-01, 1.6915e-02]],

         [[8.5866e-03, 8.7016e-02, 2.7027e-01,  ..., 4.7218e-01,
           5.4436e-01, 1.3146e-01],
          [2.0720e-01, 5.0362e-01, 7.7740e-01,  ..., 2.5011e-01,
           3.0304e-01, 9.5343e-01],
          [6.2868e-01, 1.6557e-01, 7.2910e-01,  ..., 6.8515e-01,
           2.5275e-01, 7.7843e-01],
          ...,
          [4.2943e-01, 7.5674e-01, 7.5368e-01,  ..., 7.6697e-01,
           9.6497e-01, 6.4507e-02],
          [9.1658e-01, 3.2834e-01, 1.8598e-01,  ..., 9.2205e-01,
           6.7831e-01, 1.9939e-01],
          [7.3048e-01, 2.2553e-01, 6.1881e-01,  ..., 4.9026e-01,
           5.0622e-01, 2.7987e-02]],

         ...,

         [[9.5032e-01, 1.8153e-02, 6.3078e-01,  ..., 5.8727e-01,
           1.9647e-01, 6.5482e-01],
          [5.8101e-01, 6.9591e-01, 5.6800e-01,  ..., 8.8772e-01,
           4.0932e-01, 8.8422e-01],
          [6.6731e-01, 7.3064e-01, 1.2022e-01,  ..., 3.5330e-01,
           9.5973e-01, 6.3949e-01],
          ...,
          [3.0960e-01, 1.9477e-01, 1.3351e-01,  ..., 4.3680e-01,
           1.5405e-01, 9.4281e-01],
          [4.2931e-01, 6.0139e-01, 6.0554e-02,  ..., 3.8972e-01,
           5.5282e-01, 1.3880e-01],
          [8.9331e-01, 4.8393e-01, 2.5161e-01,  ..., 5.9702e-01,
           1.5531e-01, 9.3836e-01]],

         [[2.8493e-01, 3.8614e-02, 3.4558e-01,  ..., 7.8536e-01,
           1.2575e-01, 5.0503e-01],
          [7.9939e-01, 5.6077e-01, 1.3474e-01,  ..., 5.8797e-01,
           5.4121e-01, 7.9475e-02],
          [1.4430e-02, 1.7247e-01, 8.4128e-01,  ..., 2.1908e-01,
           8.6525e-01, 1.4921e-01],
          ...,
          [5.9011e-01, 1.5362e-01, 9.8942e-01,  ..., 2.0606e-01,
           2.8408e-01, 7.1410e-01],
          [7.0916e-01, 8.8803e-01, 8.2269e-01,  ..., 1.9507e-02,
           2.1395e-01, 6.5340e-02],
          [5.1491e-01, 4.5152e-01, 5.1596e-02,  ..., 7.2757e-01,
           4.9821e-02, 2.2359e-01]],

         [[8.0404e-01, 5.8348e-01, 2.4181e-02,  ..., 8.9089e-01,
           1.1642e-01, 6.1894e-02],
          [9.4442e-01, 3.4216e-01, 8.3844e-01,  ..., 9.0373e-02,
           4.0612e-01, 7.1274e-01],
          [7.7816e-01, 9.8415e-01, 3.4368e-01,  ..., 1.5717e-01,
           4.0985e-01, 2.8125e-01],
          ...,
          [9.0737e-01, 5.7752e-01, 6.8965e-01,  ..., 7.2409e-01,
           1.3218e-01, 7.6937e-01],
          [6.5720e-01, 1.1059e-01, 4.1494e-01,  ..., 2.8388e-01,
           8.6780e-02, 7.7795e-02],
          [7.2461e-01, 8.6976e-01, 1.8829e-01,  ..., 7.6403e-01,
           1.2603e-02, 9.1626e-01]]],


        [[[9.2069e-01, 4.9465e-02, 8.4441e-01,  ..., 3.0032e-01,
           2.1538e-01, 4.8708e-01],
          [2.0694e-01, 3.8261e-01, 8.0667e-02,  ..., 5.8136e-02,
           8.3645e-01, 6.2055e-01],
          [2.1314e-01, 3.1233e-01, 7.5441e-01,  ..., 6.7084e-01,
           7.6085e-01, 5.3773e-01],
          ...,
          [6.2266e-02, 1.3474e-01, 7.6576e-01,  ..., 6.5507e-01,
           8.9741e-01, 1.6954e-01],
          [8.4003e-01, 9.2952e-01, 9.8939e-01,  ..., 1.1877e-01,
           2.9739e-01, 7.4753e-01],
          [1.4817e-01, 8.2763e-01, 6.2256e-01,  ..., 5.9134e-01,
           2.1152e-01, 9.0139e-01]],

         [[6.1972e-01, 8.1172e-01, 2.9028e-01,  ..., 6.0750e-01,
           7.7700e-01, 8.3878e-02],
          [2.4006e-01, 2.5292e-01, 5.8950e-01,  ..., 3.5017e-02,
           3.6960e-01, 6.5329e-01],
          [3.3962e-01, 4.3751e-01, 6.1069e-01,  ..., 8.3867e-01,
           4.4795e-01, 2.1065e-01],
          ...,
          [1.3623e-01, 6.3869e-01, 5.5300e-01,  ..., 8.1602e-01,
           6.6874e-02, 7.7523e-01],
          [9.7732e-01, 4.0238e-01, 3.0882e-01,  ..., 7.4180e-01,
           8.4365e-01, 1.0755e-01],
          [7.5663e-01, 9.0358e-01, 1.6113e-01,  ..., 3.9515e-01,
           3.1243e-01, 3.0224e-01]],

         [[7.1274e-01, 2.8704e-01, 7.4230e-02,  ..., 2.1223e-01,
           5.2068e-01, 1.3376e-01],
          [6.3518e-02, 6.5080e-01, 6.5382e-01,  ..., 8.5165e-01,
           8.6777e-01, 6.2801e-01],
          [8.3027e-01, 9.3741e-01, 7.2127e-01,  ..., 1.7652e-01,
           6.8790e-01, 3.0169e-01],
          ...,
          [9.6769e-01, 2.2460e-01, 2.3822e-01,  ..., 6.9713e-02,
           5.7436e-01, 2.5170e-03],
          [4.0247e-02, 9.3369e-01, 3.7633e-01,  ..., 2.0796e-01,
           7.0379e-01, 5.0888e-01],
          [3.1564e-01, 2.1238e-01, 6.0244e-01,  ..., 3.3286e-01,
           3.1704e-02, 9.6828e-02]],

         ...,

         [[1.7266e-02, 9.7249e-01, 9.4555e-01,  ..., 2.7813e-01,
           4.4450e-01, 7.9706e-01],
          [5.1577e-01, 3.5589e-02, 4.4777e-01,  ..., 7.1023e-01,
           9.8177e-01, 6.7700e-01],
          [7.5257e-01, 5.5166e-01, 4.8543e-02,  ..., 2.2973e-01,
           4.5203e-01, 7.3336e-01],
          ...,
          [6.3839e-01, 6.0175e-01, 6.5199e-01,  ..., 1.8467e-01,
           1.4818e-01, 2.5166e-01],
          [7.2190e-01, 1.7388e-01, 2.9695e-01,  ..., 3.3606e-01,
           4.6050e-01, 8.7248e-01],
          [9.4885e-01, 2.7821e-01, 5.3174e-01,  ..., 3.8883e-01,
           6.3847e-01, 9.3196e-01]],

         [[9.6877e-01, 2.4379e-01, 5.7570e-02,  ..., 2.6281e-01,
           4.4415e-01, 2.9555e-01],
          [6.7864e-02, 2.2934e-01, 1.6108e-01,  ..., 2.6605e-01,
           7.9318e-01, 9.9024e-01],
          [3.8602e-01, 2.7869e-01, 7.9273e-01,  ..., 6.1802e-01,
           6.2257e-01, 1.8694e-01],
          ...,
          [1.2629e-01, 6.7348e-02, 3.7905e-02,  ..., 6.0232e-01,
           6.7762e-01, 1.5766e-01],
          [8.6050e-01, 8.3562e-01, 9.4903e-01,  ..., 6.7612e-01,
           1.4693e-01, 9.3111e-01],
          [6.6583e-01, 6.6167e-01, 5.8953e-01,  ..., 8.2966e-01,
           1.6926e-01, 1.1353e-01]],

         [[9.5763e-03, 7.5693e-01, 6.7880e-01,  ..., 1.4084e-02,
           5.0122e-01, 1.2368e-01],
          [5.4132e-01, 7.7108e-01, 2.6247e-01,  ..., 1.6670e-01,
           5.4083e-02, 5.1562e-01],
          [1.7885e-01, 4.4715e-01, 2.4639e-01,  ..., 3.1974e-01,
           2.4345e-01, 6.4606e-01],
          ...,
          [5.8394e-01, 9.6625e-01, 6.9679e-01,  ..., 8.0906e-01,
           9.4752e-01, 3.7047e-01],
          [2.7535e-01, 3.3923e-01, 8.2109e-01,  ..., 5.9534e-01,
           9.5253e-01, 6.6234e-01],
          [8.7735e-01, 4.8122e-01, 5.2451e-02,  ..., 9.9624e-01,
           8.3902e-02, 3.8888e-01]]]])
