tensor([[[[0.7818, 0.8817, 0.7964,  ..., 0.5319, 0.2512, 0.5469],
          [0.0774, 0.0546, 0.1895,  ..., 0.0274, 0.4046, 0.7632],
          [0.3788, 0.8446, 0.8120,  ..., 0.2702, 0.7131, 0.6801],
          ...,
          [0.5813, 0.7162, 0.1768,  ..., 0.9800, 0.3978, 0.6939],
          [0.2218, 0.5484, 0.3345,  ..., 0.1313, 0.5010, 0.7129],
          [0.6983, 0.2177, 0.8687,  ..., 0.8868, 0.8891, 0.5760]],

         [[0.4009, 0.1573, 0.5037,  ..., 0.2788, 0.4438, 0.3188],
          [0.1467, 0.2295, 0.6661,  ..., 0.6125, 0.6444, 0.3200],
          [0.4483, 0.1117, 0.0849,  ..., 0.3697, 0.2575, 0.2614],
          ...,
          [0.5740, 0.4608, 0.5496,  ..., 0.4934, 0.0726, 0.8887],
          [0.5143, 0.8349, 0.4107,  ..., 0.1923, 0.3600, 0.9455],
          [0.3538, 0.9757, 0.6133,  ..., 0.4607, 0.4644, 0.6501]],

         [[0.8917, 0.4398, 0.1543,  ..., 0.9712, 0.8544, 0.3048],
          [0.6086, 0.8171, 0.5518,  ..., 0.3635, 0.6189, 0.1060],
          [0.4244, 0.2860, 0.2107,  ..., 0.5965, 0.2650, 0.6047],
          ...,
          [0.7675, 0.1503, 0.1349,  ..., 0.0259, 0.0100, 0.6590],
          [0.9670, 0.2030, 0.2735,  ..., 0.4476, 0.0189, 0.5015],
          [0.9656, 0.1371, 0.8578,  ..., 0.4658, 0.6293, 0.4607]],

         ...,

         [[0.7847, 0.1111, 0.5646,  ..., 0.7562, 0.6526, 0.8446],
          [0.5262, 0.9487, 0.8022,  ..., 0.5564, 0.7091, 0.9104],
          [0.6560, 0.6142, 0.4886,  ..., 0.8300, 0.3240, 0.6169],
          ...,
          [0.2766, 0.8736, 0.6733,  ..., 0.9263, 0.4197, 0.0316],
          [0.3706, 0.1670, 0.8162,  ..., 0.4906, 0.8154, 0.8366],
          [0.5514, 0.6994, 0.2045,  ..., 0.1766, 0.2649, 0.1948]],

         [[0.4309, 0.9595, 0.9775,  ..., 0.5456, 0.4074, 0.3311],
          [0.0528, 0.8896, 0.3765,  ..., 0.0430, 0.6189, 0.0845],
          [0.8363, 0.3987, 0.8323,  ..., 0.8186, 0.6661, 0.4258],
          ...,
          [0.0843, 0.5827, 0.1109,  ..., 0.2531, 0.2482, 0.8522],
          [0.4421, 0.0882, 0.3357,  ..., 0.6770, 0.1254, 0.6048],
          [0.6332, 0.0521, 0.6938,  ..., 0.4268, 0.0766, 0.9705]],

         [[0.2163, 0.6876, 0.3676,  ..., 0.1295, 0.0692, 0.7532],
          [0.1444, 0.9022, 0.8321,  ..., 0.3732, 0.0950, 0.4694],
          [0.3983, 0.4688, 0.7096,  ..., 0.1692, 0.1774, 0.1214],
          ...,
          [0.9910, 0.3754, 0.5162,  ..., 0.1619, 0.7829, 0.5847],
          [0.0850, 0.6115, 0.0648,  ..., 0.0920, 0.1642, 0.8065],
          [0.6333, 0.8023, 0.1104,  ..., 0.7194, 0.2158, 0.7335]]],


        [[[0.1230, 0.6485, 0.1535,  ..., 0.5074, 0.7733, 0.0415],
          [0.7132, 0.9621, 0.8014,  ..., 0.9915, 0.9331, 0.4604],
          [0.6570, 0.8371, 0.4671,  ..., 0.0530, 0.5259, 0.5407],
          ...,
          [0.6267, 0.0461, 0.2012,  ..., 0.8071, 0.8533, 0.0695],
          [0.1038, 0.2188, 0.7087,  ..., 0.1007, 0.2128, 0.0564],
          [0.4652, 0.6612, 0.9719,  ..., 0.8347, 0.8218, 0.9655]],

         [[0.7541, 0.2108, 0.5104,  ..., 0.0407, 0.8783, 0.5821],
          [0.7174, 0.1056, 0.4697,  ..., 0.7963, 0.5772, 0.6574],
          [0.7182, 0.8514, 0.1942,  ..., 0.0784, 0.1187, 0.2654],
          ...,
          [0.3639, 0.4385, 0.4450,  ..., 0.1062, 0.4567, 0.7979],
          [0.7054, 0.4596, 0.8863,  ..., 0.2690, 0.2369, 0.8772],
          [0.6500, 0.0945, 0.0205,  ..., 0.5645, 0.1975, 0.9733]],

         [[0.2298, 0.9833, 0.9025,  ..., 0.0833, 0.4546, 0.4235],
          [0.9877, 0.0763, 0.8440,  ..., 0.4525, 0.7331, 0.8565],
          [0.8712, 0.6363, 0.5440,  ..., 0.9415, 0.0538, 0.6289],
          ...,
          [0.7192, 0.6362, 0.2560,  ..., 0.4854, 0.0763, 0.9454],
          [0.7574, 0.3766, 0.9609,  ..., 0.5050, 0.9130, 0.2685],
          [0.5343, 0.9283, 0.5964,  ..., 0.3032, 0.9409, 0.7350]],

         ...,

         [[0.5747, 0.6362, 0.1770,  ..., 0.6303, 0.4693, 0.9765],
          [0.4132, 0.7573, 0.5322,  ..., 0.0671, 0.2909, 0.9227],
          [0.1564, 0.0096, 0.6749,  ..., 0.4724, 0.2776, 0.9580],
          ...,
          [0.2266, 0.1755, 0.1147,  ..., 0.5394, 0.6417, 0.7394],
          [0.3068, 0.6446, 0.7575,  ..., 0.4208, 0.4665, 0.7995],
          [0.0834, 0.4943, 0.4717,  ..., 0.6863, 0.2233, 0.9283]],

         [[0.1358, 0.3735, 0.5805,  ..., 0.7495, 0.7839, 0.6398],
          [0.7820, 0.3011, 0.8262,  ..., 0.0723, 0.7604, 0.0150],
          [0.3865, 0.8584, 0.2617,  ..., 0.5279, 0.7454, 0.1881],
          ...,
          [0.9015, 0.3140, 0.1600,  ..., 0.6002, 0.4907, 0.2698],
          [0.8241, 0.2423, 0.1777,  ..., 0.6632, 0.7542, 0.5321],
          [0.7196, 0.8904, 0.5929,  ..., 0.0183, 0.6529, 0.9489]],

         [[0.5144, 0.2679, 0.9908,  ..., 0.3622, 0.8467, 0.0564],
          [0.5558, 0.6895, 0.5850,  ..., 0.0084, 0.3962, 0.7181],
          [0.2854, 0.9859, 0.1702,  ..., 0.8052, 0.0535, 0.2100],
          ...,
          [0.7695, 0.7258, 0.5702,  ..., 0.2923, 0.9183, 0.2904],
          [0.7758, 0.1554, 0.8073,  ..., 0.6108, 0.1310, 0.1498],
          [0.8706, 0.0647, 0.6046,  ..., 0.9000, 0.2510, 0.8512]]],


        [[[0.7065, 0.1312, 0.2704,  ..., 0.4829, 0.5814, 0.8212],
          [0.4793, 0.2805, 0.7015,  ..., 0.6068, 0.6227, 0.1424],
          [0.7641, 0.4992, 0.4910,  ..., 0.8998, 0.7096, 0.6251],
          ...,
          [0.7084, 0.3811, 0.8702,  ..., 0.4748, 0.0405, 0.7230],
          [0.5808, 0.3053, 0.7679,  ..., 0.8300, 0.9666, 0.6832],
          [0.1536, 0.5983, 0.5415,  ..., 0.0701, 0.9038, 0.2095]],

         [[0.9442, 0.2808, 0.3369,  ..., 0.8104, 0.8305, 0.5430],
          [0.9976, 0.9383, 0.9267,  ..., 0.1132, 0.2695, 0.2658],
          [0.7635, 0.7646, 0.3527,  ..., 0.6724, 0.6689, 0.1307],
          ...,
          [0.4945, 0.0593, 0.1846,  ..., 0.1896, 0.3862, 0.6702],
          [0.3669, 0.9182, 0.6861,  ..., 0.7062, 0.7909, 0.4015],
          [0.2802, 0.6573, 0.8173,  ..., 0.7653, 0.6114, 0.0927]],

         [[0.2342, 0.3222, 0.5494,  ..., 0.1433, 0.9308, 0.6313],
          [0.5110, 0.5577, 0.3940,  ..., 0.2302, 0.1983, 0.0095],
          [0.3889, 0.5457, 0.7989,  ..., 0.6142, 0.4078, 0.9408],
          ...,
          [0.8376, 0.6252, 0.8006,  ..., 0.1093, 0.4054, 0.4981],
          [0.2185, 0.7094, 0.0297,  ..., 0.5767, 0.0445, 0.7907],
          [0.7452, 0.5127, 0.3475,  ..., 0.8637, 0.8649, 0.2814]],

         ...,

         [[0.7517, 0.7374, 0.0031,  ..., 0.0685, 0.1835, 0.6792],
          [0.0371, 0.1452, 0.7593,  ..., 0.7517, 0.4120, 0.2662],
          [0.6022, 0.5241, 0.2777,  ..., 0.0617, 0.1436, 0.9794],
          ...,
          [0.7705, 0.2635, 0.4106,  ..., 0.7705, 0.8317, 0.9611],
          [0.2512, 0.5566, 0.9509,  ..., 0.2515, 0.5469, 0.2859],
          [0.7713, 0.3206, 0.4807,  ..., 0.0703, 0.8334, 0.0488]],

         [[0.4548, 0.5918, 0.3158,  ..., 0.5375, 0.4683, 0.0872],
          [0.3806, 0.7491, 0.1990,  ..., 0.7064, 0.7458, 0.1195],
          [0.9540, 0.7092, 0.5118,  ..., 0.8949, 0.5949, 0.1527],
          ...,
          [0.7319, 0.5539, 0.4944,  ..., 0.0148, 0.4712, 0.5768],
          [0.7215, 0.5748, 0.8877,  ..., 0.0592, 0.1639, 0.8622],
          [0.2772, 0.5613, 0.4160,  ..., 0.2881, 0.7273, 0.2619]],

         [[0.7950, 0.5634, 0.5307,  ..., 0.6297, 0.9238, 0.1327],
          [0.2947, 0.9356, 0.6968,  ..., 0.2731, 0.0490, 0.5500],
          [0.4953, 0.8763, 0.8808,  ..., 0.4114, 0.4118, 0.9745],
          ...,
          [0.6601, 0.6022, 0.2744,  ..., 0.1375, 0.8991, 0.8215],
          [0.8169, 0.7807, 0.5540,  ..., 0.7814, 0.5860, 0.6510],
          [0.8702, 0.2720, 0.4348,  ..., 0.9006, 0.6373, 0.1704]]],


        ...,


        [[[0.4500, 0.6079, 0.4507,  ..., 0.9332, 0.1008, 0.3879],
          [0.4788, 0.0090, 0.2200,  ..., 0.4481, 0.9906, 0.5445],
          [0.3516, 0.1361, 0.2203,  ..., 0.5516, 0.8786, 0.9833],
          ...,
          [0.3791, 0.1920, 0.3612,  ..., 0.2649, 0.3382, 0.0439],
          [0.4393, 0.8346, 0.4007,  ..., 0.2565, 0.7301, 0.4420],
          [0.9901, 0.1835, 0.4315,  ..., 0.2944, 0.0339, 0.5771]],

         [[0.9994, 0.9473, 0.8102,  ..., 0.2259, 0.5954, 0.2020],
          [0.2770, 0.3715, 0.0898,  ..., 0.9135, 0.8218, 0.5480],
          [0.2530, 0.1962, 0.5682,  ..., 0.0985, 0.4550, 0.6842],
          ...,
          [0.2235, 0.2244, 0.7152,  ..., 0.1464, 0.8087, 0.3727],
          [0.5527, 0.6896, 0.4892,  ..., 0.5522, 0.5233, 0.9486],
          [0.6849, 0.7735, 0.1850,  ..., 0.2046, 0.2560, 0.1819]],

         [[0.7082, 0.2843, 0.6230,  ..., 0.6855, 0.4316, 0.7272],
          [0.1804, 0.7647, 0.4190,  ..., 0.4728, 0.8498, 0.3819],
          [0.4780, 0.9559, 0.1720,  ..., 0.5101, 0.0659, 0.5687],
          ...,
          [0.9350, 0.0649, 0.7354,  ..., 0.7475, 0.8308, 0.7716],
          [0.3922, 0.4401, 0.4279,  ..., 0.9095, 0.4015, 0.2123],
          [0.7972, 0.2336, 0.4136,  ..., 0.5677, 0.0172, 0.5333]],

         ...,

         [[0.4312, 0.0089, 0.7318,  ..., 0.8011, 0.1344, 0.6360],
          [0.2762, 0.7010, 0.9812,  ..., 0.1687, 0.1623, 0.6150],
          [0.0480, 0.5665, 0.1582,  ..., 0.9443, 0.7848, 0.6680],
          ...,
          [0.3535, 0.9451, 0.7507,  ..., 0.8577, 0.3430, 0.9504],
          [0.4672, 0.3102, 0.5436,  ..., 0.2421, 0.9946, 0.4161],
          [0.0170, 0.3713, 0.9422,  ..., 0.0865, 0.8643, 0.5804]],

         [[0.6232, 0.2055, 0.7557,  ..., 0.8811, 0.2001, 0.0886],
          [0.2212, 0.5796, 0.5766,  ..., 0.1056, 0.4753, 0.2689],
          [0.9974, 0.7554, 0.3029,  ..., 0.8192, 0.9988, 0.7856],
          ...,
          [0.7895, 0.6241, 0.0151,  ..., 0.9135, 0.4682, 0.1204],
          [0.7787, 0.9595, 0.1855,  ..., 0.4916, 0.2618, 0.1642],
          [0.3276, 0.9838, 0.8212,  ..., 0.4745, 0.8773, 0.0993]],

         [[0.9155, 0.2231, 0.5013,  ..., 0.7546, 0.1591, 0.5098],
          [0.7800, 0.8104, 0.1513,  ..., 0.9915, 0.8830, 0.1017],
          [0.5556, 0.2938, 0.9411,  ..., 0.4469, 0.4078, 0.6768],
          ...,
          [0.6922, 0.0430, 0.4726,  ..., 0.0681, 0.9078, 0.5318],
          [0.2452, 0.0228, 0.6774,  ..., 0.6150, 0.2096, 0.2502],
          [0.8635, 0.9002, 0.2229,  ..., 0.1795, 0.6119, 0.4340]]],


        [[[0.4224, 0.8787, 0.7046,  ..., 0.6415, 0.8692, 0.0287],
          [0.1044, 0.7444, 0.4747,  ..., 0.6515, 0.5296, 0.3793],
          [0.0820, 0.2553, 0.4496,  ..., 0.5996, 0.7968, 0.5466],
          ...,
          [0.1392, 0.4575, 0.9817,  ..., 0.9943, 0.7846, 0.8793],
          [0.7502, 0.0706, 0.7843,  ..., 0.1254, 0.9556, 0.5762],
          [0.7414, 0.3987, 0.6470,  ..., 0.6282, 0.0443, 0.3220]],

         [[0.8977, 0.1876, 0.8837,  ..., 0.1459, 0.4279, 0.5068],
          [0.4484, 0.7357, 0.3261,  ..., 0.1764, 0.9882, 0.3651],
          [0.1618, 0.8450, 0.9270,  ..., 0.1262, 0.0111, 0.2254],
          ...,
          [0.0983, 0.0867, 0.9260,  ..., 0.4010, 0.2894, 0.4829],
          [0.8817, 0.3401, 0.5916,  ..., 0.2967, 0.0109, 0.6532],
          [0.9319, 0.3018, 0.9671,  ..., 0.9427, 0.1514, 0.8881]],

         [[0.7846, 0.2130, 0.7823,  ..., 0.9183, 0.9602, 0.7578],
          [0.2557, 0.1285, 0.5363,  ..., 0.7951, 0.8264, 0.6029],
          [0.1495, 0.8483, 0.5719,  ..., 0.6731, 0.6698, 0.5078],
          ...,
          [0.6202, 0.8540, 0.0553,  ..., 0.8039, 0.3163, 0.6005],
          [0.8305, 0.9730, 0.8070,  ..., 0.2108, 0.5437, 0.9011],
          [0.2317, 0.7620, 0.8298,  ..., 0.5531, 0.5786, 0.0793]],

         ...,

         [[0.5603, 0.3491, 0.1230,  ..., 0.0459, 0.2619, 0.4843],
          [0.0430, 0.4152, 0.6606,  ..., 0.1860, 0.4266, 0.0837],
          [0.8303, 0.5947, 0.3784,  ..., 0.2227, 0.6220, 0.7862],
          ...,
          [0.3898, 0.1835, 0.0967,  ..., 0.9567, 0.8552, 0.8013],
          [0.4791, 0.5475, 0.3841,  ..., 0.8548, 0.6807, 0.3137],
          [0.6366, 0.0386, 0.6828,  ..., 0.3128, 0.0446, 0.1876]],

         [[0.3663, 0.4886, 0.4417,  ..., 0.6037, 0.3124, 0.0302],
          [0.4018, 0.7645, 0.9871,  ..., 0.3844, 0.2780, 0.8706],
          [0.5056, 0.2311, 0.0832,  ..., 0.7731, 0.0718, 0.2226],
          ...,
          [0.5267, 0.3002, 0.5432,  ..., 0.9803, 0.9606, 0.8447],
          [0.1001, 0.6318, 0.1449,  ..., 0.6517, 0.2357, 0.0721],
          [0.2963, 0.1485, 0.8406,  ..., 0.5538, 0.0927, 0.7214]],

         [[0.9749, 0.6673, 0.3860,  ..., 0.9833, 0.5511, 0.0730],
          [0.9479, 0.4336, 0.4148,  ..., 0.9941, 0.7312, 0.8165],
          [0.3538, 0.2389, 0.0258,  ..., 0.6581, 0.4256, 0.4185],
          ...,
          [0.9152, 0.5258, 0.3014,  ..., 0.9903, 0.2181, 0.0354],
          [0.2391, 0.1453, 0.8703,  ..., 0.1650, 0.3541, 0.8051],
          [0.4756, 0.6099, 0.0371,  ..., 0.9175, 0.4053, 0.1490]]],


        [[[0.1682, 0.7428, 0.2716,  ..., 0.5681, 0.4758, 0.4332],
          [0.6004, 0.5255, 0.6616,  ..., 0.0449, 0.9227, 0.6727],
          [0.3762, 0.5863, 0.5038,  ..., 0.8925, 0.8037, 0.8519],
          ...,
          [0.8555, 0.3617, 0.0757,  ..., 0.9110, 0.1480, 0.6963],
          [0.4501, 0.4006, 0.9563,  ..., 0.3438, 0.5764, 0.4918],
          [0.3566, 0.8365, 0.6222,  ..., 0.3538, 0.4516, 0.2381]],

         [[0.2574, 0.3594, 0.6150,  ..., 0.8349, 0.3521, 0.4501],
          [0.9023, 0.7830, 0.3298,  ..., 0.8945, 0.5980, 0.7251],
          [0.0814, 0.5046, 0.1575,  ..., 0.0671, 0.7392, 0.6760],
          ...,
          [0.6176, 0.2790, 0.2575,  ..., 0.9800, 0.9750, 0.9666],
          [0.2348, 0.6342, 0.1325,  ..., 0.1427, 0.6517, 0.0736],
          [0.3375, 0.6176, 0.0761,  ..., 0.8751, 0.0644, 0.5290]],

         [[0.8216, 0.9992, 0.6022,  ..., 0.9591, 0.4045, 0.5937],
          [0.2485, 0.5245, 0.6080,  ..., 0.5999, 0.9517, 0.4830],
          [0.7829, 0.4882, 0.3279,  ..., 0.7261, 0.2797, 0.5456],
          ...,
          [0.8910, 0.0289, 0.6629,  ..., 0.7069, 0.7750, 0.2014],
          [0.0551, 0.5327, 0.1401,  ..., 0.3865, 0.1838, 0.5186],
          [0.5204, 0.6018, 0.5704,  ..., 0.2461, 0.2334, 0.5397]],

         ...,

         [[0.3165, 0.1949, 0.4500,  ..., 0.8010, 0.6008, 0.7735],
          [0.6017, 0.3101, 0.7586,  ..., 0.6484, 0.8917, 0.6403],
          [0.4718, 0.5661, 0.2306,  ..., 0.5704, 0.3805, 0.4482],
          ...,
          [0.6930, 0.7655, 0.5063,  ..., 0.3713, 0.9775, 0.0736],
          [0.1835, 0.0271, 0.2666,  ..., 0.3983, 0.0626, 0.2396],
          [0.1376, 0.3249, 0.6072,  ..., 0.5124, 0.9417, 0.4144]],

         [[0.8306, 0.7028, 0.2543,  ..., 0.1488, 0.2018, 0.9603],
          [0.2169, 0.1529, 0.2655,  ..., 0.4758, 0.5700, 0.3334],
          [0.4705, 0.4744, 0.9798,  ..., 0.4191, 0.5654, 0.2264],
          ...,
          [0.0087, 0.9374, 0.9224,  ..., 0.3275, 0.3703, 0.6592],
          [0.3879, 0.5127, 0.0012,  ..., 0.9729, 0.7644, 0.9256],
          [0.6490, 0.5035, 0.8148,  ..., 0.1766, 0.4895, 0.8542]],

         [[0.0959, 0.5295, 0.6909,  ..., 0.8382, 0.5859, 0.7003],
          [0.8304, 0.0516, 0.5389,  ..., 0.2411, 0.2737, 0.9818],
          [0.4493, 0.7108, 0.8753,  ..., 0.5016, 0.6888, 0.1382],
          ...,
          [0.5689, 0.7895, 0.9640,  ..., 0.7646, 0.1756, 0.4884],
          [0.8493, 0.9399, 0.0293,  ..., 0.9139, 0.4162, 0.0938],
          [0.0303, 0.2725, 0.6689,  ..., 0.7356, 0.8029, 0.9344]]]])
