tensor([[[[4.1869e-01, 7.5593e-01, 9.7673e-01,  ..., 9.4099e-01,
           7.3265e-01, 3.8188e-02],
          [6.0994e-01, 1.4689e-01, 5.2701e-01,  ..., 9.0183e-01,
           6.4908e-01, 5.3156e-01],
          [7.4157e-01, 7.1384e-01, 7.1979e-01,  ..., 2.7057e-01,
           3.5704e-01, 8.7921e-01],
          ...,
          [8.7794e-02, 5.4512e-01, 2.8687e-01,  ..., 6.7994e-02,
           8.4343e-01, 2.5997e-01],
          [5.4011e-01, 3.2009e-01, 7.4604e-01,  ..., 5.8115e-01,
           7.0911e-01, 7.2020e-01],
          [3.1447e-01, 3.0781e-01, 4.7056e-01,  ..., 3.3999e-01,
           4.9054e-01, 8.1481e-01]],

         [[3.5920e-01, 2.7525e-01, 9.1243e-01,  ..., 8.2949e-01,
           9.4450e-01, 2.0783e-01],
          [4.6733e-01, 5.1668e-01, 7.4110e-01,  ..., 6.2689e-01,
           4.5202e-02, 8.6053e-01],
          [4.2292e-02, 5.3428e-01, 5.8417e-01,  ..., 7.4443e-01,
           9.9932e-01, 6.8544e-01],
          ...,
          [5.7855e-01, 3.1663e-01, 5.0552e-01,  ..., 1.8962e-01,
           7.4993e-01, 4.0098e-01],
          [8.3319e-02, 4.1902e-01, 3.6214e-01,  ..., 4.4162e-01,
           2.9155e-01, 3.0888e-01],
          [6.7232e-01, 1.6072e-01, 6.1211e-01,  ..., 5.5977e-01,
           6.1948e-01, 4.1149e-01]],

         [[4.5770e-01, 8.4268e-01, 6.9178e-01,  ..., 8.2118e-01,
           6.9594e-01, 9.3616e-02],
          [2.7646e-02, 4.1506e-01, 5.9941e-01,  ..., 6.3519e-01,
           7.7256e-01, 7.6029e-01],
          [2.9951e-03, 3.8611e-01, 9.7361e-01,  ..., 2.1596e-01,
           3.7219e-01, 6.7198e-01],
          ...,
          [6.7771e-01, 2.9662e-01, 5.4438e-01,  ..., 2.9458e-01,
           5.4036e-01, 4.8175e-01],
          [9.1203e-01, 5.2183e-02, 3.0351e-01,  ..., 8.4445e-01,
           1.5564e-01, 4.9370e-01],
          [2.4057e-01, 8.2840e-01, 5.0230e-01,  ..., 6.3979e-02,
           2.0322e-01, 9.9292e-01]],

         ...,

         [[3.8104e-01, 9.2849e-01, 3.1174e-01,  ..., 6.5134e-01,
           8.5234e-01, 4.6367e-01],
          [9.9340e-01, 8.6487e-01, 5.5870e-01,  ..., 1.0702e-01,
           4.0264e-01, 2.9688e-01],
          [1.3170e-01, 2.4977e-01, 9.2781e-01,  ..., 5.1354e-01,
           2.0666e-01, 4.8321e-01],
          ...,
          [4.7291e-01, 7.4648e-01, 9.0420e-01,  ..., 6.2868e-01,
           8.0853e-01, 6.7256e-01],
          [4.7500e-01, 5.0413e-01, 1.3558e-01,  ..., 7.0733e-01,
           4.1579e-01, 3.4491e-01],
          [6.1900e-02, 7.1523e-01, 4.1640e-01,  ..., 4.3542e-01,
           5.8221e-01, 2.6633e-01]],

         [[1.8688e-02, 7.6851e-01, 3.0732e-01,  ..., 2.1589e-01,
           6.4534e-01, 2.8169e-01],
          [1.4733e-02, 9.0179e-01, 4.6310e-01,  ..., 3.7873e-01,
           2.2133e-01, 6.7890e-01],
          [5.6050e-01, 3.6386e-01, 2.7229e-01,  ..., 6.2469e-01,
           5.1511e-01, 4.7052e-01],
          ...,
          [3.5127e-01, 9.2214e-01, 2.2894e-01,  ..., 3.6515e-02,
           8.0527e-02, 4.8254e-02],
          [7.1443e-01, 6.5576e-01, 2.9718e-01,  ..., 8.9019e-01,
           1.9398e-01, 5.4804e-01],
          [4.8954e-01, 7.0093e-02, 4.1754e-01,  ..., 2.7093e-01,
           9.9115e-01, 8.5172e-01]],

         [[6.7839e-01, 4.9487e-02, 9.9699e-01,  ..., 8.4288e-01,
           6.2098e-01, 7.3167e-01],
          [5.6209e-01, 3.1723e-01, 6.3196e-01,  ..., 8.0476e-01,
           1.9390e-01, 6.7452e-01],
          [3.7810e-01, 5.7571e-02, 8.1007e-01,  ..., 4.4164e-01,
           4.2861e-01, 3.8034e-01],
          ...,
          [7.4761e-01, 3.2889e-01, 2.0905e-01,  ..., 2.4608e-01,
           1.6404e-01, 2.7247e-02],
          [9.5080e-01, 6.8780e-01, 2.5595e-01,  ..., 3.7732e-02,
           1.1640e-01, 5.1232e-01],
          [8.0421e-01, 6.3408e-01, 4.0454e-01,  ..., 6.9373e-01,
           8.1581e-01, 9.9405e-01]]],


        [[[3.2208e-01, 2.0315e-01, 5.1979e-01,  ..., 4.3662e-01,
           7.0180e-01, 9.6470e-01],
          [1.5331e-01, 8.3050e-01, 6.2115e-01,  ..., 4.2062e-01,
           3.0695e-02, 3.5614e-01],
          [9.1768e-01, 2.1610e-01, 6.7136e-01,  ..., 4.6484e-01,
           5.1072e-01, 4.1891e-01],
          ...,
          [7.4974e-01, 1.2334e-01, 2.1237e-01,  ..., 9.2787e-01,
           1.1247e-03, 3.6765e-01],
          [2.1020e-02, 1.4668e-01, 2.5212e-02,  ..., 6.9391e-01,
           9.4475e-01, 9.2078e-01],
          [3.3965e-01, 2.7084e-01, 6.2595e-02,  ..., 8.0060e-02,
           3.7751e-01, 1.7022e-01]],

         [[3.8947e-01, 5.0104e-01, 6.3765e-01,  ..., 4.6942e-01,
           3.4742e-01, 8.4709e-01],
          [9.5794e-01, 1.0476e-01, 3.8376e-01,  ..., 3.4785e-01,
           2.7846e-01, 4.0806e-01],
          [8.6648e-01, 2.1187e-01, 2.4097e-02,  ..., 6.2908e-01,
           3.3214e-01, 6.3653e-01],
          ...,
          [6.0833e-01, 9.5974e-01, 2.2018e-01,  ..., 8.0780e-01,
           1.3067e-01, 9.8992e-01],
          [2.9413e-01, 2.3569e-01, 9.0478e-01,  ..., 3.5306e-01,
           6.6044e-02, 4.0564e-01],
          [2.4733e-01, 9.8652e-01, 4.5089e-02,  ..., 8.2104e-01,
           6.1671e-01, 1.6242e-01]],

         [[6.0299e-01, 8.3342e-01, 2.0939e-01,  ..., 6.0520e-01,
           5.1540e-01, 3.1821e-01],
          [6.1021e-01, 5.0698e-01, 7.7020e-01,  ..., 5.7255e-01,
           3.7738e-01, 7.7885e-01],
          [2.3280e-01, 1.1915e-01, 7.0759e-01,  ..., 8.0822e-01,
           9.7737e-01, 3.6257e-02],
          ...,
          [3.1951e-01, 4.2310e-01, 6.1300e-01,  ..., 6.4944e-01,
           7.0056e-01, 3.8938e-01],
          [3.5680e-01, 6.8748e-01, 7.2253e-01,  ..., 1.0823e-01,
           5.0236e-01, 4.3619e-01],
          [7.6216e-01, 3.6513e-01, 4.5875e-01,  ..., 6.2286e-01,
           9.7881e-01, 2.2555e-01]],

         ...,

         [[7.7591e-01, 8.8998e-01, 1.1288e-01,  ..., 1.2919e-02,
           8.9841e-01, 9.0683e-01],
          [4.8879e-01, 9.2547e-01, 7.1778e-01,  ..., 8.4912e-01,
           2.7182e-01, 8.4968e-01],
          [6.9711e-01, 7.3353e-01, 6.9956e-01,  ..., 8.6533e-01,
           9.1173e-01, 8.0751e-01],
          ...,
          [9.0276e-01, 5.4496e-02, 5.1405e-01,  ..., 9.5727e-01,
           1.5652e-02, 3.8881e-01],
          [4.4394e-01, 7.3528e-01, 8.5812e-02,  ..., 7.1880e-01,
           9.3781e-01, 9.6861e-01],
          [9.6614e-01, 9.6203e-01, 9.1410e-01,  ..., 9.5947e-01,
           9.9373e-01, 5.0882e-01]],

         [[6.0268e-01, 7.9968e-01, 1.5851e-01,  ..., 2.5395e-01,
           3.9777e-01, 7.0784e-01],
          [7.6363e-01, 3.5225e-01, 8.8473e-01,  ..., 3.6583e-01,
           4.0977e-01, 3.7428e-01],
          [5.1519e-01, 4.8571e-01, 9.0461e-01,  ..., 9.0579e-01,
           3.2163e-01, 5.1695e-02],
          ...,
          [3.6589e-01, 2.3288e-01, 8.7677e-01,  ..., 9.0795e-01,
           8.4460e-01, 5.6159e-01],
          [5.6692e-01, 2.9222e-01, 4.2460e-01,  ..., 5.2118e-01,
           2.7944e-01, 5.0130e-01],
          [1.9236e-02, 6.1174e-01, 6.0884e-02,  ..., 5.9949e-01,
           9.7223e-01, 9.0595e-01]],

         [[7.3556e-01, 1.8139e-01, 1.2556e-01,  ..., 3.2697e-01,
           2.9247e-01, 5.9504e-01],
          [6.2586e-01, 2.7825e-02, 6.9803e-01,  ..., 2.0088e-02,
           9.6804e-01, 7.5836e-02],
          [6.1515e-01, 2.0166e-01, 8.4307e-02,  ..., 8.9310e-01,
           2.8951e-02, 5.0002e-01],
          ...,
          [9.6989e-01, 8.1794e-01, 6.0354e-01,  ..., 5.8916e-01,
           6.7167e-01, 9.9334e-01],
          [3.9020e-02, 1.6036e-01, 5.0275e-01,  ..., 9.9298e-01,
           1.8389e-01, 7.0067e-02],
          [4.9894e-01, 7.4246e-01, 8.0672e-02,  ..., 8.5956e-01,
           2.3559e-01, 7.5545e-01]]],


        [[[5.0403e-01, 8.4016e-01, 1.2555e-01,  ..., 5.2322e-01,
           5.1463e-01, 8.9268e-02],
          [5.0025e-01, 7.2933e-01, 9.9257e-01,  ..., 7.1497e-01,
           4.5353e-01, 1.1914e-01],
          [8.8078e-01, 6.2035e-01, 9.8080e-01,  ..., 1.0090e-01,
           9.6892e-02, 3.2383e-02],
          ...,
          [4.1652e-01, 1.2433e-01, 5.8967e-01,  ..., 7.3596e-01,
           4.2257e-01, 4.3688e-01],
          [5.9454e-01, 3.1006e-01, 5.1323e-01,  ..., 1.5865e-01,
           5.4395e-01, 8.0900e-01],
          [2.3656e-01, 5.0870e-01, 5.1578e-01,  ..., 9.7482e-01,
           1.9760e-01, 6.4434e-01]],

         [[2.9646e-01, 6.6166e-01, 6.9759e-01,  ..., 9.5213e-01,
           7.2684e-01, 5.1107e-01],
          [9.7823e-01, 1.2129e-01, 2.4687e-01,  ..., 4.6362e-01,
           9.9256e-01, 1.0728e-01],
          [1.6236e-01, 4.6995e-01, 7.8301e-01,  ..., 8.5149e-01,
           8.3767e-01, 3.6775e-01],
          ...,
          [6.9724e-01, 3.6311e-01, 1.8932e-01,  ..., 4.3924e-01,
           4.8665e-01, 8.2012e-01],
          [1.2989e-01, 6.9213e-01, 6.0509e-01,  ..., 2.9280e-01,
           7.9558e-01, 5.3798e-01],
          [3.8673e-01, 3.8262e-02, 3.8585e-02,  ..., 5.4742e-01,
           9.2308e-01, 2.2506e-01]],

         [[6.6140e-01, 9.8274e-01, 6.1616e-01,  ..., 9.9779e-02,
           1.0777e-01, 8.6199e-01],
          [8.6111e-01, 8.1743e-01, 1.8068e-02,  ..., 8.6273e-01,
           1.3125e-01, 1.1504e-01],
          [6.4934e-01, 9.7223e-01, 3.8659e-01,  ..., 6.6110e-01,
           8.3279e-01, 6.2448e-01],
          ...,
          [9.6944e-01, 8.4864e-01, 1.9010e-02,  ..., 8.0224e-01,
           7.1004e-01, 6.7923e-01],
          [3.2549e-01, 2.2361e-01, 5.8062e-01,  ..., 1.2582e-01,
           9.0960e-01, 8.8060e-01],
          [4.5147e-01, 6.3015e-01, 6.4526e-01,  ..., 1.2393e-01,
           4.8560e-01, 7.4226e-01]],

         ...,

         [[4.0569e-01, 2.6723e-01, 6.6104e-01,  ..., 1.3984e-01,
           8.6665e-01, 4.6745e-01],
          [4.9344e-01, 8.6858e-01, 9.5352e-01,  ..., 6.7893e-01,
           8.9507e-01, 3.3966e-01],
          [7.6980e-01, 5.5373e-01, 8.1639e-01,  ..., 3.1419e-01,
           6.2324e-01, 5.7677e-01],
          ...,
          [9.4511e-02, 6.3292e-01, 3.2308e-01,  ..., 6.5697e-01,
           1.4100e-01, 3.4190e-01],
          [6.6708e-02, 1.2887e-01, 5.9084e-01,  ..., 1.9354e-02,
           1.8411e-01, 6.8108e-01],
          [4.8010e-01, 9.6656e-01, 7.0582e-01,  ..., 4.7916e-01,
           2.2877e-01, 1.3454e-01]],

         [[4.2729e-01, 3.3334e-01, 2.3089e-01,  ..., 6.3240e-01,
           8.4096e-01, 7.7393e-02],
          [5.5496e-01, 4.5705e-01, 8.0787e-01,  ..., 7.6760e-01,
           3.4509e-01, 4.5559e-01],
          [3.3810e-01, 1.9789e-01, 2.0019e-01,  ..., 1.1352e-01,
           3.8972e-01, 7.2320e-01],
          ...,
          [4.3209e-01, 2.9361e-01, 1.3387e-01,  ..., 8.6266e-01,
           9.3597e-01, 6.4788e-01],
          [6.7084e-01, 2.4583e-01, 9.9171e-01,  ..., 3.5987e-02,
           5.2490e-01, 3.7416e-01],
          [7.1118e-01, 8.5085e-01, 6.6094e-01,  ..., 1.6966e-01,
           7.3572e-01, 2.8525e-01]],

         [[5.2844e-01, 3.1891e-01, 6.5859e-01,  ..., 3.0080e-02,
           3.5085e-01, 6.3652e-01],
          [4.0638e-01, 8.6866e-02, 9.1384e-01,  ..., 1.5894e-01,
           7.7266e-02, 8.2391e-01],
          [1.8713e-01, 5.9461e-01, 2.5719e-01,  ..., 5.8329e-01,
           3.8943e-01, 7.8099e-01],
          ...,
          [3.1560e-01, 5.7320e-01, 9.5769e-01,  ..., 6.2027e-01,
           8.5121e-01, 2.3570e-01],
          [8.7636e-02, 4.0113e-01, 8.8457e-01,  ..., 3.5442e-01,
           4.0250e-01, 4.2343e-01],
          [4.3464e-02, 6.3419e-01, 5.0900e-01,  ..., 2.2089e-01,
           7.2466e-01, 9.6050e-01]]],


        ...,


        [[[8.4715e-02, 1.2571e-01, 1.6319e-01,  ..., 5.2083e-01,
           5.3549e-01, 2.1276e-01],
          [9.4376e-01, 8.3788e-01, 2.5074e-01,  ..., 8.6356e-02,
           3.5824e-01, 5.1738e-01],
          [1.2865e-01, 3.2702e-01, 4.6804e-01,  ..., 3.8522e-01,
           7.3763e-01, 7.6842e-01],
          ...,
          [8.9864e-01, 5.5882e-01, 6.9233e-01,  ..., 9.6481e-02,
           6.6448e-01, 6.0903e-01],
          [3.3952e-01, 4.8143e-01, 8.4246e-01,  ..., 8.4611e-01,
           8.6267e-01, 3.4380e-01],
          [4.7614e-01, 3.7547e-01, 9.1859e-01,  ..., 1.3879e-01,
           8.6300e-01, 7.4451e-01]],

         [[4.7612e-02, 4.5498e-01, 2.4172e-01,  ..., 4.1546e-01,
           7.6582e-02, 9.0063e-01],
          [5.9322e-01, 4.3208e-01, 2.3265e-01,  ..., 6.7644e-01,
           3.8729e-01, 7.3706e-01],
          [7.6423e-03, 9.3066e-01, 1.4415e-01,  ..., 6.8558e-01,
           2.7553e-02, 8.2673e-01],
          ...,
          [8.3640e-01, 1.6748e-01, 6.1624e-01,  ..., 1.2949e-01,
           4.4761e-01, 1.9416e-02],
          [7.7415e-01, 9.4571e-01, 3.7636e-01,  ..., 3.8290e-01,
           4.8098e-01, 6.0867e-02],
          [5.6138e-01, 9.9118e-01, 9.4516e-01,  ..., 4.0228e-01,
           7.2062e-01, 7.3041e-01]],

         [[8.2495e-01, 2.2662e-01, 6.4023e-01,  ..., 5.0549e-01,
           6.9628e-01, 4.9175e-02],
          [1.9023e-01, 1.8304e-01, 8.4998e-01,  ..., 7.8965e-03,
           8.1017e-01, 4.9466e-02],
          [4.9541e-01, 3.4693e-01, 8.3419e-01,  ..., 9.4928e-01,
           4.0676e-01, 7.4330e-01],
          ...,
          [6.1999e-01, 4.5152e-01, 8.2304e-01,  ..., 6.0717e-02,
           6.3065e-01, 3.9473e-01],
          [8.0948e-01, 3.3959e-01, 4.3099e-01,  ..., 8.8638e-01,
           6.2140e-01, 5.8636e-01],
          [4.3089e-01, 7.4121e-01, 6.4289e-01,  ..., 6.8539e-01,
           6.3311e-01, 8.9210e-01]],

         ...,

         [[6.7709e-01, 5.1388e-01, 8.2297e-01,  ..., 2.0040e-01,
           3.5124e-01, 2.3456e-01],
          [4.5838e-01, 3.5603e-01, 7.8513e-01,  ..., 2.6593e-01,
           4.3347e-01, 8.8512e-01],
          [1.5491e-01, 1.3333e-01, 5.2495e-01,  ..., 6.2507e-01,
           9.8184e-01, 8.3313e-01],
          ...,
          [9.1776e-01, 1.5549e-01, 6.5846e-01,  ..., 1.1473e-01,
           6.4376e-01, 1.1507e-01],
          [3.6650e-01, 8.3632e-01, 3.7053e-01,  ..., 3.1450e-01,
           8.7686e-01, 7.8358e-01],
          [1.4789e-01, 6.8351e-01, 7.9773e-01,  ..., 7.4634e-01,
           3.4225e-01, 1.5954e-01]],

         [[7.3284e-01, 4.4205e-01, 1.0974e-01,  ..., 2.1420e-01,
           5.6906e-02, 7.9867e-01],
          [2.5388e-01, 8.0434e-01, 5.8997e-01,  ..., 5.3469e-01,
           4.3262e-01, 9.1832e-01],
          [6.5588e-01, 4.4338e-01, 1.8380e-01,  ..., 9.4169e-01,
           2.7221e-01, 5.8584e-01],
          ...,
          [3.0001e-01, 1.3505e-01, 7.7207e-01,  ..., 6.9356e-01,
           6.8113e-01, 3.7249e-01],
          [3.3438e-01, 2.1244e-03, 8.6728e-01,  ..., 4.4471e-01,
           3.6112e-01, 3.8215e-01],
          [4.5911e-01, 6.1465e-01, 8.7841e-01,  ..., 8.1965e-01,
           5.4650e-01, 2.5490e-01]],

         [[5.0615e-01, 3.8294e-01, 9.9320e-01,  ..., 5.8652e-01,
           9.3814e-01, 3.3803e-01],
          [8.3226e-04, 8.5469e-02, 2.4573e-01,  ..., 1.0310e-01,
           1.8064e-01, 5.1188e-01],
          [3.6636e-01, 4.3704e-01, 3.3179e-01,  ..., 7.7284e-01,
           2.6037e-01, 2.7746e-01],
          ...,
          [1.9429e-01, 9.7118e-01, 9.1900e-01,  ..., 5.4741e-01,
           4.7432e-01, 4.0715e-01],
          [1.4477e-01, 1.1477e-01, 8.9847e-01,  ..., 3.4571e-01,
           8.0859e-01, 2.3050e-01],
          [8.7822e-02, 2.3138e-01, 5.8032e-01,  ..., 4.6158e-01,
           6.3321e-01, 3.7550e-01]]],


        [[[6.1852e-01, 6.9658e-01, 8.8589e-01,  ..., 8.4913e-01,
           2.6498e-01, 2.6312e-01],
          [4.8073e-01, 6.6342e-01, 2.4647e-01,  ..., 4.7095e-01,
           2.8669e-01, 8.3284e-01],
          [5.5133e-01, 7.8709e-02, 3.8523e-01,  ..., 9.0312e-01,
           2.5818e-01, 8.8598e-02],
          ...,
          [7.5728e-01, 2.3346e-01, 5.9296e-01,  ..., 1.3455e-01,
           7.1092e-01, 3.4433e-01],
          [4.0983e-01, 4.2435e-01, 6.7479e-01,  ..., 4.4148e-01,
           5.8705e-01, 6.7092e-01],
          [5.8557e-02, 7.7030e-01, 5.1361e-01,  ..., 6.2092e-01,
           8.4180e-02, 9.7805e-01]],

         [[3.9067e-01, 3.2912e-02, 3.0296e-01,  ..., 6.3850e-01,
           2.3678e-01, 9.9213e-01],
          [2.6081e-01, 6.2975e-01, 7.1823e-01,  ..., 5.1582e-01,
           3.8079e-01, 7.6132e-01],
          [3.8882e-01, 4.3721e-01, 1.0608e-01,  ..., 8.8070e-01,
           9.3048e-01, 4.4711e-01],
          ...,
          [8.3452e-01, 6.7898e-01, 7.7788e-01,  ..., 3.9754e-01,
           5.0040e-01, 4.7069e-01],
          [3.3233e-01, 1.2259e-01, 8.7517e-01,  ..., 4.8568e-01,
           7.7030e-01, 9.4486e-01],
          [2.6995e-01, 5.7513e-01, 4.3186e-01,  ..., 3.1666e-01,
           5.5524e-01, 2.5902e-01]],

         [[6.8817e-01, 6.0531e-01, 5.1678e-01,  ..., 1.0889e-01,
           9.2108e-01, 1.4159e-01],
          [1.8638e-02, 7.9924e-01, 1.6471e-01,  ..., 8.3970e-01,
           1.5373e-01, 1.9062e-01],
          [4.4750e-01, 4.1901e-01, 7.3410e-01,  ..., 5.8993e-01,
           8.0312e-02, 4.6351e-01],
          ...,
          [5.3006e-01, 9.7198e-01, 9.6621e-02,  ..., 2.8808e-01,
           7.7677e-02, 6.7980e-01],
          [3.4885e-01, 7.0078e-01, 8.9872e-01,  ..., 9.2394e-01,
           9.0832e-01, 6.5809e-01],
          [6.0484e-01, 9.1598e-01, 9.0973e-01,  ..., 3.2655e-01,
           5.7756e-01, 5.5249e-01]],

         ...,

         [[5.7167e-01, 3.2913e-01, 9.8676e-01,  ..., 5.7987e-01,
           4.6549e-01, 2.7651e-01],
          [6.3495e-01, 9.7500e-01, 9.1602e-01,  ..., 2.4774e-01,
           4.7291e-01, 2.2453e-01],
          [8.1928e-01, 6.0680e-02, 7.9440e-02,  ..., 3.3643e-02,
           2.3426e-01, 6.4385e-01],
          ...,
          [5.6995e-02, 4.9646e-01, 4.4536e-01,  ..., 1.5499e-01,
           8.4045e-01, 1.0912e-01],
          [6.2463e-01, 3.6126e-01, 9.2227e-03,  ..., 4.8114e-02,
           1.4269e-01, 4.8010e-02],
          [6.7037e-01, 7.2007e-01, 5.6958e-01,  ..., 5.6230e-01,
           3.7583e-01, 4.0495e-01]],

         [[1.2344e-01, 8.4640e-01, 4.8360e-01,  ..., 4.4836e-01,
           3.1199e-01, 7.7196e-02],
          [9.4562e-01, 3.8621e-01, 9.5486e-02,  ..., 7.7515e-01,
           5.5324e-01, 2.6585e-01],
          [8.9017e-01, 4.3126e-01, 4.5357e-01,  ..., 4.2356e-01,
           7.5250e-01, 4.9874e-02],
          ...,
          [4.9138e-01, 8.5715e-01, 5.8397e-01,  ..., 7.3987e-01,
           7.8726e-01, 9.0351e-01],
          [6.0851e-01, 8.6100e-01, 3.1921e-01,  ..., 3.6556e-01,
           4.2517e-01, 2.8170e-01],
          [6.2188e-01, 6.1301e-01, 5.3507e-01,  ..., 1.5204e-01,
           9.8818e-01, 8.2377e-03]],

         [[8.0300e-01, 8.8545e-01, 2.2341e-01,  ..., 3.4788e-01,
           9.4048e-01, 2.7957e-02],
          [2.7911e-01, 1.5318e-01, 9.0816e-01,  ..., 6.1432e-01,
           2.3784e-01, 1.3471e-02],
          [5.2859e-01, 8.4955e-01, 2.9946e-01,  ..., 9.5171e-02,
           8.3687e-01, 6.2003e-01],
          ...,
          [6.4131e-01, 7.1180e-01, 5.9626e-01,  ..., 8.0463e-01,
           2.7529e-02, 5.2494e-03],
          [5.2849e-02, 5.5356e-01, 1.2749e-01,  ..., 1.5864e-02,
           8.2210e-01, 1.4950e-01],
          [9.5025e-01, 4.3973e-01, 8.0296e-01,  ..., 6.4208e-01,
           5.5200e-01, 2.8017e-01]]],


        [[[6.5430e-01, 3.8024e-01, 2.2705e-01,  ..., 9.1472e-01,
           6.5292e-01, 7.8556e-01],
          [7.2266e-01, 2.6143e-01, 4.8764e-01,  ..., 8.5203e-01,
           2.9176e-01, 7.3060e-01],
          [6.5006e-02, 3.4157e-01, 2.9702e-01,  ..., 4.5313e-01,
           7.4758e-01, 1.2656e-01],
          ...,
          [8.5874e-02, 3.3011e-01, 1.4796e-01,  ..., 1.1705e-01,
           1.5576e-01, 7.7911e-01],
          [7.1471e-01, 1.5870e-01, 3.2570e-02,  ..., 2.6565e-01,
           7.7075e-01, 6.7157e-01],
          [1.1843e-01, 4.4277e-01, 7.6482e-01,  ..., 5.6131e-01,
           9.2820e-01, 2.3019e-02]],

         [[8.7058e-01, 2.0818e-01, 3.9742e-01,  ..., 8.6004e-01,
           9.3942e-01, 7.0411e-01],
          [2.4197e-01, 4.9669e-01, 2.8986e-01,  ..., 8.5404e-01,
           7.5785e-01, 2.3927e-01],
          [5.3704e-01, 4.1709e-01, 7.5168e-01,  ..., 1.1834e-02,
           4.6816e-01, 9.8810e-02],
          ...,
          [2.5211e-01, 6.7214e-01, 7.0092e-01,  ..., 4.5212e-01,
           2.1393e-01, 7.9936e-01],
          [9.3690e-01, 3.6563e-02, 1.7832e-01,  ..., 4.7015e-01,
           9.8286e-01, 4.3990e-01],
          [1.4127e-01, 5.2205e-01, 1.1630e-01,  ..., 1.7545e-01,
           9.2621e-01, 9.0484e-01]],

         [[7.3651e-01, 5.1202e-01, 8.7821e-01,  ..., 1.2061e-01,
           6.7392e-01, 8.5614e-01],
          [1.2007e-01, 6.0387e-03, 1.2733e-01,  ..., 8.6141e-01,
           4.2491e-01, 2.4448e-01],
          [9.1215e-01, 2.9736e-01, 1.9419e-01,  ..., 4.1067e-02,
           6.3656e-01, 3.0478e-01],
          ...,
          [9.7617e-01, 4.0795e-01, 2.3456e-02,  ..., 2.2923e-01,
           6.2907e-01, 5.7719e-01],
          [9.9143e-01, 2.0347e-01, 5.2021e-01,  ..., 2.0239e-01,
           1.6972e-01, 7.9976e-01],
          [3.5523e-01, 3.0303e-01, 1.4472e-01,  ..., 8.2855e-01,
           3.6228e-01, 2.5486e-01]],

         ...,

         [[5.9524e-01, 7.7945e-01, 9.3280e-01,  ..., 4.9999e-01,
           3.7807e-02, 3.0139e-01],
          [6.8291e-01, 3.0639e-01, 2.7113e-01,  ..., 9.5721e-02,
           9.4311e-01, 3.9666e-01],
          [2.4834e-01, 2.1408e-01, 8.9222e-01,  ..., 7.0292e-01,
           1.7909e-01, 1.7029e-01],
          ...,
          [5.5490e-01, 2.3307e-01, 5.0472e-01,  ..., 6.8913e-01,
           4.1838e-01, 8.9711e-01],
          [7.7695e-01, 5.6903e-02, 8.5017e-01,  ..., 1.2951e-02,
           4.9379e-01, 4.8259e-01],
          [8.2012e-02, 9.4993e-01, 1.3106e-01,  ..., 2.5635e-01,
           8.5158e-01, 1.2538e-01]],

         [[3.0636e-01, 4.8097e-01, 5.7169e-02,  ..., 1.1992e-01,
           9.7429e-01, 7.4239e-01],
          [8.5646e-01, 9.8122e-01, 1.1860e-02,  ..., 4.4112e-02,
           7.1141e-01, 2.1027e-01],
          [9.2320e-01, 5.2469e-01, 2.6543e-01,  ..., 4.3734e-01,
           4.7058e-01, 4.3091e-01],
          ...,
          [5.1290e-01, 9.0849e-02, 1.7485e-01,  ..., 8.8622e-01,
           1.8035e-01, 8.3683e-02],
          [9.6511e-02, 4.2916e-01, 5.9065e-01,  ..., 9.1799e-01,
           4.2375e-01, 3.4969e-01],
          [4.4992e-01, 2.9941e-02, 8.9364e-01,  ..., 7.8925e-01,
           2.7926e-01, 9.2612e-01]],

         [[1.9306e-01, 7.6501e-01, 1.2492e-01,  ..., 9.7525e-01,
           6.2905e-02, 6.5803e-01],
          [1.6645e-02, 3.6068e-02, 5.9401e-01,  ..., 2.0861e-01,
           1.0642e-01, 3.4194e-01],
          [7.0062e-01, 6.5925e-01, 2.9510e-01,  ..., 6.7476e-01,
           9.6653e-01, 8.6615e-01],
          ...,
          [5.8516e-01, 6.7615e-01, 3.4748e-01,  ..., 4.2627e-01,
           9.6703e-01, 7.8746e-01],
          [4.2359e-01, 2.8140e-01, 4.4742e-01,  ..., 6.8621e-01,
           3.8866e-01, 6.5613e-01],
          [5.4952e-02, 2.7709e-02, 5.3216e-02,  ..., 2.0918e-01,
           2.6877e-02, 1.4673e-01]]]])
