tensor([[[[2.4718e-01, 3.4962e-01, 6.2787e-02,  ..., 1.3718e-01,
           4.1429e-01, 3.2258e-01],
          [7.5945e-01, 5.7077e-01, 4.3070e-01,  ..., 8.7270e-01,
           5.1970e-01, 3.2068e-01],
          [4.7939e-02, 3.9183e-01, 4.6398e-01,  ..., 3.2762e-01,
           4.6268e-01, 7.7215e-01],
          ...,
          [8.0650e-01, 9.7931e-01, 4.8929e-01,  ..., 6.1389e-01,
           8.2245e-01, 1.1095e-01],
          [8.7428e-01, 2.7948e-01, 4.9180e-01,  ..., 9.4281e-01,
           4.1817e-01, 8.3508e-01],
          [4.2078e-01, 5.4921e-01, 9.4834e-01,  ..., 3.8799e-01,
           2.8280e-01, 4.5713e-02]],

         [[8.7063e-01, 7.6471e-01, 4.2048e-02,  ..., 6.2014e-01,
           2.9238e-01, 9.7155e-01],
          [2.6122e-01, 4.3166e-01, 5.2657e-01,  ..., 8.3202e-01,
           4.9877e-01, 8.7611e-01],
          [9.4694e-01, 3.3988e-01, 5.2535e-01,  ..., 2.0234e-01,
           6.2929e-02, 8.3847e-01],
          ...,
          [8.0870e-01, 5.0651e-01, 2.6433e-01,  ..., 4.9670e-01,
           4.8372e-01, 6.5434e-01],
          [9.6445e-01, 1.6511e-01, 2.8172e-02,  ..., 5.0731e-01,
           7.9587e-01, 9.0894e-01],
          [8.6279e-01, 3.1705e-01, 5.7668e-01,  ..., 6.8687e-01,
           8.8418e-01, 6.3215e-01]],

         [[9.3392e-01, 8.5378e-01, 3.2907e-01,  ..., 5.7182e-01,
           7.6011e-01, 1.9126e-01],
          [8.8821e-01, 4.4975e-01, 2.5811e-02,  ..., 8.5058e-01,
           9.0063e-01, 1.2006e-01],
          [3.4823e-01, 5.6879e-01, 8.4280e-01,  ..., 6.8069e-04,
           9.1001e-01, 4.4567e-01],
          ...,
          [6.6663e-01, 3.3965e-01, 6.0322e-01,  ..., 8.4936e-01,
           3.8160e-01, 6.4613e-03],
          [7.7407e-01, 9.2782e-01, 3.0202e-01,  ..., 6.4382e-01,
           7.8705e-01, 4.9127e-01],
          [1.5551e-01, 3.5472e-01, 4.6087e-01,  ..., 9.6356e-01,
           3.3238e-01, 5.8039e-01]],

         ...,

         [[4.6619e-02, 1.8435e-01, 6.6435e-01,  ..., 5.1928e-01,
           5.5144e-01, 8.6762e-01],
          [5.8336e-01, 7.0150e-01, 1.0913e-01,  ..., 8.8471e-01,
           4.0115e-01, 1.0127e-01],
          [9.1509e-01, 7.4882e-02, 5.3857e-01,  ..., 2.0975e-01,
           7.0085e-02, 9.0606e-01],
          ...,
          [2.0819e-01, 9.0123e-01, 2.0533e-01,  ..., 4.7353e-01,
           8.0648e-01, 7.0903e-01],
          [1.2586e-01, 8.2929e-01, 1.9876e-01,  ..., 6.1020e-01,
           4.3838e-01, 5.2056e-01],
          [4.7968e-01, 5.2312e-02, 1.1080e-01,  ..., 4.4160e-02,
           1.6946e-01, 4.4410e-01]],

         [[1.1991e-01, 8.2299e-01, 3.0881e-01,  ..., 3.9866e-01,
           5.2793e-01, 9.0928e-01],
          [3.6007e-01, 8.5308e-01, 5.5009e-01,  ..., 8.6035e-01,
           7.0805e-01, 5.7684e-01],
          [9.9745e-02, 9.3320e-01, 3.1912e-01,  ..., 4.1121e-01,
           9.6298e-01, 7.0502e-01],
          ...,
          [1.9263e-01, 1.9796e-01, 7.3713e-01,  ..., 9.6222e-01,
           3.8040e-01, 4.9273e-01],
          [3.7421e-01, 7.1826e-02, 3.6234e-01,  ..., 3.9818e-01,
           4.7845e-01, 3.6773e-01],
          [6.9734e-01, 4.0992e-01, 4.3877e-01,  ..., 6.5542e-01,
           7.7619e-01, 3.6920e-01]],

         [[6.1415e-01, 9.8930e-01, 2.5833e-01,  ..., 6.9938e-01,
           1.1672e-01, 1.4174e-01],
          [9.6932e-01, 6.9675e-01, 8.4805e-01,  ..., 1.4558e-02,
           2.5963e-01, 7.7306e-02],
          [9.9361e-01, 4.8182e-01, 8.2368e-02,  ..., 8.8086e-01,
           8.7086e-01, 5.8677e-02],
          ...,
          [6.0245e-02, 7.0799e-01, 9.3340e-01,  ..., 7.8589e-01,
           3.0927e-02, 6.1207e-01],
          [2.2602e-01, 9.5219e-01, 2.6519e-01,  ..., 5.4089e-01,
           6.3182e-01, 3.0220e-01],
          [2.9371e-02, 7.3339e-01, 7.8117e-02,  ..., 9.8324e-01,
           3.8329e-01, 8.2276e-01]]],


        [[[9.1563e-01, 2.4987e-01, 6.4439e-01,  ..., 2.3398e-01,
           9.6839e-01, 1.3610e-01],
          [1.2998e-01, 8.9314e-01, 9.5303e-01,  ..., 9.5826e-01,
           6.3418e-01, 6.1657e-01],
          [9.9749e-01, 5.1911e-01, 3.0643e-01,  ..., 5.6734e-01,
           2.5967e-01, 1.7316e-01],
          ...,
          [1.2447e-01, 2.6672e-01, 1.9491e-01,  ..., 1.5729e-01,
           5.6984e-01, 4.7567e-01],
          [3.4040e-01, 5.8989e-01, 3.0634e-01,  ..., 2.3010e-01,
           8.3522e-01, 8.2573e-01],
          [8.6225e-01, 1.3671e-01, 3.2264e-01,  ..., 3.9680e-01,
           1.3522e-01, 9.7319e-02]],

         [[3.8381e-01, 4.6390e-01, 2.0650e-01,  ..., 3.6025e-01,
           3.0247e-01, 9.7289e-01],
          [1.4867e-01, 8.4621e-01, 1.8382e-02,  ..., 9.7409e-01,
           9.8925e-01, 9.3517e-01],
          [4.3377e-01, 8.9953e-01, 1.1610e-01,  ..., 1.8534e-01,
           8.5135e-01, 8.0530e-01],
          ...,
          [6.5587e-01, 4.8016e-01, 6.6982e-01,  ..., 1.3968e-01,
           9.4514e-01, 3.8725e-02],
          [7.9418e-01, 6.9208e-01, 4.9833e-01,  ..., 1.5268e-01,
           2.9618e-01, 2.5160e-01],
          [6.8723e-01, 6.7641e-01, 7.4707e-01,  ..., 6.8609e-01,
           1.1295e-01, 2.4168e-01]],

         [[8.2377e-01, 2.6237e-01, 5.0752e-01,  ..., 3.8809e-02,
           7.6415e-01, 3.5621e-01],
          [8.9522e-01, 3.7393e-01, 5.2619e-01,  ..., 6.7697e-01,
           9.1173e-01, 7.5018e-01],
          [7.5731e-01, 7.0802e-01, 8.8671e-02,  ..., 9.2364e-01,
           7.3146e-01, 6.6884e-01],
          ...,
          [8.1176e-01, 3.3860e-02, 2.7040e-01,  ..., 1.6781e-01,
           2.0094e-01, 8.3944e-01],
          [8.9351e-01, 5.2031e-01, 4.6525e-01,  ..., 3.0983e-01,
           5.9713e-01, 1.4998e-01],
          [7.8176e-03, 3.8160e-01, 5.4742e-01,  ..., 6.8778e-01,
           4.6771e-01, 1.2883e-01]],

         ...,

         [[7.0807e-01, 6.3314e-01, 6.9599e-01,  ..., 6.2147e-01,
           2.6501e-01, 3.7341e-01],
          [5.4280e-01, 6.3742e-01, 3.4439e-01,  ..., 3.3963e-01,
           5.0801e-01, 4.9749e-01],
          [6.2783e-01, 7.1028e-01, 8.0882e-01,  ..., 7.4532e-01,
           6.7477e-01, 1.0345e-01],
          ...,
          [8.2361e-01, 6.2676e-01, 3.0990e-01,  ..., 3.1676e-01,
           7.0869e-01, 4.7813e-01],
          [3.7492e-01, 1.3676e-01, 4.1064e-01,  ..., 5.3590e-02,
           1.5552e-01, 4.1432e-03],
          [5.2967e-01, 5.3190e-01, 7.3869e-01,  ..., 3.8821e-01,
           8.5068e-01, 3.7722e-01]],

         [[9.3848e-01, 8.0163e-01, 1.4309e-01,  ..., 6.3570e-02,
           6.9286e-01, 3.1604e-02],
          [2.8282e-01, 3.5972e-01, 3.8567e-01,  ..., 2.4891e-01,
           7.7069e-01, 7.8801e-01],
          [3.4308e-01, 8.3408e-01, 6.6266e-02,  ..., 7.0595e-01,
           1.1476e-01, 2.0380e-01],
          ...,
          [9.5801e-02, 1.1391e-01, 5.2802e-01,  ..., 2.7342e-01,
           6.8823e-01, 1.9486e-01],
          [3.0454e-01, 9.2959e-01, 3.0865e-01,  ..., 6.9533e-01,
           2.7806e-01, 1.2373e-01],
          [4.3849e-01, 3.6444e-01, 5.1954e-01,  ..., 8.0465e-01,
           8.1244e-01, 7.1463e-01]],

         [[5.8714e-01, 8.9889e-01, 9.2955e-02,  ..., 8.6761e-01,
           9.4802e-01, 9.1797e-01],
          [5.2943e-01, 6.2545e-01, 5.7828e-02,  ..., 7.9473e-01,
           9.7410e-01, 7.1119e-01],
          [3.3037e-01, 4.1713e-01, 7.2091e-02,  ..., 7.3303e-01,
           3.9000e-02, 2.0804e-02],
          ...,
          [2.6045e-02, 6.6300e-01, 2.4723e-01,  ..., 8.0753e-01,
           5.2200e-01, 7.5423e-01],
          [4.7834e-01, 8.6554e-01, 6.0729e-01,  ..., 3.5743e-01,
           4.0748e-01, 3.5790e-01],
          [4.5544e-01, 3.0978e-01, 2.5522e-01,  ..., 2.2934e-01,
           9.4282e-01, 5.3682e-01]]],


        [[[9.8430e-02, 1.5651e-01, 3.9949e-01,  ..., 2.8875e-01,
           4.6832e-01, 1.5595e-01],
          [8.0275e-01, 9.8196e-02, 3.7215e-01,  ..., 3.0412e-01,
           4.7068e-01, 2.3553e-01],
          [9.0659e-01, 6.7746e-01, 1.2031e-01,  ..., 8.0218e-01,
           2.4858e-01, 6.2389e-01],
          ...,
          [4.8392e-01, 5.6627e-01, 5.3940e-01,  ..., 8.0314e-01,
           4.2745e-01, 2.0786e-01],
          [1.4979e-01, 6.9787e-01, 6.0312e-02,  ..., 9.4661e-01,
           3.9201e-01, 6.4625e-01],
          [9.6084e-02, 8.8845e-01, 9.8031e-02,  ..., 2.6833e-01,
           1.6863e-01, 8.8790e-01]],

         [[1.5689e-01, 5.6795e-01, 8.1577e-02,  ..., 3.2583e-02,
           8.9517e-01, 5.1545e-01],
          [2.4515e-01, 1.9491e-01, 7.3979e-01,  ..., 9.7108e-01,
           8.4205e-01, 1.6853e-01],
          [6.2838e-01, 6.1351e-01, 9.8688e-01,  ..., 7.3426e-01,
           1.4059e-01, 2.0840e-01],
          ...,
          [5.3711e-01, 7.0748e-01, 2.8832e-01,  ..., 1.4612e-01,
           3.0607e-01, 7.5234e-01],
          [2.4914e-01, 2.5269e-01, 8.5839e-02,  ..., 7.9820e-01,
           1.9962e-02, 6.9268e-01],
          [5.0205e-01, 8.8110e-01, 5.5122e-01,  ..., 5.2605e-01,
           4.8590e-01, 9.6769e-01]],

         [[6.1612e-01, 2.5381e-01, 6.0172e-01,  ..., 7.8515e-01,
           4.4869e-01, 1.6143e-01],
          [9.8535e-02, 5.5564e-01, 3.2851e-01,  ..., 6.7286e-01,
           7.4488e-01, 1.7090e-01],
          [5.7104e-01, 3.2687e-02, 3.6585e-01,  ..., 2.9694e-01,
           7.9559e-01, 8.1473e-01],
          ...,
          [6.6349e-01, 1.9819e-01, 7.2972e-01,  ..., 8.7359e-01,
           9.9386e-01, 8.3989e-01],
          [7.8221e-01, 2.9650e-01, 4.4135e-01,  ..., 7.4170e-01,
           7.1722e-01, 4.3203e-01],
          [3.5308e-01, 7.2458e-01, 9.0211e-01,  ..., 7.8427e-01,
           5.2246e-02, 6.8020e-01]],

         ...,

         [[5.8552e-02, 4.6715e-01, 3.2336e-02,  ..., 9.7017e-01,
           6.4294e-01, 9.0906e-01],
          [2.2311e-02, 5.1071e-01, 3.6624e-01,  ..., 7.8534e-01,
           9.4807e-01, 5.1413e-01],
          [7.7303e-02, 7.1048e-01, 7.2514e-01,  ..., 5.1689e-01,
           8.5879e-01, 4.9402e-01],
          ...,
          [6.8536e-02, 9.4589e-01, 5.5820e-01,  ..., 5.9107e-01,
           3.8388e-01, 1.7503e-01],
          [4.3091e-01, 3.5090e-02, 3.5298e-01,  ..., 2.0947e-01,
           7.8226e-01, 9.8884e-02],
          [8.1222e-01, 3.4212e-01, 5.8302e-01,  ..., 8.3557e-01,
           1.2262e-01, 6.8873e-02]],

         [[5.6335e-01, 5.2565e-02, 1.7893e-01,  ..., 9.3848e-01,
           2.2187e-01, 8.6745e-01],
          [6.2535e-01, 9.9442e-01, 7.0378e-01,  ..., 2.5193e-01,
           4.7964e-01, 5.1245e-01],
          [4.7431e-01, 2.3144e-01, 8.3617e-01,  ..., 4.2809e-01,
           1.6131e-03, 7.0405e-01],
          ...,
          [2.2957e-02, 6.7092e-01, 1.0089e-01,  ..., 6.5371e-01,
           4.2918e-01, 9.2999e-01],
          [3.7311e-01, 7.5723e-03, 3.9080e-01,  ..., 5.1539e-01,
           6.7343e-01, 9.6454e-02],
          [3.1900e-01, 7.2090e-01, 8.9388e-01,  ..., 2.9167e-01,
           6.2234e-01, 6.8107e-01]],

         [[8.1760e-01, 1.7113e-01, 2.4630e-01,  ..., 6.7855e-01,
           4.5866e-01, 5.6577e-01],
          [2.4557e-02, 8.3581e-01, 9.4290e-01,  ..., 8.4609e-01,
           9.6092e-01, 1.3323e-01],
          [4.9838e-01, 4.3908e-01, 2.2544e-01,  ..., 4.2486e-01,
           6.5413e-01, 3.7491e-01],
          ...,
          [9.4796e-01, 8.3973e-01, 6.1883e-01,  ..., 3.9064e-02,
           7.4316e-01, 2.3590e-01],
          [3.2818e-01, 1.4279e-02, 7.7956e-01,  ..., 5.2652e-01,
           7.6516e-01, 9.7822e-01],
          [3.9252e-01, 4.3949e-01, 8.9052e-01,  ..., 6.8929e-02,
           7.0568e-01, 8.7844e-02]]],


        ...,


        [[[7.4872e-01, 1.0271e-02, 4.5667e-01,  ..., 6.3204e-01,
           8.2415e-01, 6.2934e-01],
          [4.6707e-01, 2.8674e-01, 2.2165e-01,  ..., 4.2944e-01,
           3.7229e-01, 6.4545e-01],
          [5.0903e-01, 2.0982e-01, 1.4246e-01,  ..., 2.2299e-01,
           8.8345e-01, 9.4120e-01],
          ...,
          [5.5525e-01, 4.2269e-01, 1.0925e-01,  ..., 7.7844e-01,
           3.8197e-01, 3.3265e-01],
          [5.7052e-01, 5.1773e-01, 3.0808e-01,  ..., 9.2573e-01,
           7.8415e-01, 6.6654e-01],
          [7.8289e-01, 7.5201e-01, 4.8419e-01,  ..., 2.6534e-01,
           8.3533e-01, 6.9314e-01]],

         [[9.3460e-01, 1.7478e-01, 5.9288e-01,  ..., 2.1317e-01,
           4.2843e-01, 3.6653e-01],
          [2.4325e-01, 2.4983e-01, 8.8739e-02,  ..., 5.6770e-01,
           2.4981e-01, 8.1843e-01],
          [7.9495e-01, 3.2508e-01, 9.2437e-01,  ..., 9.8280e-01,
           8.1997e-03, 3.2691e-01],
          ...,
          [4.6057e-02, 3.5296e-01, 2.1226e-01,  ..., 2.5899e-01,
           2.7512e-01, 6.8418e-01],
          [4.4007e-01, 7.1679e-01, 6.5341e-02,  ..., 3.8873e-01,
           1.4599e-01, 2.3509e-01],
          [4.9671e-01, 3.9559e-01, 9.6706e-01,  ..., 4.8189e-02,
           5.9501e-01, 2.1466e-01]],

         [[6.1881e-01, 9.9580e-01, 3.9263e-02,  ..., 1.4418e-01,
           4.3031e-01, 3.0244e-02],
          [2.6605e-01, 6.1622e-01, 5.2731e-01,  ..., 5.7536e-01,
           9.4830e-01, 2.5245e-01],
          [7.7273e-01, 2.3256e-01, 2.4780e-01,  ..., 9.5260e-01,
           5.6815e-01, 5.6570e-01],
          ...,
          [4.4379e-01, 8.0284e-01, 8.1706e-01,  ..., 2.9125e-01,
           5.6246e-01, 1.7652e-01],
          [7.1863e-01, 5.8214e-01, 1.2650e-01,  ..., 8.7660e-01,
           5.1120e-01, 8.2897e-01],
          [2.4134e-01, 5.2179e-01, 8.2584e-01,  ..., 8.0413e-01,
           3.6117e-01, 3.6721e-01]],

         ...,

         [[4.9268e-01, 5.2337e-01, 3.5000e-01,  ..., 6.3568e-01,
           4.8784e-01, 4.7703e-01],
          [9.5624e-01, 7.4639e-01, 1.6157e-01,  ..., 6.1172e-01,
           9.7614e-01, 7.5154e-01],
          [2.7505e-01, 3.8826e-01, 2.2551e-01,  ..., 1.0661e-01,
           8.0401e-01, 2.3845e-01],
          ...,
          [6.8887e-01, 5.5025e-01, 3.1446e-01,  ..., 3.0040e-01,
           8.3118e-01, 4.0029e-01],
          [1.5520e-01, 1.2718e-01, 8.4974e-01,  ..., 2.4501e-01,
           5.0017e-01, 9.4533e-01],
          [6.7224e-01, 9.0848e-01, 4.8822e-01,  ..., 7.7552e-02,
           3.3848e-01, 4.7693e-01]],

         [[7.0835e-01, 6.4493e-01, 5.7237e-01,  ..., 6.8950e-01,
           5.4051e-01, 9.6115e-01],
          [8.2703e-01, 4.2297e-01, 2.3982e-02,  ..., 8.9773e-01,
           2.0766e-02, 8.4637e-01],
          [8.2887e-01, 5.8980e-01, 3.8914e-01,  ..., 4.4359e-01,
           9.9654e-01, 9.5837e-01],
          ...,
          [2.7720e-01, 1.0659e-01, 8.8658e-01,  ..., 5.6772e-01,
           8.3930e-01, 8.3733e-01],
          [2.3736e-01, 4.8321e-01, 1.8643e-01,  ..., 2.9120e-02,
           7.5097e-01, 1.9314e-02],
          [6.4661e-01, 2.9263e-01, 3.4773e-01,  ..., 2.2873e-01,
           6.0149e-01, 1.8357e-01]],

         [[6.2165e-01, 1.4796e-01, 3.0097e-01,  ..., 8.6577e-01,
           3.7704e-01, 9.7891e-01],
          [2.8243e-01, 4.0297e-01, 7.6525e-01,  ..., 9.3261e-01,
           6.2127e-02, 1.6545e-01],
          [2.5444e-01, 1.2944e-01, 4.9881e-01,  ..., 5.4182e-01,
           9.8863e-01, 6.0018e-01],
          ...,
          [2.8732e-01, 3.1539e-01, 7.8072e-02,  ..., 4.8721e-01,
           8.9851e-01, 3.7381e-02],
          [4.3963e-01, 9.6711e-02, 1.9527e-01,  ..., 7.0189e-01,
           8.1735e-01, 2.9821e-01],
          [4.9133e-01, 8.3253e-01, 3.3804e-01,  ..., 6.1012e-01,
           8.3952e-01, 1.9544e-01]]],


        [[[6.5696e-01, 2.4004e-01, 2.5210e-01,  ..., 7.6414e-01,
           9.5726e-03, 2.3278e-01],
          [7.1076e-01, 3.7512e-01, 7.2357e-01,  ..., 5.4175e-01,
           8.2411e-01, 6.2795e-01],
          [4.5311e-01, 1.7899e-01, 9.2689e-01,  ..., 2.1649e-01,
           3.4526e-01, 2.7055e-01],
          ...,
          [2.8553e-02, 5.8422e-01, 4.6592e-01,  ..., 4.6346e-01,
           9.8697e-02, 7.3793e-01],
          [9.3740e-01, 6.8830e-01, 7.8194e-01,  ..., 7.6787e-01,
           5.8613e-01, 5.0108e-01],
          [4.3616e-01, 1.0691e-01, 6.8310e-01,  ..., 4.3675e-01,
           9.5221e-02, 5.1391e-01]],

         [[1.5948e-01, 4.3068e-01, 7.8898e-01,  ..., 4.2754e-01,
           5.7655e-01, 9.3226e-01],
          [5.8583e-02, 7.4535e-01, 7.0209e-01,  ..., 6.5667e-01,
           9.0444e-01, 8.5297e-01],
          [6.6119e-01, 5.4056e-01, 5.9243e-01,  ..., 5.1388e-01,
           4.0323e-01, 3.3257e-01],
          ...,
          [6.1126e-01, 5.0017e-01, 1.5665e-01,  ..., 3.1082e-01,
           7.9526e-01, 7.2476e-01],
          [5.1823e-01, 5.7469e-01, 9.9320e-02,  ..., 3.5060e-01,
           9.2465e-01, 2.9459e-01],
          [4.9513e-01, 3.3205e-01, 2.6284e-01,  ..., 4.7250e-03,
           2.0072e-01, 5.0590e-02]],

         [[2.9051e-01, 8.8201e-01, 6.4501e-01,  ..., 5.8055e-01,
           3.1965e-01, 5.7190e-01],
          [5.3339e-01, 5.7531e-01, 4.8238e-01,  ..., 2.5048e-01,
           8.7832e-02, 3.5502e-01],
          [3.3653e-01, 4.0504e-02, 8.2632e-01,  ..., 9.8824e-01,
           9.5854e-01, 3.6785e-01],
          ...,
          [2.0449e-02, 5.4338e-01, 9.5122e-01,  ..., 7.4709e-01,
           4.3345e-01, 3.4592e-01],
          [9.7984e-01, 4.0725e-01, 9.9139e-01,  ..., 8.5042e-01,
           4.6836e-01, 3.1933e-01],
          [7.1796e-01, 9.1128e-01, 8.3125e-01,  ..., 4.2697e-01,
           5.3569e-01, 4.7943e-02]],

         ...,

         [[8.3908e-01, 3.8483e-01, 2.0520e-02,  ..., 9.0444e-01,
           5.3566e-01, 8.7599e-01],
          [3.9461e-01, 9.4134e-01, 3.0754e-01,  ..., 1.9024e-01,
           3.6134e-01, 5.6075e-01],
          [9.4824e-01, 7.8232e-01, 4.8150e-02,  ..., 1.6897e-01,
           3.6701e-01, 1.0692e-01],
          ...,
          [3.8502e-01, 7.9351e-01, 9.6827e-02,  ..., 7.5247e-01,
           3.8691e-01, 5.1494e-01],
          [8.7378e-01, 3.0341e-01, 4.7355e-01,  ..., 2.7186e-01,
           5.5374e-01, 5.0988e-01],
          [8.0110e-01, 2.0080e-01, 3.7421e-01,  ..., 1.2943e-01,
           3.8498e-01, 6.0342e-01]],

         [[4.7377e-01, 2.2287e-01, 7.6268e-01,  ..., 9.1492e-01,
           5.1904e-01, 1.0541e-01],
          [8.9757e-02, 8.0676e-01, 4.7802e-01,  ..., 3.3307e-01,
           3.4985e-02, 1.7316e-01],
          [7.0317e-02, 8.5335e-01, 4.0297e-01,  ..., 7.9521e-02,
           6.0451e-01, 8.4316e-01],
          ...,
          [7.7211e-01, 1.8933e-01, 8.7764e-02,  ..., 6.4603e-01,
           7.2003e-01, 2.3171e-01],
          [7.5431e-01, 2.7988e-01, 8.1692e-01,  ..., 7.9459e-01,
           5.1935e-01, 1.3735e-01],
          [2.2386e-01, 3.4194e-01, 9.0989e-01,  ..., 1.4525e-01,
           6.3051e-01, 1.6023e-01]],

         [[3.0567e-01, 2.3649e-01, 5.2103e-01,  ..., 6.9953e-01,
           4.3357e-01, 7.6329e-01],
          [2.2362e-02, 9.4048e-01, 6.1865e-01,  ..., 4.8845e-02,
           5.6830e-01, 8.2065e-01],
          [2.0257e-01, 6.1074e-01, 1.4239e-01,  ..., 3.3280e-01,
           3.6511e-01, 6.6473e-01],
          ...,
          [8.6140e-02, 4.7915e-01, 5.7754e-01,  ..., 4.9907e-01,
           2.9791e-01, 8.6696e-01],
          [3.1908e-01, 8.7914e-03, 9.5092e-01,  ..., 4.3467e-01,
           8.7319e-01, 6.3618e-01],
          [3.5459e-01, 8.7656e-01, 8.3363e-01,  ..., 8.6102e-01,
           8.1388e-01, 7.8140e-01]]],


        [[[1.0067e-02, 2.0926e-03, 4.4582e-01,  ..., 6.6873e-01,
           3.5812e-01, 5.6730e-01],
          [2.1158e-01, 9.7125e-02, 2.2363e-01,  ..., 7.4381e-01,
           1.2101e-02, 5.8613e-01],
          [3.9959e-01, 1.9288e-02, 5.8039e-01,  ..., 1.2522e-01,
           9.4677e-01, 2.9964e-01],
          ...,
          [4.2986e-01, 1.4762e-01, 8.5947e-01,  ..., 9.0659e-01,
           7.6675e-01, 3.2833e-01],
          [4.0150e-01, 6.3282e-01, 8.0455e-01,  ..., 3.4378e-01,
           3.3494e-01, 8.3359e-02],
          [9.3777e-02, 3.9543e-02, 5.8396e-01,  ..., 9.1091e-01,
           6.4148e-01, 7.6806e-01]],

         [[9.8866e-02, 3.8014e-01, 9.8626e-01,  ..., 8.3515e-01,
           1.9187e-01, 9.7214e-01],
          [6.3492e-01, 9.1397e-01, 6.0973e-01,  ..., 3.8488e-01,
           2.6148e-01, 8.6594e-02],
          [4.5613e-01, 7.8397e-01, 4.0829e-01,  ..., 4.5553e-01,
           5.5714e-01, 2.5795e-01],
          ...,
          [9.1420e-01, 6.9344e-01, 1.3406e-01,  ..., 3.9098e-01,
           5.9080e-01, 3.0539e-01],
          [4.9682e-01, 3.7364e-01, 2.5321e-01,  ..., 7.8937e-01,
           5.6223e-01, 1.4065e-01],
          [2.8475e-01, 1.8991e-01, 3.1976e-01,  ..., 7.3932e-01,
           8.6506e-01, 4.6455e-01]],

         [[1.3430e-01, 9.6557e-01, 5.9856e-01,  ..., 9.5084e-02,
           7.2150e-02, 1.5214e-01],
          [2.3583e-01, 8.2555e-01, 2.0253e-01,  ..., 8.5516e-02,
           5.8667e-01, 9.5796e-01],
          [7.6446e-01, 7.9043e-01, 7.5987e-01,  ..., 1.3131e-01,
           3.5273e-01, 6.9869e-01],
          ...,
          [1.8893e-01, 4.8195e-02, 4.3112e-01,  ..., 3.0473e-01,
           3.8578e-01, 4.4245e-01],
          [4.2214e-01, 9.3655e-01, 6.5458e-01,  ..., 4.8658e-01,
           2.1777e-01, 8.2835e-01],
          [6.6706e-01, 5.8809e-01, 2.9413e-01,  ..., 3.2123e-01,
           5.3826e-01, 8.4051e-01]],

         ...,

         [[8.1959e-01, 5.7086e-01, 7.8649e-01,  ..., 3.8022e-01,
           4.1199e-01, 1.2293e-01],
          [3.2240e-01, 4.1876e-01, 2.2515e-01,  ..., 2.4308e-01,
           7.0017e-01, 7.9820e-01],
          [2.3900e-01, 2.0325e-01, 6.4795e-03,  ..., 6.6518e-01,
           7.9878e-01, 8.7346e-01],
          ...,
          [9.5068e-01, 8.6057e-01, 5.7075e-01,  ..., 5.3909e-01,
           4.0025e-01, 6.6182e-01],
          [1.9730e-01, 1.3174e-01, 5.7890e-01,  ..., 9.7315e-01,
           3.5407e-01, 4.9816e-01],
          [5.0693e-01, 8.6357e-01, 2.5921e-01,  ..., 5.2465e-01,
           7.8839e-01, 5.2948e-01]],

         [[3.3687e-01, 7.1046e-01, 6.4318e-01,  ..., 8.3610e-02,
           4.1040e-01, 4.6358e-01],
          [1.0651e-01, 1.6812e-01, 3.3288e-01,  ..., 5.4681e-01,
           2.8223e-04, 8.0826e-01],
          [4.5919e-01, 8.9442e-01, 7.4727e-01,  ..., 2.4732e-01,
           6.7750e-01, 1.8233e-01],
          ...,
          [3.1089e-01, 2.4741e-01, 3.1056e-01,  ..., 9.7699e-01,
           7.1889e-01, 2.3745e-01],
          [7.2484e-01, 1.5040e-01, 3.3312e-01,  ..., 1.7136e-01,
           2.8499e-01, 8.1102e-01],
          [9.7992e-01, 9.2091e-01, 5.9663e-01,  ..., 8.9887e-01,
           8.2164e-01, 6.3182e-01]],

         [[4.0425e-01, 8.7879e-01, 4.2531e-01,  ..., 8.0103e-01,
           1.0205e-01, 4.4390e-01],
          [8.4582e-02, 1.5977e-01, 5.1981e-01,  ..., 9.7698e-02,
           7.3046e-02, 9.1537e-01],
          [9.5391e-01, 5.8317e-01, 8.8072e-02,  ..., 1.9245e-01,
           7.7568e-01, 3.1111e-01],
          ...,
          [2.2664e-01, 2.9252e-01, 4.2943e-01,  ..., 4.9396e-01,
           7.8456e-01, 7.7463e-01],
          [7.3694e-01, 6.1948e-01, 2.4262e-01,  ..., 8.1084e-01,
           8.0371e-01, 4.6923e-01],
          [3.5460e-01, 9.9486e-01, 7.9909e-01,  ..., 5.4030e-01,
           8.5199e-01, 6.7028e-01]]]])
