tensor([[[[3.5344e-02, 3.9603e-01, 2.2945e-01,  ..., 3.0201e-01,
           6.5608e-01, 8.2048e-01],
          [1.5933e-01, 4.7320e-02, 9.0511e-01,  ..., 2.8539e-01,
           5.8518e-01, 4.2253e-01],
          [8.2627e-01, 9.3270e-01, 5.6347e-01,  ..., 5.0762e-01,
           9.3298e-01, 1.4882e-01],
          ...,
          [3.2931e-01, 1.9382e-01, 6.2814e-01,  ..., 7.3222e-01,
           6.5611e-01, 9.4990e-01],
          [1.0713e-01, 4.4570e-01, 6.2997e-01,  ..., 8.6871e-01,
           6.3532e-01, 1.5516e-01],
          [7.8336e-01, 3.9350e-01, 4.1747e-01,  ..., 4.5486e-01,
           6.5671e-01, 9.1160e-01]],

         [[3.7583e-01, 4.1025e-01, 5.1913e-01,  ..., 2.0157e-01,
           8.4962e-01, 2.9870e-01],
          [2.8335e-01, 9.3942e-01, 1.0617e-01,  ..., 3.6980e-01,
           9.8442e-01, 9.8219e-01],
          [8.1956e-01, 3.8926e-01, 4.3898e-01,  ..., 9.7673e-01,
           7.3420e-02, 7.5598e-01],
          ...,
          [9.4460e-01, 5.9193e-01, 3.8015e-01,  ..., 2.4622e-01,
           5.4642e-01, 1.4509e-02],
          [8.8320e-01, 7.2569e-01, 2.4160e-02,  ..., 1.9726e-01,
           2.1428e-01, 2.0743e-01],
          [8.5023e-01, 2.4686e-01, 7.7490e-01,  ..., 2.9455e-01,
           5.0564e-02, 8.2934e-01]],

         [[3.5754e-01, 8.3739e-01, 3.5896e-02,  ..., 9.8844e-01,
           7.6272e-01, 3.7058e-01],
          [3.1527e-01, 2.6029e-01, 4.6553e-01,  ..., 3.3594e-01,
           3.8331e-01, 4.1172e-01],
          [9.6553e-02, 3.0259e-01, 2.8746e-01,  ..., 1.0173e-01,
           9.0586e-01, 1.3584e-01],
          ...,
          [8.7147e-01, 9.8688e-01, 6.7610e-01,  ..., 5.2048e-01,
           8.4311e-01, 6.5884e-01],
          [2.9532e-01, 6.5452e-01, 1.3254e-01,  ..., 2.5360e-01,
           3.4302e-01, 5.5531e-01],
          [9.6917e-01, 1.3250e-01, 3.3986e-01,  ..., 1.1266e-01,
           4.3001e-01, 6.4425e-01]],

         ...,

         [[2.9641e-01, 8.9644e-02, 6.7167e-01,  ..., 3.3851e-01,
           6.0156e-01, 8.0488e-01],
          [5.3248e-01, 1.0795e-01, 6.1950e-02,  ..., 5.6875e-01,
           4.5267e-01, 7.9502e-01],
          [4.7169e-01, 9.1870e-01, 8.9596e-01,  ..., 5.9194e-01,
           1.9062e-01, 1.1606e-01],
          ...,
          [9.1083e-01, 4.8728e-01, 2.2953e-01,  ..., 2.3627e-01,
           1.3248e-01, 4.8978e-01],
          [6.5170e-01, 6.9973e-02, 8.7629e-01,  ..., 5.2285e-01,
           6.7940e-01, 2.7943e-01],
          [5.4966e-01, 6.4794e-02, 9.5163e-01,  ..., 2.9380e-01,
           6.2267e-01, 8.3612e-02]],

         [[2.4241e-01, 3.4795e-01, 5.9079e-01,  ..., 5.7274e-01,
           4.7229e-01, 4.9389e-03],
          [2.3502e-01, 8.7357e-01, 5.5433e-01,  ..., 1.3634e-01,
           2.5230e-01, 5.4829e-01],
          [8.4818e-02, 3.0048e-01, 8.4412e-01,  ..., 8.7961e-01,
           4.0272e-01, 9.5313e-02],
          ...,
          [4.5661e-01, 6.6346e-01, 2.8772e-01,  ..., 2.9719e-01,
           9.7976e-01, 5.1286e-01],
          [9.2378e-01, 5.5465e-01, 4.1719e-01,  ..., 8.4551e-02,
           5.2777e-02, 9.3366e-01],
          [2.2340e-01, 7.7253e-01, 3.3935e-02,  ..., 4.1851e-01,
           5.9669e-01, 9.5751e-01]],

         [[5.2303e-01, 3.0720e-01, 5.9465e-01,  ..., 3.6800e-01,
           6.4113e-01, 2.5339e-01],
          [4.2568e-01, 9.6637e-01, 6.5194e-01,  ..., 5.6796e-01,
           2.1939e-01, 3.9572e-01],
          [8.7707e-01, 8.2437e-01, 5.9240e-01,  ..., 1.6911e-02,
           1.2228e-02, 1.8199e-01],
          ...,
          [5.7298e-01, 5.4170e-01, 2.9757e-01,  ..., 6.5603e-01,
           5.4480e-01, 8.9849e-01],
          [2.9130e-01, 3.4315e-01, 6.8871e-02,  ..., 9.8608e-01,
           6.2348e-01, 7.5408e-01],
          [5.6008e-01, 6.5490e-01, 5.8384e-01,  ..., 9.6760e-01,
           4.2378e-01, 3.9259e-01]]],


        [[[6.2268e-01, 8.6058e-01, 4.6177e-01,  ..., 5.2223e-01,
           6.3561e-01, 8.4322e-01],
          [9.0716e-01, 9.7075e-01, 3.4087e-01,  ..., 2.8407e-01,
           4.8276e-01, 9.5113e-02],
          [7.5141e-01, 4.9848e-01, 8.0713e-01,  ..., 7.0480e-01,
           2.5215e-01, 8.7979e-01],
          ...,
          [1.9286e-01, 9.9802e-01, 3.7827e-01,  ..., 4.3313e-01,
           3.0032e-02, 6.1850e-01],
          [5.2723e-02, 2.4969e-01, 6.0404e-01,  ..., 8.0797e-01,
           6.5524e-01, 8.8517e-01],
          [9.2839e-01, 8.7971e-01, 2.3074e-01,  ..., 1.9597e-01,
           2.9812e-01, 1.6227e-01]],

         [[5.3113e-02, 1.1455e-01, 3.1895e-01,  ..., 3.3232e-01,
           3.9939e-01, 7.9838e-01],
          [5.3030e-01, 4.0076e-01, 1.1418e-01,  ..., 1.7401e-01,
           7.8323e-02, 3.6319e-01],
          [5.9570e-01, 6.9199e-01, 1.2257e-01,  ..., 3.9866e-01,
           6.2434e-01, 3.7628e-01],
          ...,
          [9.6172e-01, 5.8117e-01, 5.7501e-01,  ..., 8.7766e-01,
           7.5962e-01, 7.7295e-02],
          [9.9991e-01, 8.3836e-01, 8.3521e-01,  ..., 2.9480e-02,
           3.0074e-01, 3.4663e-02],
          [2.4192e-01, 1.8594e-01, 8.8355e-01,  ..., 2.8008e-01,
           6.2912e-01, 9.0165e-01]],

         [[9.3514e-01, 2.8235e-01, 9.9947e-02,  ..., 3.3127e-01,
           9.8589e-01, 2.4969e-01],
          [2.0915e-01, 2.3117e-01, 7.1211e-01,  ..., 4.4219e-01,
           8.6620e-01, 1.3483e-01],
          [2.4150e-01, 2.2326e-01, 3.0955e-01,  ..., 4.8831e-01,
           1.7402e-01, 8.5206e-01],
          ...,
          [8.0432e-01, 3.7285e-01, 6.7619e-01,  ..., 8.7626e-01,
           6.2846e-01, 6.9963e-01],
          [7.8387e-01, 8.7163e-01, 2.1262e-01,  ..., 8.4566e-01,
           2.4105e-01, 9.3753e-01],
          [1.1792e-01, 6.5444e-01, 6.9242e-01,  ..., 7.8000e-01,
           3.8515e-01, 8.1966e-01]],

         ...,

         [[4.7651e-01, 2.8119e-01, 6.5708e-01,  ..., 7.0654e-01,
           2.3966e-01, 3.8463e-01],
          [6.8518e-01, 7.2315e-01, 7.9812e-02,  ..., 8.7989e-01,
           5.0083e-01, 8.8198e-01],
          [8.5355e-01, 1.9910e-01, 1.8675e-01,  ..., 7.6966e-01,
           3.4263e-01, 6.9232e-01],
          ...,
          [4.5913e-01, 7.9408e-01, 8.4008e-01,  ..., 6.5397e-02,
           7.6600e-01, 7.4692e-02],
          [2.7881e-01, 8.3206e-01, 6.2872e-01,  ..., 3.9306e-01,
           6.5920e-01, 5.4211e-01],
          [8.0467e-01, 3.0257e-01, 5.1158e-01,  ..., 4.0605e-01,
           7.7739e-01, 7.8119e-01]],

         [[7.6612e-01, 9.9725e-01, 2.1389e-01,  ..., 4.1578e-01,
           5.0269e-01, 4.6152e-01],
          [5.7276e-01, 4.4938e-01, 1.8483e-01,  ..., 5.8383e-01,
           8.5193e-01, 9.3724e-01],
          [9.1656e-02, 3.0108e-01, 3.5347e-01,  ..., 2.9772e-01,
           1.3220e-01, 3.6150e-02],
          ...,
          [8.0456e-03, 8.6705e-01, 8.4281e-01,  ..., 4.2482e-01,
           2.5990e-02, 8.8808e-01],
          [3.8313e-01, 7.7071e-02, 9.6577e-01,  ..., 5.9464e-01,
           1.2992e-01, 9.7660e-01],
          [3.7977e-01, 9.7669e-01, 3.1155e-01,  ..., 4.5830e-01,
           3.9767e-01, 1.4374e-02]],

         [[3.0018e-01, 5.2237e-01, 9.3709e-01,  ..., 3.3390e-01,
           8.7192e-01, 6.0525e-01],
          [7.7772e-01, 2.2952e-01, 6.1493e-01,  ..., 9.5944e-01,
           4.8412e-01, 6.3573e-01],
          [3.7624e-01, 1.6159e-01, 9.2121e-01,  ..., 8.4467e-02,
           4.2019e-03, 7.5438e-01],
          ...,
          [4.7902e-02, 5.3967e-01, 3.3255e-01,  ..., 8.4176e-01,
           5.7848e-01, 3.7197e-01],
          [8.9967e-01, 2.9878e-01, 2.1925e-02,  ..., 7.7594e-01,
           6.8601e-01, 4.8669e-01],
          [5.5148e-01, 2.7486e-01, 7.5196e-01,  ..., 5.4185e-02,
           2.5632e-01, 9.0460e-01]]],


        [[[4.9362e-01, 6.3716e-01, 3.2942e-01,  ..., 3.1804e-01,
           3.3430e-01, 8.7965e-02],
          [7.9079e-02, 7.1549e-01, 4.7928e-01,  ..., 1.7901e-01,
           8.0377e-01, 2.0610e-01],
          [6.3790e-01, 1.6385e-01, 6.5063e-01,  ..., 9.0181e-01,
           2.7914e-01, 7.2959e-01],
          ...,
          [8.3738e-01, 4.3300e-01, 3.4274e-01,  ..., 3.7062e-01,
           6.9631e-01, 5.5418e-01],
          [9.1821e-01, 4.9873e-01, 5.4553e-01,  ..., 8.7855e-01,
           4.4849e-01, 6.4482e-01],
          [5.9111e-01, 8.4896e-01, 6.6165e-01,  ..., 4.3529e-01,
           7.0113e-02, 6.7710e-01]],

         [[1.1981e-01, 9.5373e-01, 9.2297e-01,  ..., 1.9483e-01,
           3.5367e-02, 9.8630e-01],
          [1.1915e-01, 1.9108e-01, 2.6042e-01,  ..., 4.3804e-01,
           6.8993e-02, 5.8413e-01],
          [4.6798e-01, 2.8330e-01, 5.4130e-01,  ..., 8.2613e-01,
           4.2607e-01, 8.9885e-01],
          ...,
          [4.9720e-01, 2.5875e-01, 3.3857e-02,  ..., 6.8519e-02,
           5.0807e-01, 1.0161e-01],
          [1.7727e-01, 4.9188e-01, 5.3428e-01,  ..., 4.2111e-01,
           9.0210e-01, 6.2291e-01],
          [3.2939e-01, 2.2493e-01, 1.2036e-01,  ..., 6.8322e-01,
           5.1635e-01, 7.4278e-01]],

         [[4.4130e-01, 5.8630e-01, 6.2550e-01,  ..., 2.5053e-01,
           5.9826e-01, 5.1711e-01],
          [5.4461e-01, 7.9923e-01, 5.2957e-01,  ..., 2.0152e-01,
           7.0067e-01, 4.3079e-01],
          [4.0161e-01, 5.3125e-01, 2.3322e-01,  ..., 7.2060e-01,
           5.3837e-01, 1.0717e-01],
          ...,
          [5.2980e-01, 9.0501e-01, 7.3189e-01,  ..., 8.3587e-01,
           8.5946e-01, 1.2351e-01],
          [1.0902e-01, 1.1186e-01, 3.0349e-02,  ..., 3.7882e-01,
           4.3463e-01, 4.0622e-01],
          [1.8792e-01, 1.3077e-01, 3.6512e-01,  ..., 1.7816e-01,
           9.3446e-01, 2.0571e-01]],

         ...,

         [[6.2346e-01, 7.2715e-01, 5.8205e-01,  ..., 7.8407e-02,
           2.6621e-01, 1.7260e-02],
          [1.7716e-01, 2.9895e-02, 1.9468e-01,  ..., 8.4180e-02,
           4.4665e-01, 2.2464e-01],
          [2.5934e-02, 4.1368e-01, 3.6645e-01,  ..., 1.2416e-02,
           3.1815e-01, 4.7184e-01],
          ...,
          [9.6522e-01, 7.7007e-01, 6.0685e-01,  ..., 1.0315e-01,
           6.7808e-01, 9.3432e-01],
          [9.4225e-01, 1.6792e-01, 6.9189e-03,  ..., 4.7456e-01,
           1.4284e-01, 7.5887e-01],
          [5.4898e-01, 2.8006e-01, 7.0986e-01,  ..., 2.1683e-01,
           2.0715e-01, 5.1685e-01]],

         [[1.6990e-01, 6.4564e-01, 4.9317e-01,  ..., 3.2393e-01,
           8.5922e-01, 9.0097e-01],
          [8.6530e-02, 2.4419e-02, 3.0124e-02,  ..., 4.2787e-01,
           7.4128e-01, 8.1109e-01],
          [1.9542e-01, 8.4369e-01, 5.8257e-01,  ..., 4.1152e-01,
           9.7536e-01, 4.3627e-02],
          ...,
          [1.1506e-01, 5.2112e-01, 7.6629e-01,  ..., 4.6754e-01,
           8.8992e-01, 2.6307e-02],
          [8.6653e-01, 2.6159e-01, 7.1696e-01,  ..., 8.4821e-01,
           9.8329e-01, 3.2044e-01],
          [6.7480e-01, 7.2236e-01, 3.1000e-01,  ..., 3.5393e-01,
           6.7090e-01, 7.2928e-02]],

         [[1.6850e-01, 7.4693e-01, 6.7009e-01,  ..., 9.4411e-01,
           1.1281e-01, 6.6972e-01],
          [8.5398e-01, 9.9085e-01, 5.3125e-01,  ..., 3.8829e-01,
           1.3196e-01, 7.6973e-01],
          [4.5548e-02, 9.4149e-01, 1.8057e-01,  ..., 6.2756e-01,
           6.8082e-01, 4.1638e-02],
          ...,
          [9.0504e-01, 6.2014e-01, 3.4595e-01,  ..., 6.6567e-01,
           4.9482e-01, 5.9716e-01],
          [2.3256e-01, 2.6665e-02, 8.4817e-01,  ..., 2.4187e-01,
           9.2833e-01, 4.2247e-01],
          [1.3360e-01, 4.4139e-02, 7.5362e-01,  ..., 7.0315e-02,
           1.0341e-01, 4.8788e-01]]],


        ...,


        [[[3.6935e-01, 5.1375e-03, 7.1327e-01,  ..., 2.8050e-01,
           7.1774e-01, 1.7459e-01],
          [1.2166e-01, 8.6485e-01, 8.0857e-01,  ..., 5.0972e-01,
           7.3337e-01, 5.8143e-01],
          [9.4916e-01, 5.2255e-01, 9.8764e-01,  ..., 8.4864e-01,
           9.5208e-01, 4.6374e-01],
          ...,
          [5.1881e-01, 8.8036e-01, 9.0748e-01,  ..., 9.0055e-01,
           5.4660e-01, 3.2509e-01],
          [4.2408e-02, 1.4198e-01, 8.8878e-01,  ..., 3.2760e-01,
           7.8180e-01, 9.4857e-01],
          [4.9515e-01, 1.2066e-01, 6.3168e-01,  ..., 2.9827e-01,
           7.2087e-01, 2.4692e-01]],

         [[6.4945e-01, 7.8612e-01, 9.1740e-01,  ..., 7.8798e-01,
           1.1819e-01, 4.8936e-02],
          [8.2659e-01, 3.9278e-01, 6.0208e-02,  ..., 7.0101e-01,
           6.4420e-01, 8.2179e-01],
          [6.8590e-01, 8.5900e-01, 4.3314e-01,  ..., 7.8211e-01,
           3.8879e-01, 5.2430e-02],
          ...,
          [3.1215e-01, 4.1018e-01, 4.0641e-02,  ..., 2.2861e-01,
           6.1502e-01, 2.6919e-02],
          [4.9592e-01, 5.2063e-01, 3.2642e-01,  ..., 4.0494e-01,
           7.0333e-01, 3.6706e-01],
          [5.7540e-01, 8.1835e-01, 1.5118e-01,  ..., 4.1553e-02,
           6.0671e-03, 2.3490e-01]],

         [[5.9339e-01, 5.7126e-01, 9.7688e-01,  ..., 4.8691e-01,
           7.5435e-01, 8.6862e-01],
          [8.0960e-01, 7.4200e-01, 1.6888e-01,  ..., 2.3645e-01,
           5.2861e-01, 7.2914e-01],
          [8.6493e-02, 3.5473e-01, 9.3571e-01,  ..., 9.9761e-01,
           3.5408e-01, 5.2854e-01],
          ...,
          [4.4845e-01, 3.6125e-01, 2.3580e-01,  ..., 8.6554e-02,
           9.3355e-01, 3.7759e-02],
          [9.8881e-02, 8.1971e-01, 8.1988e-01,  ..., 6.3875e-01,
           8.2393e-01, 7.1219e-02],
          [7.1264e-03, 2.5717e-01, 9.5820e-01,  ..., 7.7002e-01,
           8.4528e-01, 8.9826e-01]],

         ...,

         [[2.4708e-01, 5.4194e-01, 1.4119e-01,  ..., 1.8494e-01,
           4.0801e-01, 5.6493e-02],
          [2.1942e-01, 4.4114e-01, 8.8948e-01,  ..., 7.2574e-01,
           8.6891e-02, 8.2742e-01],
          [1.5713e-01, 2.5547e-02, 9.8276e-01,  ..., 8.4965e-01,
           7.6301e-01, 1.1637e-01],
          ...,
          [5.3717e-01, 9.0069e-01, 5.3228e-01,  ..., 3.9574e-02,
           8.6828e-01, 3.2524e-02],
          [4.4072e-01, 3.6488e-01, 3.0545e-01,  ..., 7.2917e-01,
           4.4399e-01, 8.5234e-01],
          [6.6318e-01, 1.6237e-01, 6.5890e-02,  ..., 6.8584e-02,
           3.1791e-01, 9.8396e-01]],

         [[5.3690e-01, 2.2966e-01, 4.9912e-01,  ..., 7.9313e-01,
           9.1808e-01, 8.1806e-01],
          [2.9032e-01, 8.9891e-01, 8.7767e-01,  ..., 5.3381e-01,
           6.1650e-01, 6.0367e-01],
          [3.4977e-01, 1.7014e-01, 3.8902e-01,  ..., 2.8389e-01,
           7.9853e-01, 2.6381e-01],
          ...,
          [1.7950e-01, 8.6486e-01, 4.6297e-01,  ..., 7.2792e-01,
           3.4663e-01, 2.6593e-01],
          [2.2761e-01, 8.7514e-01, 3.3783e-02,  ..., 1.0839e-01,
           7.0467e-01, 8.0597e-01],
          [8.0106e-01, 2.5892e-01, 7.5013e-01,  ..., 4.1054e-01,
           1.5044e-01, 8.0266e-01]],

         [[4.8601e-01, 3.8986e-01, 6.9553e-01,  ..., 2.3228e-01,
           6.3212e-01, 3.7122e-02],
          [5.4624e-02, 1.8967e-01, 9.3439e-01,  ..., 6.2021e-01,
           9.1662e-01, 1.3800e-01],
          [4.1589e-01, 4.3423e-01, 7.4609e-01,  ..., 7.2623e-01,
           7.6606e-02, 5.7271e-01],
          ...,
          [3.3578e-01, 6.7090e-01, 2.3605e-01,  ..., 6.5310e-01,
           7.4994e-01, 6.9757e-01],
          [7.3189e-01, 9.0437e-01, 6.8012e-01,  ..., 8.5165e-01,
           4.7173e-01, 9.5929e-01],
          [8.9899e-01, 3.7841e-01, 4.3815e-01,  ..., 4.0747e-01,
           2.2718e-01, 9.9665e-02]]],


        [[[9.7985e-01, 8.5605e-01, 1.0808e-01,  ..., 6.0296e-01,
           6.3204e-01, 8.2825e-01],
          [7.0292e-01, 2.2105e-01, 1.4880e-01,  ..., 7.9448e-01,
           1.7595e-02, 4.0703e-01],
          [3.2929e-02, 5.0921e-01, 9.1878e-01,  ..., 5.7185e-02,
           9.3888e-01, 6.9844e-01],
          ...,
          [6.3558e-01, 5.0827e-01, 1.1105e-01,  ..., 3.0484e-01,
           6.1118e-01, 6.2496e-01],
          [8.8676e-01, 2.0382e-01, 8.1314e-01,  ..., 2.5558e-01,
           1.6106e-01, 1.3123e-01],
          [3.3104e-01, 1.7810e-01, 3.4435e-01,  ..., 5.9070e-01,
           1.1945e-02, 1.1550e-01]],

         [[8.4870e-01, 3.2723e-01, 8.4189e-01,  ..., 8.7195e-01,
           8.7293e-01, 5.6525e-01],
          [4.2864e-01, 9.5754e-02, 2.7183e-01,  ..., 4.3047e-01,
           1.7823e-01, 9.5933e-01],
          [1.2910e-01, 6.1733e-01, 1.3523e-01,  ..., 7.2183e-01,
           2.4086e-01, 3.9230e-01],
          ...,
          [8.0984e-01, 3.7745e-01, 3.0061e-01,  ..., 2.2816e-01,
           4.1926e-01, 1.8869e-01],
          [5.5897e-01, 5.2855e-01, 7.8428e-01,  ..., 5.8020e-01,
           7.0640e-01, 9.0620e-01],
          [2.5428e-01, 1.3714e-01, 1.6876e-03,  ..., 7.9343e-01,
           4.1417e-01, 4.6920e-01]],

         [[8.0464e-01, 8.3844e-01, 5.2192e-01,  ..., 6.2464e-01,
           6.8310e-01, 4.8557e-02],
          [2.6838e-01, 8.7817e-02, 8.7982e-01,  ..., 7.8842e-01,
           6.2648e-01, 1.8850e-01],
          [7.8038e-01, 2.4440e-01, 4.4226e-01,  ..., 8.7746e-01,
           2.0371e-02, 2.3838e-01],
          ...,
          [6.5929e-01, 9.9543e-01, 6.5815e-01,  ..., 4.8675e-01,
           7.0400e-01, 6.4135e-01],
          [6.0036e-01, 6.4971e-01, 6.6722e-01,  ..., 3.2190e-01,
           4.2811e-01, 9.2158e-01],
          [1.4215e-01, 9.8033e-02, 1.6583e-01,  ..., 2.0111e-01,
           5.9430e-03, 5.6764e-01]],

         ...,

         [[3.2628e-01, 1.2272e-01, 6.6339e-01,  ..., 8.5360e-01,
           5.7454e-01, 2.3414e-01],
          [6.4423e-01, 4.9576e-01, 4.8895e-01,  ..., 8.0796e-01,
           8.9904e-01, 5.5295e-01],
          [2.7772e-03, 1.1900e-01, 1.7900e-01,  ..., 1.6000e-02,
           8.0390e-01, 9.8830e-01],
          ...,
          [9.2585e-02, 7.1248e-01, 4.2504e-01,  ..., 6.6217e-01,
           9.3014e-01, 6.4124e-01],
          [3.1209e-01, 4.6845e-01, 2.0084e-02,  ..., 9.0387e-01,
           3.7138e-01, 8.5139e-01],
          [6.1707e-01, 2.5391e-01, 2.3347e-01,  ..., 7.2610e-01,
           2.8305e-01, 6.2136e-01]],

         [[6.4957e-01, 9.6412e-01, 1.3728e-01,  ..., 9.4045e-01,
           9.0308e-01, 1.3234e-01],
          [8.5208e-01, 7.2725e-02, 6.6582e-01,  ..., 6.6365e-01,
           6.7559e-01, 5.1429e-01],
          [2.6947e-01, 4.3735e-01, 8.7948e-02,  ..., 2.1208e-01,
           2.7357e-01, 7.9565e-02],
          ...,
          [9.3391e-01, 2.9146e-01, 9.7150e-01,  ..., 5.7695e-01,
           4.9712e-01, 9.1737e-01],
          [7.8332e-01, 6.1776e-01, 1.0774e-02,  ..., 9.2653e-01,
           1.6460e-01, 4.8176e-01],
          [6.9154e-01, 5.7508e-01, 7.2382e-01,  ..., 5.1707e-01,
           9.6817e-01, 9.9497e-01]],

         [[6.0596e-01, 4.0532e-01, 1.2931e-01,  ..., 5.2066e-01,
           1.7153e-01, 5.7808e-01],
          [4.5580e-02, 8.8102e-01, 8.5034e-01,  ..., 5.4420e-02,
           6.7079e-01, 6.3810e-01],
          [2.9301e-01, 6.1281e-03, 9.0895e-01,  ..., 1.1282e-01,
           9.8646e-01, 8.4262e-01],
          ...,
          [7.3495e-01, 4.7983e-01, 3.7315e-01,  ..., 3.8758e-01,
           5.0744e-01, 1.3753e-01],
          [8.0935e-02, 8.7786e-01, 9.0137e-01,  ..., 5.4475e-01,
           6.8940e-02, 9.9398e-01],
          [9.6582e-01, 6.3376e-01, 2.2292e-01,  ..., 1.8603e-01,
           2.9012e-01, 2.3602e-01]]],


        [[[1.4176e-01, 6.9387e-01, 5.3212e-01,  ..., 5.7275e-01,
           3.6617e-01, 7.1315e-01],
          [1.7322e-01, 1.0792e-01, 4.9025e-01,  ..., 8.1625e-01,
           8.9248e-01, 8.2865e-01],
          [5.6288e-01, 7.7486e-02, 6.3893e-01,  ..., 1.0120e-01,
           4.5119e-01, 5.4919e-01],
          ...,
          [5.2509e-01, 7.6736e-01, 5.3615e-01,  ..., 4.3242e-01,
           8.0568e-01, 2.8523e-01],
          [6.7500e-01, 5.3133e-01, 5.6694e-01,  ..., 4.4495e-01,
           3.4280e-02, 5.9969e-01],
          [4.0679e-01, 5.3542e-02, 7.1562e-01,  ..., 4.8494e-01,
           8.5410e-01, 8.8107e-01]],

         [[4.2000e-01, 3.3527e-01, 5.7599e-01,  ..., 4.9046e-01,
           1.8981e-01, 3.2070e-01],
          [9.0798e-02, 9.5721e-01, 7.1839e-01,  ..., 6.1586e-01,
           4.3262e-01, 1.3606e-01],
          [6.3496e-01, 3.1226e-01, 1.2171e-01,  ..., 4.1388e-01,
           6.8407e-01, 1.5477e-01],
          ...,
          [2.2816e-01, 3.6425e-01, 3.0542e-01,  ..., 4.6138e-02,
           8.7451e-01, 9.1628e-01],
          [2.7255e-01, 6.4717e-01, 6.2258e-01,  ..., 2.7042e-01,
           9.6018e-01, 8.6803e-01],
          [3.1984e-01, 6.9051e-01, 6.6475e-02,  ..., 7.4773e-01,
           8.1161e-01, 2.5361e-01]],

         [[9.7255e-01, 8.2449e-01, 1.6994e-01,  ..., 1.9447e-01,
           2.6102e-01, 8.5596e-01],
          [2.9031e-01, 3.4934e-01, 7.8748e-01,  ..., 2.7745e-01,
           3.6928e-01, 5.3780e-02],
          [2.2995e-01, 1.1044e-01, 1.1917e-01,  ..., 6.8238e-01,
           3.3260e-01, 9.1060e-01],
          ...,
          [6.2547e-01, 8.1942e-01, 1.8704e-01,  ..., 9.2283e-01,
           2.7642e-01, 5.7226e-01],
          [3.7142e-02, 8.0067e-01, 8.9464e-01,  ..., 6.0865e-01,
           4.6490e-01, 3.4625e-01],
          [4.0763e-01, 3.9816e-01, 7.8444e-01,  ..., 2.4011e-01,
           4.0677e-02, 3.1289e-02]],

         ...,

         [[4.1335e-01, 8.0141e-01, 4.5648e-01,  ..., 3.4727e-01,
           8.3046e-01, 7.8358e-02],
          [5.3789e-01, 7.8459e-01, 6.5803e-01,  ..., 7.4251e-01,
           6.6679e-01, 2.4849e-01],
          [5.8014e-01, 9.8602e-01, 6.1563e-01,  ..., 3.9954e-01,
           7.4177e-01, 3.3620e-01],
          ...,
          [3.4383e-01, 7.2325e-01, 5.8524e-02,  ..., 2.0457e-01,
           5.8866e-01, 7.8650e-01],
          [6.3656e-01, 7.9645e-01, 2.1389e-01,  ..., 2.4619e-01,
           2.9001e-01, 2.0485e-01],
          [5.9530e-01, 2.0136e-01, 5.6959e-01,  ..., 5.7880e-01,
           4.5116e-01, 6.0818e-02]],

         [[1.6785e-01, 2.0353e-01, 4.1732e-02,  ..., 9.0921e-01,
           3.8048e-01, 8.5233e-01],
          [7.7144e-01, 5.2242e-01, 3.5001e-01,  ..., 2.8383e-01,
           5.7110e-01, 3.5815e-01],
          [7.6310e-01, 4.4397e-01, 4.7162e-01,  ..., 7.7798e-01,
           9.0711e-01, 7.1603e-01],
          ...,
          [1.4907e-01, 7.8556e-01, 4.9989e-01,  ..., 8.6236e-01,
           1.3821e-01, 8.7609e-01],
          [4.8788e-01, 5.3224e-02, 7.7381e-01,  ..., 4.7329e-01,
           2.7447e-02, 6.0668e-01],
          [7.8111e-01, 2.4748e-04, 8.4024e-01,  ..., 8.2225e-01,
           5.6573e-01, 2.0633e-01]],

         [[9.1882e-01, 4.0536e-01, 7.2211e-01,  ..., 5.1436e-01,
           9.0860e-01, 1.2454e-01],
          [9.1536e-01, 9.7697e-01, 2.3449e-01,  ..., 6.7587e-01,
           1.7821e-01, 3.2191e-01],
          [8.4221e-01, 6.4986e-01, 3.7715e-02,  ..., 8.4503e-01,
           3.9156e-01, 9.7924e-01],
          ...,
          [3.9013e-01, 7.9711e-01, 2.1692e-01,  ..., 8.7439e-01,
           5.4970e-01, 8.9519e-01],
          [4.4812e-01, 9.2538e-01, 1.8872e-01,  ..., 9.3823e-01,
           6.0577e-01, 9.1104e-01],
          [6.1162e-02, 6.0685e-01, 2.6038e-01,  ..., 1.2174e-02,
           9.2067e-01, 9.7095e-01]]]])
