tensor([[[[5.7296e-01, 1.0411e-01, 2.7566e-01,  ..., 4.6703e-01,
           3.8552e-01, 2.1023e-01],
          [6.9730e-01, 7.1762e-02, 6.9871e-01,  ..., 2.1670e-01,
           5.4645e-01, 7.0330e-01],
          [9.9497e-01, 3.0207e-01, 6.8542e-01,  ..., 8.7883e-01,
           5.1257e-01, 5.4281e-02],
          ...,
          [8.1083e-01, 9.3471e-01, 2.0336e-01,  ..., 3.4456e-03,
           5.8318e-01, 7.8643e-01],
          [7.6947e-01, 5.4196e-01, 9.3972e-01,  ..., 3.3882e-01,
           7.1369e-01, 9.0339e-01],
          [6.1751e-01, 7.9542e-01, 4.6054e-01,  ..., 8.3367e-01,
           4.3018e-01, 9.8682e-01]],

         [[9.6697e-01, 4.8219e-03, 1.6842e-02,  ..., 2.0689e-01,
           8.6027e-01, 4.1067e-01],
          [7.5755e-01, 6.9557e-01, 2.1245e-01,  ..., 2.6443e-01,
           4.1654e-01, 3.1970e-01],
          [7.7227e-01, 6.0478e-01, 5.7053e-01,  ..., 7.4588e-01,
           7.0158e-01, 7.1610e-01],
          ...,
          [1.5688e-01, 6.3975e-03, 3.3840e-01,  ..., 9.6715e-01,
           7.7516e-01, 5.8421e-01],
          [1.2467e-01, 1.8624e-01, 3.9005e-01,  ..., 9.4008e-01,
           7.8444e-01, 6.8171e-01],
          [4.6518e-01, 9.8470e-01, 8.5343e-01,  ..., 2.6424e-01,
           3.7524e-01, 6.5911e-01]],

         [[4.9267e-01, 5.1583e-01, 1.0272e-02,  ..., 2.5137e-01,
           1.1667e-01, 7.1458e-01],
          [5.1789e-01, 8.9731e-01, 9.6073e-01,  ..., 6.0318e-01,
           9.3320e-01, 9.9607e-01],
          [5.3347e-01, 4.5513e-01, 9.5040e-01,  ..., 1.2280e-01,
           5.7738e-01, 5.8833e-01],
          ...,
          [2.0292e-01, 7.4424e-01, 4.7662e-01,  ..., 5.7883e-01,
           2.4330e-01, 4.3595e-01],
          [5.6440e-01, 6.2030e-02, 7.2088e-01,  ..., 5.4112e-01,
           5.3995e-01, 4.2121e-01],
          [3.1982e-01, 4.3714e-01, 4.0830e-01,  ..., 6.4020e-01,
           2.5334e-01, 3.9878e-01]],

         ...,

         [[4.5020e-01, 2.9330e-01, 9.3575e-01,  ..., 5.6568e-02,
           2.9381e-01, 1.5762e-01],
          [6.7024e-01, 4.6129e-01, 5.2981e-01,  ..., 4.4003e-01,
           6.4591e-01, 3.1262e-01],
          [4.7407e-01, 8.3284e-01, 8.1106e-01,  ..., 9.9523e-01,
           8.7638e-01, 3.6662e-01],
          ...,
          [6.2386e-01, 5.3683e-01, 1.1960e-02,  ..., 2.0001e-01,
           2.0585e-02, 2.5605e-01],
          [4.3306e-01, 8.5936e-03, 2.8641e-01,  ..., 1.7281e-01,
           9.1246e-01, 1.8367e-01],
          [6.5190e-01, 2.7790e-01, 4.4997e-01,  ..., 7.4969e-01,
           8.6602e-01, 4.3443e-01]],

         [[7.6411e-01, 4.8788e-02, 4.7101e-01,  ..., 1.1089e-01,
           2.9132e-01, 7.2244e-01],
          [5.1356e-01, 9.1720e-01, 4.6134e-01,  ..., 2.1039e-01,
           2.5656e-01, 5.4423e-02],
          [1.6934e-01, 7.4324e-01, 9.0056e-01,  ..., 6.9378e-01,
           6.3151e-01, 4.7135e-01],
          ...,
          [5.2962e-01, 8.2907e-01, 9.8059e-01,  ..., 8.1751e-01,
           6.1566e-01, 8.3989e-01],
          [1.9596e-01, 4.7077e-01, 2.7286e-01,  ..., 9.1798e-01,
           2.2999e-01, 7.0097e-01],
          [5.1076e-01, 4.6857e-01, 8.1369e-01,  ..., 5.2791e-01,
           1.9151e-02, 4.1536e-01]],

         [[4.8220e-01, 5.1120e-01, 4.0543e-01,  ..., 1.0883e-01,
           3.0813e-01, 3.9235e-01],
          [4.5293e-01, 6.2110e-01, 7.8472e-01,  ..., 6.2443e-01,
           9.1934e-01, 6.0349e-01],
          [2.3197e-01, 8.4234e-01, 7.2932e-01,  ..., 7.4518e-01,
           5.5453e-01, 4.6859e-01],
          ...,
          [2.5982e-01, 8.3434e-01, 5.9093e-01,  ..., 2.9448e-01,
           3.5541e-01, 6.9128e-01],
          [7.2064e-01, 8.1573e-01, 5.1859e-01,  ..., 6.1829e-01,
           3.0059e-01, 7.0651e-01],
          [9.6163e-01, 2.7895e-01, 3.3673e-01,  ..., 4.4346e-01,
           9.3867e-01, 1.6158e-01]]],


        [[[3.5497e-01, 4.3590e-01, 2.5608e-01,  ..., 6.7467e-01,
           5.8637e-01, 6.8633e-01],
          [7.2293e-01, 8.5254e-01, 9.5445e-03,  ..., 8.4832e-01,
           7.4110e-02, 5.4862e-01],
          [8.9839e-01, 4.9820e-01, 6.8279e-01,  ..., 9.7665e-01,
           2.3681e-01, 5.1711e-01],
          ...,
          [3.6476e-01, 3.3324e-01, 6.7848e-01,  ..., 6.4998e-03,
           7.3125e-01, 3.0725e-01],
          [6.2519e-01, 7.4282e-01, 3.9279e-01,  ..., 5.9345e-01,
           3.5838e-01, 6.9344e-01],
          [7.4359e-01, 1.4992e-01, 2.3178e-01,  ..., 7.0999e-02,
           2.4145e-01, 9.3860e-01]],

         [[4.3821e-01, 1.6902e-01, 2.9897e-01,  ..., 2.3930e-01,
           9.4126e-01, 1.8425e-01],
          [8.7169e-01, 7.9653e-01, 2.6067e-01,  ..., 1.5933e-01,
           6.4787e-01, 9.8167e-01],
          [3.9800e-01, 5.9795e-01, 5.2317e-02,  ..., 6.1406e-01,
           5.0172e-02, 5.4442e-02],
          ...,
          [4.5273e-01, 7.0922e-01, 3.2485e-01,  ..., 4.4344e-01,
           9.8791e-01, 5.5444e-01],
          [8.9308e-01, 3.3086e-01, 2.6528e-01,  ..., 6.8027e-01,
           5.8291e-01, 5.7306e-01],
          [6.6342e-01, 6.2748e-01, 5.0580e-01,  ..., 1.7664e-01,
           1.0634e-01, 8.5466e-01]],

         [[1.2583e-01, 5.2040e-01, 7.5229e-01,  ..., 4.7365e-01,
           1.5623e-01, 7.0726e-01],
          [8.1512e-01, 4.1184e-02, 1.3442e-01,  ..., 1.8646e-01,
           9.3637e-01, 5.8128e-01],
          [5.9149e-01, 1.8194e-01, 8.8030e-01,  ..., 6.0349e-01,
           7.8026e-02, 4.3203e-01],
          ...,
          [6.0487e-02, 6.8044e-01, 4.9193e-01,  ..., 8.2408e-01,
           7.5832e-01, 8.4263e-01],
          [7.9439e-01, 9.1899e-01, 7.0490e-01,  ..., 7.0367e-01,
           1.5857e-01, 3.3630e-01],
          [6.8758e-01, 5.3972e-01, 8.9867e-03,  ..., 4.5838e-01,
           3.8160e-01, 8.9982e-01]],

         ...,

         [[8.9252e-01, 6.6911e-01, 8.5308e-01,  ..., 5.2095e-01,
           1.8771e-01, 7.1785e-02],
          [2.1316e-01, 8.8993e-01, 5.5128e-01,  ..., 1.6688e-01,
           4.4266e-01, 1.2543e-01],
          [1.6899e-01, 8.7205e-02, 1.4341e-01,  ..., 5.3510e-01,
           2.8374e-01, 7.6512e-01],
          ...,
          [3.5308e-01, 1.3874e-01, 1.2790e-01,  ..., 1.4233e-02,
           8.2991e-02, 3.3374e-02],
          [3.1321e-01, 3.0553e-02, 6.3012e-01,  ..., 2.8669e-01,
           4.6310e-01, 8.5442e-01],
          [3.4719e-01, 9.1894e-01, 4.3046e-01,  ..., 3.2301e-01,
           3.6627e-02, 5.0072e-01]],

         [[1.1234e-01, 5.4548e-01, 4.1686e-01,  ..., 3.4641e-01,
           6.1041e-01, 6.4215e-01],
          [1.7910e-01, 8.1497e-01, 8.6341e-01,  ..., 6.1873e-01,
           6.7101e-02, 3.7070e-01],
          [8.5021e-01, 4.4782e-01, 3.6298e-01,  ..., 2.0507e-01,
           1.1083e-01, 5.7286e-01],
          ...,
          [5.5713e-01, 7.2459e-02, 7.2792e-01,  ..., 3.4117e-01,
           8.4292e-01, 1.4059e-02],
          [1.1590e-01, 3.7422e-01, 3.8822e-01,  ..., 6.3652e-01,
           6.7717e-02, 2.2315e-01],
          [9.8845e-01, 9.0145e-01, 5.5691e-01,  ..., 9.5511e-01,
           2.2201e-01, 9.7162e-01]],

         [[9.5786e-01, 7.7989e-01, 2.8415e-01,  ..., 8.7528e-01,
           6.9227e-01, 1.1838e-01],
          [9.3566e-01, 6.7335e-01, 9.9001e-01,  ..., 4.8858e-01,
           7.6834e-01, 4.0052e-02],
          [2.0218e-01, 1.4037e-01, 7.3301e-01,  ..., 1.0163e-02,
           6.8148e-01, 7.1126e-01],
          ...,
          [7.9032e-01, 7.6996e-02, 9.0225e-01,  ..., 5.9066e-01,
           8.0690e-01, 7.1947e-01],
          [3.4407e-01, 8.3313e-01, 9.6577e-01,  ..., 8.4524e-01,
           1.8214e-01, 3.8070e-01],
          [8.9006e-01, 3.0461e-01, 6.0997e-01,  ..., 1.0190e-01,
           7.5354e-01, 2.7245e-01]]],


        [[[6.6218e-01, 4.9464e-01, 7.8997e-01,  ..., 6.4185e-01,
           4.4880e-01, 1.5527e-01],
          [6.9665e-02, 6.1414e-01, 8.3730e-01,  ..., 3.7920e-01,
           9.1623e-01, 5.0640e-01],
          [1.6389e-01, 1.0126e-01, 6.9100e-01,  ..., 9.4306e-01,
           1.2834e-02, 2.2732e-01],
          ...,
          [9.9301e-01, 6.4728e-01, 1.4827e-01,  ..., 3.5530e-01,
           3.1639e-01, 5.5838e-01],
          [1.2435e-02, 2.6626e-01, 4.5206e-01,  ..., 5.7037e-01,
           9.1021e-01, 7.7930e-01],
          [5.5823e-01, 1.4598e-01, 9.1799e-01,  ..., 5.4366e-01,
           2.7543e-01, 9.0283e-02]],

         [[5.4534e-01, 2.0489e-01, 4.8225e-01,  ..., 4.1301e-01,
           4.8304e-01, 8.9095e-01],
          [2.1654e-01, 5.9088e-01, 8.5647e-01,  ..., 1.9300e-01,
           6.6263e-01, 7.6167e-01],
          [1.3361e-01, 5.4642e-02, 5.1032e-01,  ..., 6.5287e-01,
           8.4526e-01, 9.5217e-01],
          ...,
          [8.6990e-02, 6.0316e-03, 8.1664e-01,  ..., 3.8031e-01,
           4.7561e-01, 5.6457e-01],
          [9.1546e-02, 8.8999e-01, 3.8059e-01,  ..., 7.8328e-01,
           8.1672e-01, 5.1595e-01],
          [7.6406e-01, 8.7195e-01, 7.8964e-04,  ..., 4.1878e-01,
           2.7992e-01, 3.5167e-01]],

         [[4.1371e-01, 6.3245e-01, 7.0613e-01,  ..., 6.6819e-02,
           3.5984e-01, 6.1269e-01],
          [5.2468e-01, 7.9792e-01, 6.3001e-01,  ..., 6.3576e-01,
           9.9357e-01, 5.2685e-01],
          [5.8408e-02, 4.0973e-01, 2.4152e-01,  ..., 8.1224e-02,
           5.5858e-01, 2.4448e-01],
          ...,
          [8.0780e-01, 3.4473e-01, 4.0422e-01,  ..., 3.3807e-01,
           4.3376e-01, 2.5364e-01],
          [1.7606e-01, 3.7659e-01, 4.0923e-01,  ..., 7.1155e-01,
           6.6787e-01, 3.6198e-01],
          [9.0006e-01, 9.9522e-01, 5.9066e-01,  ..., 4.7511e-01,
           9.1358e-01, 1.3346e-01]],

         ...,

         [[9.7631e-01, 1.8616e-01, 2.7633e-01,  ..., 7.2143e-01,
           1.2000e-01, 4.7497e-01],
          [8.0638e-01, 4.0696e-01, 7.0854e-01,  ..., 1.5426e-01,
           7.4518e-02, 6.2791e-01],
          [1.7185e-01, 4.8990e-01, 2.6260e-01,  ..., 1.3380e-01,
           5.8511e-01, 6.2429e-01],
          ...,
          [8.8639e-01, 7.9103e-01, 8.3808e-01,  ..., 8.7158e-01,
           9.3689e-01, 4.2478e-01],
          [5.8023e-01, 3.6507e-01, 5.3354e-01,  ..., 9.3513e-01,
           6.1614e-01, 3.2467e-01],
          [1.6187e-01, 5.0821e-01, 3.6858e-01,  ..., 8.5447e-01,
           2.0900e-01, 9.4846e-01]],

         [[3.3089e-02, 5.1658e-01, 6.0656e-01,  ..., 6.4287e-01,
           6.4938e-01, 3.6178e-01],
          [4.7583e-01, 8.0411e-01, 4.5882e-01,  ..., 3.5891e-01,
           4.1615e-01, 9.6439e-01],
          [9.4020e-01, 1.8725e-01, 6.2794e-01,  ..., 9.1722e-02,
           6.3995e-01, 9.0565e-01],
          ...,
          [5.8835e-01, 4.7003e-01, 4.2900e-01,  ..., 8.5681e-02,
           7.5587e-01, 6.7761e-01],
          [8.0351e-01, 8.1360e-01, 4.8041e-01,  ..., 5.6101e-01,
           9.3509e-01, 1.0971e-01],
          [1.2115e-01, 8.5326e-01, 8.2762e-01,  ..., 2.5375e-01,
           1.1812e-01, 8.3513e-01]],

         [[3.6806e-01, 5.1282e-01, 7.8934e-01,  ..., 7.0577e-01,
           5.2318e-02, 9.7869e-01],
          [4.5243e-01, 9.6658e-01, 9.9451e-01,  ..., 1.7908e-01,
           9.2309e-01, 5.1702e-01],
          [3.6625e-01, 4.3523e-01, 8.9126e-01,  ..., 7.6708e-01,
           9.2576e-01, 6.9379e-01],
          ...,
          [9.7555e-01, 4.6356e-01, 3.0137e-01,  ..., 3.5499e-01,
           2.9906e-01, 7.7894e-01],
          [8.5312e-01, 6.2875e-01, 5.7126e-01,  ..., 4.3164e-02,
           3.3392e-01, 8.9056e-01],
          [4.2306e-01, 7.5710e-01, 5.2065e-01,  ..., 5.1654e-01,
           7.3926e-02, 2.8158e-01]]],


        ...,


        [[[9.9880e-01, 4.3703e-02, 3.4044e-01,  ..., 3.3856e-01,
           7.9728e-01, 7.1987e-01],
          [6.8393e-01, 1.3854e-01, 6.6171e-01,  ..., 7.9657e-01,
           8.5521e-01, 6.4598e-01],
          [8.8555e-01, 4.1534e-01, 5.6419e-01,  ..., 7.5026e-01,
           9.9386e-01, 1.8718e-01],
          ...,
          [8.0713e-01, 8.0089e-01, 8.0741e-01,  ..., 3.4592e-01,
           1.0079e-01, 4.9584e-01],
          [6.3577e-02, 1.4589e-02, 4.0846e-01,  ..., 5.6964e-01,
           1.6368e-01, 8.7594e-01],
          [3.9701e-01, 8.7382e-01, 9.0988e-01,  ..., 7.5985e-01,
           9.2678e-01, 9.2176e-01]],

         [[6.9043e-01, 1.1613e-01, 4.7673e-01,  ..., 5.5632e-01,
           8.0408e-01, 5.5011e-01],
          [2.4968e-02, 1.9967e-01, 6.0588e-01,  ..., 3.6990e-01,
           5.6861e-01, 9.2993e-01],
          [7.0055e-01, 1.9317e-01, 8.4477e-01,  ..., 9.3430e-01,
           2.5293e-01, 5.5070e-02],
          ...,
          [8.5059e-02, 9.1404e-01, 4.0323e-01,  ..., 3.1429e-01,
           6.8224e-01, 8.2078e-01],
          [9.1907e-01, 6.6617e-01, 4.9552e-01,  ..., 4.2800e-01,
           4.7110e-02, 6.2734e-01],
          [4.9508e-01, 3.2173e-01, 4.8555e-01,  ..., 9.3535e-01,
           5.8757e-01, 3.4262e-01]],

         [[7.6598e-01, 6.0266e-01, 3.5807e-01,  ..., 7.6302e-01,
           2.7009e-01, 2.7399e-01],
          [5.4159e-01, 7.7747e-01, 3.6471e-01,  ..., 6.7939e-01,
           6.2506e-01, 7.8584e-01],
          [5.4663e-01, 9.5240e-01, 1.1034e-01,  ..., 8.2195e-01,
           5.4591e-01, 9.8581e-01],
          ...,
          [1.5574e-01, 9.9100e-01, 9.4439e-01,  ..., 2.4445e-01,
           3.1058e-01, 3.9978e-01],
          [6.5246e-01, 3.5732e-01, 5.1763e-01,  ..., 2.6940e-01,
           3.9285e-01, 8.3926e-01],
          [1.6298e-01, 4.5804e-01, 6.7062e-01,  ..., 4.9749e-01,
           2.1052e-01, 6.0934e-02]],

         ...,

         [[6.9967e-01, 7.4663e-01, 7.7848e-01,  ..., 2.9473e-01,
           8.4743e-01, 5.2789e-01],
          [2.9380e-01, 2.6937e-01, 2.5453e-01,  ..., 8.9361e-01,
           4.2746e-01, 3.9677e-01],
          [4.9567e-01, 9.8309e-01, 5.1822e-01,  ..., 2.3729e-01,
           2.0065e-01, 4.9790e-02],
          ...,
          [6.7645e-01, 9.9704e-01, 2.9973e-01,  ..., 5.2175e-02,
           4.7735e-01, 2.2608e-01],
          [4.9662e-01, 6.3921e-02, 9.0236e-01,  ..., 7.0604e-01,
           7.5345e-01, 3.4542e-01],
          [2.3033e-01, 3.9187e-02, 1.0952e-01,  ..., 7.7972e-02,
           3.4972e-01, 9.9681e-01]],

         [[7.9897e-01, 3.1094e-01, 7.3766e-01,  ..., 6.1159e-01,
           7.9257e-01, 8.3356e-01],
          [7.9710e-01, 5.9794e-01, 5.0978e-01,  ..., 5.0566e-01,
           4.0792e-02, 4.4695e-01],
          [4.5427e-01, 6.9949e-01, 6.8958e-01,  ..., 7.8389e-01,
           2.0211e-01, 4.5641e-01],
          ...,
          [9.5120e-01, 5.0530e-01, 1.9301e-01,  ..., 5.9921e-01,
           9.8535e-01, 5.5743e-01],
          [7.2021e-01, 3.8100e-02, 2.1559e-01,  ..., 3.6607e-01,
           8.9224e-01, 2.2136e-01],
          [9.3918e-01, 2.4401e-01, 6.1729e-01,  ..., 5.1910e-01,
           3.8663e-03, 2.6485e-02]],

         [[8.7725e-03, 4.8711e-01, 4.9843e-01,  ..., 4.9838e-01,
           5.1183e-01, 3.8495e-01],
          [4.1394e-01, 4.8408e-01, 3.5828e-01,  ..., 4.1013e-01,
           6.5664e-01, 5.8702e-01],
          [5.9628e-02, 1.1174e-02, 6.3880e-01,  ..., 7.9672e-02,
           6.4069e-01, 5.4599e-02],
          ...,
          [4.5787e-01, 3.3292e-01, 9.6632e-01,  ..., 2.8309e-02,
           2.8692e-01, 1.9028e-01],
          [2.0505e-02, 3.8665e-01, 6.6645e-01,  ..., 8.8869e-01,
           2.3125e-01, 5.9308e-01],
          [9.3092e-01, 1.1791e-01, 1.2544e-01,  ..., 4.8953e-01,
           2.5433e-02, 4.9898e-01]]],


        [[[7.0233e-01, 2.1864e-01, 9.9119e-01,  ..., 5.6803e-01,
           6.0384e-01, 1.1016e-02],
          [9.0770e-01, 4.0441e-01, 4.6701e-01,  ..., 1.3818e-01,
           3.7174e-01, 6.6486e-02],
          [9.9286e-01, 3.9872e-01, 8.4875e-01,  ..., 7.8833e-01,
           3.5484e-01, 4.7651e-01],
          ...,
          [8.7527e-01, 7.0396e-01, 1.9386e-01,  ..., 7.7967e-01,
           7.4052e-01, 1.3953e-01],
          [8.0212e-01, 5.0856e-01, 6.0387e-01,  ..., 3.6960e-01,
           4.4735e-01, 2.2586e-01],
          [6.7875e-01, 1.8036e-01, 4.5291e-01,  ..., 5.8550e-01,
           8.0145e-01, 8.0275e-01]],

         [[4.0084e-01, 8.8398e-01, 5.2672e-01,  ..., 7.3844e-01,
           6.0344e-01, 9.9910e-01],
          [7.1308e-01, 7.4115e-01, 2.0818e-01,  ..., 1.5430e-01,
           2.7973e-01, 7.3019e-01],
          [3.1311e-01, 5.4082e-01, 3.3672e-01,  ..., 7.6825e-01,
           2.7747e-02, 7.6288e-01],
          ...,
          [4.7984e-01, 4.3598e-02, 6.6491e-02,  ..., 2.5681e-01,
           7.5197e-01, 1.1110e-01],
          [9.1532e-01, 7.8923e-01, 8.0905e-01,  ..., 7.9830e-01,
           9.6956e-01, 6.7913e-01],
          [8.1909e-01, 7.6852e-01, 9.3777e-01,  ..., 7.5773e-02,
           4.1072e-01, 8.5100e-01]],

         [[7.7161e-01, 9.6227e-01, 4.6973e-01,  ..., 9.0169e-02,
           8.5788e-01, 5.4592e-01],
          [3.5306e-01, 6.5813e-01, 9.8124e-01,  ..., 5.9286e-01,
           2.8817e-01, 2.6345e-01],
          [4.8799e-02, 8.3673e-01, 2.2447e-01,  ..., 4.6427e-01,
           5.8927e-01, 6.2950e-01],
          ...,
          [1.1967e-01, 7.1974e-01, 2.8875e-01,  ..., 9.0588e-01,
           6.9900e-01, 7.8582e-01],
          [3.4857e-01, 8.7498e-02, 9.2772e-01,  ..., 7.9311e-02,
           5.8625e-01, 4.5096e-01],
          [4.6654e-01, 7.1245e-02, 9.9967e-01,  ..., 6.2112e-01,
           8.5249e-01, 4.3332e-01]],

         ...,

         [[2.7227e-01, 1.3939e-01, 7.0523e-01,  ..., 3.2965e-01,
           4.2403e-01, 3.1650e-01],
          [2.6455e-01, 2.4707e-01, 6.4186e-01,  ..., 3.1598e-02,
           7.7619e-01, 2.6497e-01],
          [9.5942e-01, 8.3455e-01, 2.6109e-01,  ..., 2.8715e-01,
           6.4916e-01, 3.4750e-01],
          ...,
          [7.5533e-01, 5.6529e-01, 8.9099e-02,  ..., 5.6857e-01,
           8.3668e-01, 1.6984e-01],
          [4.8178e-01, 5.6611e-01, 4.6817e-01,  ..., 5.3130e-01,
           2.4648e-01, 6.0734e-01],
          [9.7798e-01, 6.0896e-01, 7.8007e-01,  ..., 6.3267e-01,
           9.5272e-01, 3.6272e-01]],

         [[3.7935e-01, 1.6163e-02, 4.9947e-01,  ..., 5.0918e-01,
           4.2583e-01, 2.2346e-01],
          [8.3628e-01, 9.3580e-01, 6.4766e-01,  ..., 5.4090e-01,
           7.8168e-01, 2.6214e-01],
          [1.1138e-01, 3.4699e-01, 7.5056e-01,  ..., 8.3421e-02,
           4.2774e-01, 8.5519e-01],
          ...,
          [6.1389e-01, 4.2948e-01, 1.6816e-01,  ..., 9.0676e-02,
           6.0500e-01, 1.4819e-01],
          [6.9063e-01, 9.8303e-01, 2.9254e-01,  ..., 9.1028e-02,
           5.6927e-02, 8.7332e-01],
          [9.8642e-01, 9.5198e-01, 9.2054e-01,  ..., 6.3387e-01,
           9.4483e-01, 8.3470e-01]],

         [[9.1312e-01, 5.2845e-01, 1.3334e-01,  ..., 3.8263e-01,
           7.1547e-01, 4.0348e-01],
          [5.4756e-02, 7.3861e-01, 8.1665e-01,  ..., 9.3523e-01,
           2.6428e-01, 3.1410e-01],
          [2.9258e-01, 3.2247e-01, 8.8982e-01,  ..., 6.2912e-02,
           3.9260e-01, 1.1619e-01],
          ...,
          [8.9934e-01, 7.0020e-01, 3.1827e-01,  ..., 4.6749e-01,
           8.5549e-01, 3.4053e-01],
          [9.6755e-01, 2.4203e-02, 2.6334e-01,  ..., 3.8550e-01,
           2.9276e-01, 1.3729e-01],
          [1.3474e-01, 1.4819e-01, 2.9376e-01,  ..., 9.4549e-01,
           2.7494e-01, 6.5741e-01]]],


        [[[7.8670e-01, 1.2780e-01, 4.2316e-01,  ..., 6.2272e-01,
           2.0508e-01, 4.6445e-01],
          [8.9931e-01, 9.5364e-01, 5.2577e-01,  ..., 9.2056e-01,
           2.9966e-01, 7.1037e-01],
          [5.5917e-01, 6.7604e-01, 8.7063e-01,  ..., 1.9194e-02,
           6.5751e-01, 8.0043e-01],
          ...,
          [2.6730e-01, 1.5486e-01, 6.9113e-02,  ..., 7.4132e-02,
           5.6382e-01, 7.7746e-01],
          [3.9301e-01, 9.3326e-01, 5.2888e-01,  ..., 9.8996e-01,
           9.7108e-01, 1.9121e-01],
          [5.9833e-01, 6.5554e-01, 8.0979e-01,  ..., 6.3513e-01,
           1.2286e-01, 6.2109e-01]],

         [[6.1023e-02, 9.4656e-01, 3.7763e-01,  ..., 7.9229e-01,
           6.4120e-02, 1.1814e-02],
          [4.2963e-01, 4.0230e-01, 1.0893e-01,  ..., 3.9346e-01,
           2.8323e-01, 7.9265e-01],
          [7.7266e-01, 1.6543e-01, 4.5150e-02,  ..., 5.3726e-01,
           1.7259e-01, 7.4031e-01],
          ...,
          [2.0667e-01, 3.7656e-01, 3.2981e-01,  ..., 8.6490e-02,
           6.8721e-02, 1.7515e-01],
          [8.7898e-01, 1.6715e-01, 8.4654e-01,  ..., 7.9215e-01,
           4.8397e-01, 2.5285e-01],
          [6.3642e-01, 4.6986e-03, 2.5084e-01,  ..., 8.4674e-01,
           3.2121e-01, 1.3924e-01]],

         [[6.3654e-01, 4.9596e-01, 9.7452e-01,  ..., 3.3034e-01,
           7.1416e-01, 3.5373e-01],
          [1.3922e-01, 6.9209e-01, 2.4133e-01,  ..., 5.8088e-02,
           3.5704e-01, 4.5387e-02],
          [3.3736e-03, 5.4028e-01, 9.7854e-01,  ..., 1.5379e-01,
           1.1756e-01, 4.6945e-01],
          ...,
          [3.7283e-01, 5.3283e-01, 2.5937e-01,  ..., 7.5732e-01,
           7.1113e-01, 1.4973e-01],
          [8.1338e-01, 4.4963e-01, 8.1582e-01,  ..., 7.6069e-01,
           7.2235e-01, 7.6376e-01],
          [7.1604e-01, 3.7067e-01, 4.5811e-01,  ..., 5.5836e-01,
           5.3559e-01, 6.8565e-01]],

         ...,

         [[4.6138e-01, 1.6256e-01, 9.8465e-02,  ..., 5.1258e-01,
           4.3687e-01, 6.8433e-01],
          [8.6482e-01, 2.4830e-01, 5.6437e-01,  ..., 3.9066e-01,
           8.9298e-01, 2.8323e-01],
          [1.3437e-01, 6.9679e-02, 4.0652e-01,  ..., 2.2127e-01,
           7.6058e-01, 3.9588e-01],
          ...,
          [3.6867e-01, 5.9273e-01, 4.8296e-01,  ..., 1.6658e-01,
           2.2650e-01, 7.0914e-01],
          [5.6787e-01, 6.9643e-01, 8.9250e-01,  ..., 3.4178e-02,
           3.7905e-01, 4.1772e-01],
          [7.3193e-01, 5.7031e-01, 8.1085e-01,  ..., 8.4643e-01,
           8.6917e-01, 7.8005e-02]],

         [[7.9250e-01, 5.6189e-01, 8.8085e-01,  ..., 4.6300e-01,
           3.8974e-03, 6.1076e-01],
          [3.4535e-02, 9.2980e-01, 5.5636e-01,  ..., 5.9079e-01,
           2.9347e-02, 6.5155e-01],
          [3.1050e-01, 8.4423e-01, 6.4693e-01,  ..., 2.7458e-01,
           3.3111e-01, 9.7802e-01],
          ...,
          [3.2304e-01, 5.4092e-01, 3.7956e-01,  ..., 1.4469e-01,
           2.6372e-01, 4.6059e-01],
          [9.1240e-01, 6.8658e-01, 8.6059e-01,  ..., 6.6542e-01,
           3.5279e-01, 4.3479e-01],
          [7.2915e-01, 9.4247e-01, 2.4654e-01,  ..., 8.8440e-01,
           1.8218e-01, 1.5529e-01]],

         [[8.2001e-01, 2.7258e-01, 6.1283e-01,  ..., 2.5969e-01,
           4.7476e-01, 8.5343e-01],
          [5.4395e-01, 1.5818e-01, 9.5680e-01,  ..., 5.1092e-01,
           2.7621e-01, 3.6015e-01],
          [7.6620e-01, 2.8088e-01, 1.1874e-01,  ..., 9.9993e-03,
           6.3987e-01, 7.2731e-01],
          ...,
          [5.7900e-01, 9.5066e-01, 9.6634e-01,  ..., 9.7077e-01,
           1.9654e-01, 5.5648e-01],
          [4.8690e-01, 7.3173e-01, 6.9124e-01,  ..., 2.2153e-01,
           3.4050e-02, 1.3979e-01],
          [9.7112e-01, 2.5314e-01, 2.0203e-01,  ..., 5.5720e-02,
           3.0316e-02, 5.8226e-02]]]])
