tensor([[[[8.9639e-01, 5.8644e-01, 5.6534e-01,  ..., 2.5188e-01,
           4.5694e-01, 5.9207e-01],
          [4.0912e-02, 3.0714e-01, 7.2342e-01,  ..., 4.4198e-01,
           7.6481e-01, 3.4721e-01],
          [7.7459e-01, 3.1934e-01, 8.2948e-01,  ..., 9.8158e-02,
           4.7562e-01, 8.0515e-01],
          ...,
          [6.0397e-01, 6.0728e-01, 9.3767e-01,  ..., 9.1265e-01,
           3.2385e-01, 4.5303e-01],
          [7.5732e-01, 1.7580e-01, 2.6837e-01,  ..., 7.0453e-01,
           4.1384e-01, 2.5440e-01],
          [5.5864e-01, 9.9767e-02, 6.3924e-01,  ..., 1.0271e-01,
           2.3333e-01, 2.4975e-02]],

         [[5.8550e-01, 6.3017e-01, 4.2009e-01,  ..., 6.2364e-02,
           9.6290e-01, 6.6094e-01],
          [8.8421e-01, 1.7992e-01, 8.9873e-01,  ..., 2.3012e-01,
           5.0581e-01, 6.1732e-01],
          [9.0770e-01, 7.9114e-01, 4.5097e-01,  ..., 7.7104e-01,
           6.4578e-02, 8.5016e-01],
          ...,
          [9.1746e-01, 1.5877e-01, 4.8127e-01,  ..., 7.6779e-01,
           8.3328e-01, 2.4309e-01],
          [2.6426e-01, 8.3762e-01, 4.5760e-01,  ..., 4.3099e-01,
           9.0727e-01, 3.5086e-01],
          [3.3633e-01, 4.9468e-01, 4.3806e-01,  ..., 1.8481e-01,
           8.7312e-01, 7.7287e-01]],

         [[1.1801e-01, 5.4074e-01, 9.9613e-01,  ..., 7.7204e-01,
           9.4764e-01, 1.1997e-01],
          [2.4216e-01, 3.6836e-01, 4.2367e-01,  ..., 3.2266e-01,
           4.5481e-01, 1.8820e-01],
          [8.4548e-02, 4.4668e-01, 7.1691e-02,  ..., 9.5439e-01,
           2.8619e-01, 6.0076e-01],
          ...,
          [2.8281e-01, 2.6604e-01, 8.8686e-01,  ..., 8.4722e-01,
           9.2804e-01, 4.2619e-01],
          [1.1215e-01, 4.4014e-01, 7.9803e-01,  ..., 4.3942e-02,
           1.8461e-01, 1.5972e-01],
          [2.0087e-01, 5.1792e-01, 5.2471e-01,  ..., 6.1141e-01,
           1.6367e-03, 2.6632e-01]],

         ...,

         [[3.6713e-02, 2.5364e-01, 4.6279e-01,  ..., 2.5938e-01,
           5.9387e-01, 5.0430e-01],
          [5.8646e-01, 5.0366e-01, 2.3796e-02,  ..., 5.9163e-01,
           1.1099e-01, 8.5835e-01],
          [3.0662e-01, 9.0748e-01, 8.7278e-01,  ..., 8.5020e-01,
           4.7223e-01, 3.6642e-02],
          ...,
          [7.8717e-01, 6.7198e-01, 2.6180e-01,  ..., 9.3718e-01,
           5.9313e-01, 9.7159e-02],
          [7.3167e-01, 5.5250e-01, 6.6157e-01,  ..., 7.4698e-01,
           1.2285e-01, 3.2377e-01],
          [7.8539e-01, 6.3488e-01, 4.7636e-01,  ..., 2.2700e-01,
           9.5546e-01, 7.0274e-01]],

         [[2.3292e-01, 5.6143e-01, 2.7751e-01,  ..., 8.2701e-01,
           4.2945e-01, 8.6238e-01],
          [8.1073e-02, 9.0032e-01, 7.9315e-01,  ..., 6.2781e-01,
           2.5898e-01, 7.3782e-01],
          [5.0524e-01, 9.7369e-01, 3.3690e-01,  ..., 9.0313e-01,
           6.6375e-01, 2.0991e-01],
          ...,
          [8.3473e-01, 4.9975e-02, 8.9041e-01,  ..., 1.5629e-01,
           2.9209e-01, 1.4830e-01],
          [7.7207e-01, 3.6265e-01, 3.3357e-01,  ..., 1.6165e-01,
           4.1598e-01, 9.1249e-04],
          [1.8431e-01, 4.2274e-01, 7.1235e-01,  ..., 9.4321e-01,
           8.9230e-01, 8.5214e-01]],

         [[3.8683e-01, 9.2665e-01, 4.3024e-02,  ..., 8.9463e-02,
           9.9578e-01, 9.4870e-01],
          [3.2007e-01, 1.2693e-01, 6.7061e-01,  ..., 4.9634e-01,
           7.4002e-01, 7.1701e-01],
          [3.8336e-01, 4.1382e-01, 6.3807e-01,  ..., 2.9383e-01,
           2.4625e-01, 1.6542e-01],
          ...,
          [1.9196e-01, 4.0571e-01, 8.1685e-01,  ..., 6.1903e-01,
           7.4326e-02, 6.9730e-01],
          [6.0162e-01, 1.9910e-02, 5.6457e-01,  ..., 7.3747e-01,
           2.5381e-01, 4.5370e-01],
          [3.2450e-01, 9.6854e-01, 3.8863e-01,  ..., 3.4801e-01,
           6.7758e-01, 6.8214e-01]]],


        [[[2.7345e-01, 4.5316e-01, 9.5631e-01,  ..., 2.0872e-01,
           6.9756e-01, 1.2368e-01],
          [2.3963e-01, 2.5120e-01, 2.1040e-01,  ..., 5.0998e-02,
           1.2006e-01, 7.8458e-01],
          [2.4430e-01, 6.2499e-01, 4.2352e-02,  ..., 5.7382e-01,
           3.1098e-01, 2.0556e-01],
          ...,
          [6.1798e-01, 5.8302e-01, 1.0333e-01,  ..., 9.4220e-02,
           9.6588e-01, 4.2258e-01],
          [7.6175e-01, 6.1678e-01, 7.1643e-01,  ..., 1.8426e-01,
           7.6265e-03, 2.9194e-01],
          [2.6794e-01, 9.7327e-01, 8.9388e-01,  ..., 6.2722e-01,
           5.7066e-01, 4.9216e-01]],

         [[6.3138e-01, 4.5575e-01, 3.5645e-01,  ..., 1.0639e-01,
           6.2894e-01, 4.5122e-01],
          [2.5487e-01, 2.9117e-01, 5.4735e-01,  ..., 8.5886e-01,
           2.3730e-01, 7.4258e-01],
          [1.4041e-01, 2.2552e-01, 3.9116e-01,  ..., 2.4235e-01,
           8.3865e-01, 6.7504e-01],
          ...,
          [1.7021e-01, 6.0952e-01, 2.7048e-01,  ..., 9.2117e-01,
           3.0192e-01, 3.6405e-01],
          [2.4390e-01, 2.2626e-01, 6.3439e-01,  ..., 7.9473e-01,
           3.8262e-01, 2.3261e-01],
          [8.9354e-01, 3.7200e-01, 5.3891e-02,  ..., 3.8307e-01,
           8.9138e-01, 6.1032e-01]],

         [[2.5164e-01, 2.1199e-01, 8.1967e-01,  ..., 1.1401e-01,
           4.3071e-01, 1.9929e-01],
          [2.3389e-01, 6.1609e-01, 1.6941e-01,  ..., 8.6528e-01,
           8.8191e-01, 1.2565e-01],
          [4.3406e-01, 1.2355e-02, 1.4743e-01,  ..., 7.7278e-01,
           8.2540e-02, 6.9321e-01],
          ...,
          [2.5509e-01, 3.9436e-01, 6.0016e-01,  ..., 7.7072e-01,
           9.0138e-01, 3.1234e-01],
          [6.9679e-01, 2.8109e-01, 1.3356e-01,  ..., 7.9678e-03,
           1.4579e-01, 8.3024e-01],
          [6.5787e-01, 3.7743e-01, 2.3790e-01,  ..., 5.4388e-01,
           7.4907e-01, 8.9738e-01]],

         ...,

         [[4.8131e-01, 9.2520e-01, 8.8236e-01,  ..., 8.6153e-01,
           1.2774e-02, 8.3459e-01],
          [8.7913e-01, 9.9856e-01, 8.2892e-01,  ..., 5.3583e-01,
           7.6021e-01, 2.1482e-01],
          [5.4032e-01, 2.1069e-01, 5.2347e-01,  ..., 1.1535e-01,
           5.6523e-01, 3.6997e-01],
          ...,
          [9.6492e-01, 6.0754e-01, 7.9698e-01,  ..., 5.4569e-01,
           3.5564e-01, 8.0748e-01],
          [9.8508e-01, 1.5790e-01, 4.5896e-02,  ..., 6.1160e-01,
           8.9455e-01, 8.4883e-01],
          [3.0086e-01, 9.1484e-01, 8.5413e-02,  ..., 3.6678e-01,
           5.4970e-01, 4.4223e-01]],

         [[5.4263e-01, 3.6352e-01, 9.4053e-01,  ..., 6.8976e-01,
           4.5509e-01, 2.6432e-01],
          [4.0323e-01, 6.1298e-01, 4.0037e-03,  ..., 1.9057e-01,
           6.3095e-01, 6.3048e-01],
          [1.6016e-01, 2.4025e-01, 6.8536e-01,  ..., 8.0142e-01,
           3.1888e-01, 8.3170e-01],
          ...,
          [2.4744e-01, 6.9140e-01, 9.4401e-01,  ..., 2.6918e-01,
           9.7701e-01, 2.6229e-01],
          [7.0296e-01, 7.1720e-01, 2.2333e-01,  ..., 7.7380e-02,
           1.8847e-01, 6.0527e-01],
          [2.3199e-01, 1.9753e-01, 3.3017e-01,  ..., 2.0730e-03,
           5.9305e-01, 9.7487e-01]],

         [[9.9099e-01, 3.5582e-02, 3.4274e-01,  ..., 1.1685e-01,
           1.5229e-01, 9.7458e-01],
          [4.5491e-01, 9.1818e-01, 7.7672e-01,  ..., 8.4068e-02,
           7.5208e-01, 1.2350e-02],
          [6.6184e-01, 3.8642e-02, 8.3534e-01,  ..., 5.3460e-01,
           2.4216e-01, 8.7890e-01],
          ...,
          [5.0824e-01, 5.2497e-01, 6.8535e-01,  ..., 8.1203e-01,
           3.1177e-01, 4.1804e-01],
          [7.7749e-01, 8.6157e-01, 7.1042e-01,  ..., 3.5851e-01,
           1.4946e-01, 1.5078e-01],
          [8.5700e-01, 6.9668e-01, 1.6815e-01,  ..., 1.0268e-01,
           3.1682e-02, 3.8785e-01]]],


        [[[7.3874e-01, 5.2012e-01, 1.8378e-01,  ..., 9.9371e-02,
           1.8558e-01, 9.9828e-01],
          [6.4851e-02, 3.9770e-01, 4.2375e-03,  ..., 5.4573e-01,
           6.1821e-01, 8.4335e-01],
          [3.9497e-01, 4.8483e-01, 2.4007e-01,  ..., 5.8267e-01,
           3.9659e-01, 6.7438e-02],
          ...,
          [4.3512e-01, 5.1123e-01, 4.5413e-03,  ..., 4.4135e-02,
           3.1825e-01, 3.5045e-01],
          [5.1580e-01, 3.5350e-01, 8.4929e-01,  ..., 4.1524e-01,
           3.9893e-01, 1.9591e-01],
          [6.1631e-01, 3.2799e-01, 2.8897e-01,  ..., 6.9310e-01,
           5.7211e-01, 8.8820e-01]],

         [[9.5393e-01, 1.5566e-02, 5.4651e-01,  ..., 8.3843e-01,
           2.4714e-01, 1.4950e-01],
          [3.3332e-01, 1.7871e-02, 4.8367e-02,  ..., 8.9104e-01,
           5.2286e-01, 5.8433e-01],
          [9.1135e-01, 5.1899e-02, 3.6156e-01,  ..., 8.9340e-01,
           5.6281e-01, 3.7032e-02],
          ...,
          [1.7195e-01, 2.0208e-01, 9.6167e-01,  ..., 2.4523e-01,
           3.1393e-01, 9.1806e-02],
          [8.4934e-01, 5.6862e-01, 4.6699e-01,  ..., 6.6527e-01,
           2.8481e-01, 6.8805e-01],
          [8.2594e-01, 4.6542e-01, 9.1365e-01,  ..., 7.0436e-01,
           4.0014e-01, 2.5712e-01]],

         [[8.8529e-01, 7.3228e-01, 4.8917e-01,  ..., 4.2813e-01,
           8.9150e-01, 9.3856e-01],
          [6.6233e-01, 7.8462e-02, 7.5391e-01,  ..., 6.8605e-01,
           6.7736e-01, 8.1501e-01],
          [8.5040e-01, 2.4354e-01, 8.5662e-01,  ..., 9.3947e-01,
           2.1167e-01, 4.1277e-01],
          ...,
          [8.6791e-01, 7.2938e-01, 4.8013e-01,  ..., 8.7412e-01,
           9.2644e-01, 9.3752e-01],
          [2.2758e-01, 3.2653e-03, 9.5725e-01,  ..., 7.7904e-01,
           1.8953e-01, 5.6621e-01],
          [5.6765e-01, 7.5231e-01, 2.6075e-01,  ..., 3.5264e-02,
           9.6209e-01, 7.3634e-01]],

         ...,

         [[2.8474e-01, 1.0419e-01, 5.9194e-02,  ..., 9.3802e-01,
           6.8742e-01, 3.7759e-01],
          [2.6140e-01, 4.2171e-01, 2.6212e-01,  ..., 6.7016e-01,
           8.2795e-01, 2.7059e-01],
          [2.9420e-01, 3.9731e-01, 3.5252e-01,  ..., 5.4448e-01,
           6.6757e-01, 2.2645e-01],
          ...,
          [2.5523e-01, 6.9429e-01, 7.1870e-02,  ..., 1.7706e-02,
           2.0184e-01, 1.4832e-01],
          [9.8199e-01, 1.8414e-01, 3.2792e-01,  ..., 5.1950e-01,
           5.4340e-01, 5.5376e-01],
          [2.1621e-01, 6.5868e-01, 1.2723e-01,  ..., 2.5745e-01,
           9.0476e-01, 5.1004e-01]],

         [[7.4239e-01, 5.2172e-01, 2.8664e-01,  ..., 1.2146e-01,
           3.7448e-01, 3.0042e-01],
          [2.6816e-01, 4.3772e-01, 2.1819e-01,  ..., 1.7447e-01,
           4.6810e-01, 7.0337e-01],
          [8.1723e-01, 2.2446e-01, 2.0031e-01,  ..., 7.7839e-01,
           8.2511e-01, 9.9398e-01],
          ...,
          [8.6112e-01, 5.6739e-01, 8.4174e-01,  ..., 2.6110e-01,
           3.3764e-01, 4.3528e-01],
          [1.8158e-01, 9.6492e-01, 6.6392e-02,  ..., 5.8968e-01,
           1.3017e-01, 2.0028e-03],
          [5.6887e-01, 9.6755e-01, 9.9005e-01,  ..., 2.6451e-01,
           5.5188e-01, 7.2372e-01]],

         [[5.8089e-01, 4.2746e-01, 3.5401e-01,  ..., 7.2907e-02,
           3.2085e-01, 1.4311e-01],
          [8.8256e-01, 3.1526e-01, 7.3923e-01,  ..., 8.7729e-01,
           8.9502e-01, 6.1319e-01],
          [8.5580e-01, 1.7264e-01, 1.8714e-03,  ..., 1.2535e-01,
           3.9860e-01, 8.0130e-01],
          ...,
          [6.1672e-02, 5.6606e-01, 5.0541e-02,  ..., 8.3073e-01,
           8.0883e-02, 5.6780e-01],
          [5.8955e-01, 6.8373e-01, 9.4312e-01,  ..., 2.4021e-01,
           2.5434e-01, 2.7028e-01],
          [9.7096e-01, 5.9940e-01, 5.6312e-01,  ..., 1.2121e-01,
           6.1420e-01, 1.6261e-01]]],


        ...,


        [[[2.1945e-01, 6.8780e-01, 6.7820e-01,  ..., 8.2682e-01,
           1.0207e-01, 3.6931e-01],
          [3.2910e-01, 6.4243e-01, 8.7344e-01,  ..., 6.3650e-01,
           9.9235e-01, 6.1753e-01],
          [2.6906e-01, 4.3128e-01, 6.1864e-02,  ..., 9.4374e-01,
           9.3004e-01, 3.0566e-01],
          ...,
          [9.0129e-01, 5.6135e-01, 5.9604e-01,  ..., 1.6581e-02,
           2.8310e-01, 4.4959e-01],
          [7.0171e-01, 4.3601e-01, 2.3817e-01,  ..., 9.5254e-01,
           6.6836e-01, 6.0054e-01],
          [7.5115e-01, 5.5727e-01, 3.4009e-01,  ..., 8.4359e-01,
           3.6943e-01, 6.6071e-01]],

         [[2.2627e-02, 8.0600e-01, 2.0203e-01,  ..., 2.3172e-01,
           3.8040e-01, 4.1710e-01],
          [6.2332e-01, 2.0301e-01, 1.5217e-01,  ..., 6.6346e-01,
           9.7457e-01, 9.4052e-01],
          [2.4784e-01, 4.0994e-01, 7.9366e-02,  ..., 3.0020e-01,
           1.5003e-02, 3.1643e-01],
          ...,
          [9.7235e-01, 1.4422e-01, 1.9125e-01,  ..., 8.0411e-01,
           2.4832e-01, 8.2052e-01],
          [4.3831e-01, 8.5841e-01, 9.9117e-01,  ..., 9.8969e-01,
           3.5149e-01, 9.7114e-01],
          [2.1830e-02, 8.7582e-01, 9.9154e-01,  ..., 1.8747e-01,
           8.4313e-01, 3.3927e-01]],

         [[2.6804e-01, 8.7218e-01, 9.8575e-01,  ..., 7.5635e-01,
           4.5019e-01, 2.2426e-01],
          [1.1673e-01, 2.2553e-01, 8.6978e-01,  ..., 6.4302e-01,
           1.7920e-01, 4.8557e-01],
          [2.7512e-01, 2.0249e-02, 3.0362e-01,  ..., 8.0902e-01,
           1.9912e-02, 5.8678e-01],
          ...,
          [1.2024e-01, 1.4748e-01, 4.5360e-01,  ..., 4.1090e-01,
           9.9949e-01, 6.7227e-02],
          [9.7965e-01, 4.3075e-01, 7.5131e-01,  ..., 6.1330e-01,
           6.4670e-01, 3.7805e-02],
          [4.1752e-02, 8.4348e-01, 4.1155e-01,  ..., 3.3102e-01,
           1.2487e-01, 3.8223e-01]],

         ...,

         [[1.8848e-01, 3.4021e-01, 7.9639e-02,  ..., 2.3616e-01,
           5.5959e-01, 8.0089e-01],
          [8.7921e-01, 3.0517e-01, 8.7735e-01,  ..., 2.6315e-01,
           1.6842e-01, 2.7559e-01],
          [4.1175e-01, 4.8759e-01, 3.7118e-01,  ..., 7.2058e-01,
           7.1273e-01, 9.0961e-01],
          ...,
          [6.5328e-01, 6.3054e-01, 8.1346e-02,  ..., 3.4655e-01,
           7.0344e-01, 3.3196e-01],
          [5.8932e-01, 7.0546e-01, 6.0591e-01,  ..., 8.6601e-01,
           5.7067e-01, 5.0715e-01],
          [5.3955e-01, 3.1991e-01, 8.0668e-01,  ..., 1.6658e-01,
           6.6783e-01, 8.9277e-01]],

         [[9.6169e-01, 2.9141e-01, 9.1978e-02,  ..., 1.5104e-01,
           6.6956e-01, 3.6836e-01],
          [4.9212e-01, 4.7270e-01, 6.7884e-01,  ..., 1.9673e-01,
           5.5628e-02, 3.6243e-02],
          [7.9443e-01, 1.3638e-01, 4.3335e-02,  ..., 8.5298e-01,
           8.8601e-01, 5.8586e-01],
          ...,
          [9.6106e-01, 8.4374e-01, 3.7859e-01,  ..., 2.8889e-01,
           8.9322e-01, 2.3682e-02],
          [1.1050e-01, 2.8550e-01, 1.9993e-01,  ..., 3.1407e-01,
           7.6175e-01, 7.2817e-01],
          [9.9845e-01, 8.9362e-01, 1.3736e-01,  ..., 8.3727e-01,
           5.9213e-01, 8.8899e-02]],

         [[7.0364e-01, 9.2182e-01, 9.7580e-01,  ..., 5.8301e-01,
           9.4143e-01, 8.3494e-01],
          [8.2395e-01, 8.1360e-01, 8.2462e-01,  ..., 5.5173e-01,
           1.9636e-01, 7.3935e-01],
          [3.6965e-01, 3.8944e-01, 4.0338e-01,  ..., 9.8114e-01,
           7.0932e-01, 2.7917e-01],
          ...,
          [9.1742e-01, 9.0036e-01, 3.0115e-02,  ..., 5.9488e-01,
           4.8272e-01, 3.1481e-01],
          [1.5809e-01, 3.4429e-01, 5.6481e-01,  ..., 8.7180e-01,
           5.4583e-01, 8.0383e-01],
          [6.0857e-01, 3.7809e-01, 7.4681e-01,  ..., 2.8726e-01,
           5.2051e-01, 1.8815e-01]]],


        [[[7.7576e-01, 6.9468e-01, 2.2426e-01,  ..., 4.6958e-01,
           3.5810e-01, 5.3693e-01],
          [8.2518e-01, 1.9120e-01, 7.7015e-01,  ..., 9.1383e-01,
           1.3995e-01, 1.4216e-01],
          [7.2402e-01, 8.9757e-01, 5.8274e-01,  ..., 6.8434e-01,
           2.2545e-01, 7.5995e-01],
          ...,
          [1.4170e-01, 5.0114e-01, 8.4632e-01,  ..., 6.9610e-01,
           9.9482e-01, 9.4154e-01],
          [9.0104e-01, 8.2689e-01, 4.9138e-01,  ..., 2.3274e-01,
           7.4180e-01, 5.8072e-02],
          [3.4048e-02, 4.4149e-01, 7.4387e-01,  ..., 8.9081e-01,
           4.4618e-01, 6.4107e-01]],

         [[3.2003e-01, 4.1495e-01, 2.9779e-01,  ..., 6.0352e-01,
           7.8327e-01, 4.6618e-01],
          [8.1847e-01, 5.5992e-01, 9.6337e-01,  ..., 8.1457e-01,
           5.5120e-01, 8.7922e-01],
          [3.5899e-01, 7.2748e-01, 9.4025e-01,  ..., 8.1016e-01,
           6.7721e-01, 7.0044e-01],
          ...,
          [3.5758e-01, 9.3893e-01, 6.0541e-01,  ..., 8.6219e-01,
           4.5230e-01, 9.4138e-01],
          [1.8092e-01, 4.3687e-01, 9.2610e-01,  ..., 7.0794e-01,
           2.5887e-01, 4.0500e-01],
          [6.5392e-01, 5.9873e-01, 2.2016e-01,  ..., 2.8385e-01,
           2.1153e-01, 9.7548e-01]],

         [[3.0777e-03, 1.3066e-01, 4.2304e-01,  ..., 1.8884e-01,
           7.6425e-01, 4.0556e-01],
          [4.6044e-02, 5.8628e-01, 8.3970e-02,  ..., 8.9187e-01,
           7.1078e-01, 8.5724e-01],
          [3.3653e-01, 4.0269e-01, 4.1009e-02,  ..., 6.5864e-01,
           2.9793e-01, 9.7216e-01],
          ...,
          [2.7438e-01, 6.1760e-02, 2.7464e-01,  ..., 1.8913e-02,
           9.7645e-01, 4.3018e-01],
          [6.1515e-01, 3.8175e-01, 5.6687e-01,  ..., 2.6538e-01,
           2.1986e-01, 8.8163e-01],
          [4.9483e-01, 2.4774e-01, 3.6790e-01,  ..., 2.0868e-01,
           5.9337e-01, 5.3306e-01]],

         ...,

         [[9.1227e-01, 8.9465e-01, 7.7422e-01,  ..., 2.6407e-01,
           1.6848e-02, 2.4384e-01],
          [7.8829e-01, 5.2675e-01, 5.1691e-01,  ..., 9.7494e-01,
           1.0914e-01, 2.7597e-01],
          [1.9827e-01, 8.6772e-02, 8.2553e-01,  ..., 9.2092e-01,
           4.0198e-01, 9.4766e-02],
          ...,
          [9.6908e-01, 7.8982e-01, 7.0766e-01,  ..., 9.7434e-02,
           3.0884e-01, 1.1801e-01],
          [4.9899e-01, 7.5324e-01, 7.4459e-02,  ..., 8.0795e-01,
           9.5628e-01, 1.9377e-02],
          [1.8407e-01, 4.7863e-01, 8.9638e-02,  ..., 9.7383e-01,
           4.6150e-01, 7.9742e-02]],

         [[7.5651e-01, 9.5764e-01, 9.7228e-01,  ..., 2.2334e-03,
           5.0524e-01, 4.4032e-01],
          [9.4807e-01, 3.8897e-01, 6.8740e-01,  ..., 9.2294e-01,
           8.3869e-02, 9.8457e-02],
          [4.1693e-01, 1.4557e-01, 9.9375e-01,  ..., 3.2442e-01,
           6.0827e-01, 3.1023e-01],
          ...,
          [7.2451e-01, 7.5567e-02, 6.4120e-01,  ..., 2.0924e-01,
           1.9974e-02, 3.8457e-01],
          [9.2709e-01, 1.5247e-01, 9.2698e-01,  ..., 4.4434e-01,
           3.8188e-01, 6.6592e-01],
          [5.9588e-01, 3.3698e-01, 5.5335e-02,  ..., 4.3319e-01,
           3.9289e-01, 6.3646e-01]],

         [[7.0083e-02, 4.3586e-01, 8.9817e-01,  ..., 4.4551e-01,
           1.7845e-01, 6.9119e-01],
          [4.6413e-01, 4.4541e-02, 3.8077e-01,  ..., 4.6258e-01,
           3.6450e-01, 8.1050e-01],
          [8.4125e-01, 1.3168e-01, 2.1954e-01,  ..., 6.7258e-01,
           1.1912e-01, 5.1413e-01],
          ...,
          [2.4361e-01, 6.7240e-01, 6.0190e-01,  ..., 4.5422e-01,
           5.2001e-01, 8.1097e-02],
          [5.7274e-01, 7.1829e-01, 2.2752e-02,  ..., 5.9592e-01,
           2.9290e-01, 4.4782e-01],
          [4.3556e-01, 4.9866e-01, 4.8035e-01,  ..., 3.4317e-01,
           8.7184e-04, 5.5090e-01]]],


        [[[6.0394e-01, 9.3495e-03, 7.9630e-01,  ..., 6.0199e-01,
           5.9058e-01, 6.3500e-02],
          [7.3809e-01, 3.7139e-01, 6.2739e-01,  ..., 3.9598e-01,
           9.4213e-01, 8.6119e-01],
          [5.7016e-02, 9.3900e-01, 8.7108e-01,  ..., 1.6531e-03,
           9.6755e-01, 1.5682e-01],
          ...,
          [5.4339e-01, 9.2571e-01, 9.8885e-01,  ..., 7.3844e-01,
           4.0706e-01, 5.0824e-01],
          [8.0529e-01, 4.0789e-03, 3.5348e-01,  ..., 4.0089e-01,
           1.6559e-01, 6.6626e-01],
          [6.2727e-01, 4.7422e-01, 5.3207e-02,  ..., 8.6966e-01,
           3.4247e-01, 7.8906e-02]],

         [[6.1904e-01, 6.9448e-01, 1.5551e-01,  ..., 6.4222e-01,
           8.3385e-01, 5.5074e-01],
          [2.7291e-01, 7.9989e-01, 5.8592e-01,  ..., 1.0834e-01,
           5.9891e-02, 1.5161e-01],
          [2.9239e-01, 9.0779e-02, 6.2837e-01,  ..., 7.7472e-01,
           7.9500e-01, 8.3968e-01],
          ...,
          [8.1537e-01, 2.5072e-03, 1.6901e-01,  ..., 1.9866e-01,
           9.6579e-01, 8.5274e-01],
          [7.6860e-02, 4.5687e-01, 2.3967e-01,  ..., 2.2311e-01,
           1.7524e-01, 9.6693e-01],
          [4.6649e-01, 8.9837e-03, 2.3610e-01,  ..., 8.4868e-01,
           9.2542e-01, 8.1497e-01]],

         [[9.4684e-01, 7.4199e-01, 3.6733e-01,  ..., 2.6783e-01,
           8.3794e-01, 9.0130e-01],
          [7.8622e-01, 7.2988e-01, 9.8862e-01,  ..., 6.0791e-01,
           3.9353e-01, 7.2224e-02],
          [9.4949e-01, 8.3847e-01, 2.0571e-01,  ..., 8.3166e-01,
           9.1834e-01, 4.7135e-01],
          ...,
          [1.6326e-02, 1.0028e-03, 8.6879e-01,  ..., 7.1548e-01,
           1.8463e-01, 5.9242e-01],
          [7.9969e-01, 6.4563e-01, 6.6145e-01,  ..., 7.6329e-02,
           5.3799e-02, 2.3459e-01],
          [4.9061e-01, 9.6914e-02, 4.5514e-01,  ..., 7.5107e-01,
           3.2384e-01, 9.5755e-02]],

         ...,

         [[5.8174e-01, 6.2609e-01, 3.3406e-01,  ..., 5.6719e-01,
           6.6921e-01, 6.4868e-02],
          [5.7266e-01, 2.1232e-01, 2.5531e-01,  ..., 8.4959e-01,
           5.9235e-01, 1.6244e-01],
          [1.4900e-01, 6.4535e-01, 2.7933e-01,  ..., 3.0854e-02,
           2.2323e-01, 5.6977e-01],
          ...,
          [9.9069e-01, 7.0820e-01, 9.7434e-01,  ..., 1.2569e-01,
           6.3771e-01, 7.7585e-01],
          [1.3299e-01, 4.3312e-01, 5.3468e-01,  ..., 2.4148e-01,
           6.0319e-01, 6.5599e-01],
          [1.5003e-01, 8.2207e-01, 8.8074e-01,  ..., 3.7400e-01,
           1.5712e-01, 6.6534e-02]],

         [[8.9642e-01, 5.7619e-02, 6.6439e-01,  ..., 5.0237e-01,
           4.4252e-01, 9.2363e-01],
          [2.3612e-01, 7.3040e-01, 7.4818e-01,  ..., 3.4096e-01,
           9.4662e-01, 2.7093e-01],
          [8.7394e-01, 8.9458e-01, 7.7745e-01,  ..., 2.2292e-01,
           9.6152e-01, 2.3626e-01],
          ...,
          [4.1503e-01, 4.0110e-01, 5.6208e-02,  ..., 9.0602e-01,
           3.6142e-01, 1.2813e-01],
          [7.1944e-01, 9.5682e-02, 7.0489e-02,  ..., 4.8234e-01,
           9.9174e-02, 7.9711e-01],
          [8.0113e-01, 1.8953e-01, 6.9701e-01,  ..., 4.5928e-02,
           5.9862e-01, 9.9103e-01]],

         [[7.5001e-01, 3.7905e-01, 8.4695e-01,  ..., 5.1004e-02,
           5.9131e-01, 6.4157e-01],
          [5.8584e-01, 4.9044e-01, 4.2369e-01,  ..., 1.4916e-01,
           5.3527e-01, 5.8753e-01],
          [1.5780e-01, 9.7396e-01, 1.9559e-01,  ..., 8.4970e-01,
           4.8775e-01, 2.7258e-01],
          ...,
          [4.0651e-01, 5.0492e-01, 5.3572e-01,  ..., 5.3734e-01,
           9.3179e-01, 2.6928e-01],
          [9.5550e-01, 7.1080e-01, 7.1273e-01,  ..., 2.1686e-01,
           8.1142e-01, 5.5058e-01],
          [8.0194e-01, 1.1017e-01, 9.8697e-01,  ..., 7.3545e-01,
           7.9482e-01, 8.5570e-01]]]])
