tensor([[[[1.6746e-01, 9.9500e-01, 7.7777e-01,  ..., 1.2598e-01,
           4.9503e-01, 4.5761e-01],
          [6.5327e-01, 4.7618e-01, 8.7359e-01,  ..., 4.7187e-01,
           4.2082e-01, 7.0285e-01],
          [2.6816e-01, 9.8290e-01, 3.1696e-01,  ..., 6.8585e-01,
           6.3604e-01, 2.6800e-01],
          ...,
          [7.9645e-01, 2.1422e-01, 6.6440e-01,  ..., 4.8931e-01,
           7.2034e-01, 2.0507e-01],
          [2.6770e-01, 9.8588e-01, 9.6335e-01,  ..., 7.3207e-01,
           1.2439e-01, 5.9425e-01],
          [8.4469e-02, 9.1475e-02, 3.0012e-03,  ..., 5.3621e-01,
           9.1312e-01, 2.4934e-01]],

         [[4.0443e-01, 1.6924e-01, 5.4019e-01,  ..., 8.7360e-01,
           2.1987e-01, 6.3993e-01],
          [1.0549e-01, 6.9870e-01, 8.2410e-01,  ..., 9.5999e-02,
           9.1106e-01, 4.2177e-01],
          [1.1685e-03, 1.1886e-01, 8.0649e-01,  ..., 6.8840e-01,
           9.5458e-01, 3.3007e-02],
          ...,
          [8.0501e-01, 3.1995e-01, 7.2174e-01,  ..., 5.3010e-01,
           3.3013e-01, 9.8275e-01],
          [9.7868e-01, 2.2828e-01, 7.2268e-01,  ..., 4.5150e-02,
           4.9046e-01, 4.5745e-01],
          [1.2679e-01, 4.6378e-01, 3.1278e-01,  ..., 9.2876e-01,
           7.2583e-01, 5.9615e-02]],

         [[3.9196e-01, 7.7856e-03, 3.1271e-01,  ..., 8.3235e-01,
           2.1336e-01, 5.4982e-01],
          [2.7338e-01, 2.6763e-01, 5.6019e-01,  ..., 4.5371e-01,
           2.1430e-01, 8.7596e-02],
          [6.6898e-01, 6.1645e-01, 2.7268e-01,  ..., 6.3921e-01,
           4.9470e-02, 4.0580e-01],
          ...,
          [8.6581e-02, 9.3681e-02, 8.1524e-01,  ..., 5.5611e-01,
           2.4181e-01, 6.1920e-02],
          [1.0451e-02, 5.8309e-01, 2.8163e-01,  ..., 3.7603e-01,
           5.8841e-01, 5.4458e-01],
          [5.4026e-02, 5.1953e-01, 9.4153e-01,  ..., 7.9503e-01,
           4.6810e-01, 2.7067e-01]],

         ...,

         [[4.8435e-01, 2.3844e-02, 3.5655e-01,  ..., 9.6166e-01,
           8.1957e-01, 4.5562e-01],
          [3.4579e-01, 1.2713e-01, 6.4316e-01,  ..., 8.5586e-01,
           2.8975e-01, 1.7233e-02],
          [8.1277e-01, 5.9665e-01, 1.8114e-01,  ..., 3.1058e-01,
           9.4963e-01, 3.7307e-01],
          ...,
          [3.1077e-01, 2.6385e-01, 2.2197e-01,  ..., 9.5562e-01,
           4.8341e-01, 9.1049e-01],
          [9.8537e-01, 8.7424e-01, 6.7900e-01,  ..., 4.9681e-01,
           2.7880e-01, 2.5967e-01],
          [3.8033e-01, 3.8605e-01, 5.3327e-01,  ..., 1.9085e-02,
           4.1146e-01, 8.7188e-01]],

         [[5.2203e-01, 8.0764e-02, 4.7709e-01,  ..., 7.9695e-01,
           9.9068e-01, 7.7397e-01],
          [9.7208e-01, 6.2639e-01, 9.3479e-01,  ..., 4.0905e-01,
           1.7565e-01, 2.9444e-01],
          [8.3937e-01, 9.8984e-01, 7.0008e-01,  ..., 9.4924e-01,
           9.0027e-02, 7.2532e-01],
          ...,
          [2.8830e-01, 3.3989e-01, 9.8961e-01,  ..., 8.2074e-01,
           8.3857e-01, 6.9562e-01],
          [3.1017e-01, 2.0375e-01, 1.5551e-01,  ..., 6.2941e-01,
           1.2449e-01, 5.5671e-01],
          [3.6007e-01, 7.7279e-01, 3.0653e-01,  ..., 1.1748e-01,
           3.2403e-01, 3.7072e-01]],

         [[1.1178e-01, 9.3802e-01, 2.1141e-01,  ..., 7.6682e-01,
           5.8938e-01, 9.2597e-01],
          [6.1066e-01, 3.2665e-01, 2.9621e-01,  ..., 1.5586e-01,
           3.5885e-01, 3.4386e-01],
          [4.9599e-01, 9.4310e-01, 5.6697e-03,  ..., 5.9906e-01,
           5.7573e-01, 9.0657e-01],
          ...,
          [9.1972e-01, 3.1374e-01, 2.5420e-01,  ..., 2.1818e-01,
           5.1321e-02, 7.3378e-01],
          [4.4601e-01, 1.9062e-02, 9.7549e-01,  ..., 2.4947e-01,
           9.6390e-01, 2.6838e-01],
          [3.5104e-01, 5.9146e-01, 2.5411e-01,  ..., 1.6351e-01,
           2.7647e-01, 2.3487e-01]]],


        [[[1.4949e-01, 8.1658e-01, 5.1249e-01,  ..., 5.0916e-01,
           7.9944e-01, 4.9048e-01],
          [8.7318e-01, 1.9087e-01, 1.5581e-02,  ..., 2.4286e-01,
           1.0844e-01, 3.1813e-01],
          [5.9661e-02, 4.5562e-01, 3.1932e-02,  ..., 7.8587e-01,
           9.8519e-01, 4.8192e-01],
          ...,
          [5.4750e-01, 7.5295e-01, 1.2195e-01,  ..., 1.2830e-01,
           5.4301e-01, 8.4123e-01],
          [7.5518e-01, 4.7415e-02, 4.1939e-01,  ..., 3.4456e-01,
           3.3544e-01, 2.6777e-01],
          [3.2943e-01, 2.3194e-01, 7.8031e-01,  ..., 1.7130e-01,
           8.6458e-01, 7.5667e-01]],

         [[9.1372e-01, 4.3944e-01, 7.7231e-01,  ..., 2.6392e-01,
           3.1060e-01, 9.4880e-01],
          [8.6127e-01, 2.9121e-01, 3.9853e-01,  ..., 1.0689e-01,
           9.5998e-01, 3.5624e-01],
          [8.4855e-01, 4.4730e-01, 1.4265e-01,  ..., 7.8527e-01,
           7.7722e-01, 2.4596e-01],
          ...,
          [7.7759e-01, 6.6114e-01, 2.7733e-01,  ..., 7.2963e-01,
           9.8523e-01, 2.9708e-01],
          [5.8697e-01, 9.3056e-01, 1.4310e-01,  ..., 8.2240e-01,
           6.4736e-01, 3.1917e-01],
          [3.9607e-02, 3.4770e-01, 3.5719e-01,  ..., 2.2247e-01,
           5.8858e-01, 9.4198e-01]],

         [[5.8746e-01, 6.9208e-01, 6.7266e-01,  ..., 7.4748e-01,
           2.8817e-01, 7.9468e-01],
          [9.5065e-01, 3.4605e-01, 4.2874e-02,  ..., 7.0979e-01,
           9.0127e-01, 1.8677e-01],
          [2.2957e-01, 4.2946e-01, 2.9971e-01,  ..., 6.7673e-01,
           9.3173e-01, 6.5867e-01],
          ...,
          [4.3469e-01, 2.3762e-01, 5.5841e-01,  ..., 5.0534e-01,
           1.9142e-01, 4.0413e-01],
          [7.5276e-01, 3.4030e-02, 9.9534e-02,  ..., 8.6698e-01,
           2.0973e-01, 4.8615e-01],
          [4.7426e-01, 9.5922e-01, 4.3055e-01,  ..., 9.6584e-01,
           6.0801e-01, 8.5725e-03]],

         ...,

         [[6.6832e-02, 2.4994e-02, 1.5959e-01,  ..., 4.8180e-01,
           7.4289e-01, 8.9663e-01],
          [1.3008e-01, 4.2309e-01, 2.5690e-01,  ..., 6.3357e-01,
           2.5434e-02, 7.2129e-01],
          [5.0350e-01, 2.3709e-01, 8.2799e-01,  ..., 5.8202e-01,
           4.9299e-01, 7.0056e-01],
          ...,
          [8.0506e-01, 4.9657e-01, 5.7552e-01,  ..., 3.6563e-01,
           4.5443e-01, 6.6332e-01],
          [5.5031e-02, 2.4871e-01, 3.7277e-01,  ..., 4.8545e-01,
           7.0191e-01, 1.7518e-01],
          [5.0940e-01, 6.4154e-01, 9.6696e-01,  ..., 2.8066e-01,
           9.9554e-01, 8.1370e-01]],

         [[1.0153e-01, 8.0966e-01, 5.3350e-01,  ..., 4.0691e-01,
           8.9058e-01, 6.6518e-02],
          [1.6108e-01, 4.7700e-01, 2.4296e-01,  ..., 7.4049e-01,
           9.9286e-01, 2.8615e-01],
          [3.3377e-01, 4.7050e-02, 3.5349e-01,  ..., 6.0174e-01,
           1.7726e-01, 5.4025e-01],
          ...,
          [5.9123e-01, 7.7799e-01, 1.1183e-01,  ..., 4.4485e-01,
           5.0992e-01, 5.3976e-01],
          [2.9486e-01, 8.1684e-01, 9.0764e-01,  ..., 1.3802e-01,
           8.8973e-01, 9.0673e-01],
          [9.8143e-01, 4.1347e-01, 8.4872e-01,  ..., 6.8346e-02,
           8.3827e-01, 3.3643e-01]],

         [[4.0629e-01, 8.8891e-01, 9.8868e-01,  ..., 9.3913e-01,
           2.4267e-01, 6.6150e-02],
          [3.4694e-01, 8.8225e-01, 2.5048e-01,  ..., 1.3364e-01,
           9.3739e-01, 6.1996e-01],
          [1.9371e-02, 4.8631e-01, 9.1654e-01,  ..., 3.4072e-01,
           5.6832e-01, 4.8220e-01],
          ...,
          [4.9836e-01, 9.3091e-01, 6.9021e-01,  ..., 7.5367e-01,
           3.2741e-01, 6.0338e-01],
          [9.4179e-01, 1.2191e-01, 5.8490e-01,  ..., 3.4055e-01,
           8.1877e-01, 1.8010e-01],
          [4.9227e-01, 4.0272e-02, 1.1692e-01,  ..., 1.3382e-01,
           5.2259e-01, 9.5460e-01]]],


        [[[4.8056e-01, 6.0681e-01, 1.1532e-01,  ..., 8.9254e-02,
           4.9039e-01, 4.9013e-01],
          [6.2475e-01, 5.5806e-01, 7.9406e-01,  ..., 6.5491e-01,
           9.1181e-01, 1.8847e-02],
          [9.8885e-01, 8.1139e-01, 7.4402e-01,  ..., 7.8948e-01,
           4.7152e-01, 4.2836e-02],
          ...,
          [4.7191e-01, 3.7770e-01, 8.7601e-01,  ..., 8.7676e-01,
           4.5935e-01, 7.4351e-01],
          [6.5183e-01, 6.4766e-01, 6.4686e-01,  ..., 5.7941e-01,
           6.2614e-01, 3.0569e-01],
          [2.6191e-01, 1.3381e-02, 2.9257e-01,  ..., 9.7250e-01,
           3.6236e-01, 6.1533e-01]],

         [[5.5161e-01, 1.6785e-01, 3.0558e-01,  ..., 5.3991e-01,
           7.8052e-01, 6.9515e-01],
          [7.8023e-01, 3.6891e-01, 5.9567e-01,  ..., 9.0245e-01,
           8.6331e-01, 1.9783e-01],
          [6.1819e-01, 3.2897e-01, 4.4941e-01,  ..., 4.4953e-01,
           4.8938e-01, 1.9822e-01],
          ...,
          [3.8703e-01, 1.9355e-01, 9.5321e-01,  ..., 6.6694e-01,
           2.9933e-01, 7.2456e-01],
          [2.3407e-01, 8.1416e-02, 1.1857e-01,  ..., 4.3175e-01,
           5.0402e-01, 3.3134e-01],
          [9.3545e-02, 2.8336e-01, 4.5689e-01,  ..., 7.6670e-01,
           5.9633e-01, 1.9596e-01]],

         [[7.9324e-01, 1.7045e-01, 5.2412e-01,  ..., 5.1447e-01,
           5.7410e-01, 3.7183e-01],
          [9.6021e-01, 7.8921e-01, 5.1915e-01,  ..., 3.3594e-01,
           5.1414e-02, 3.9529e-01],
          [2.9611e-01, 7.9661e-03, 8.7166e-01,  ..., 4.8322e-01,
           4.8933e-01, 1.2856e-01],
          ...,
          [5.3871e-01, 7.0117e-02, 3.9401e-01,  ..., 8.1088e-01,
           3.7840e-01, 2.0958e-01],
          [7.8656e-01, 7.1318e-02, 9.2545e-01,  ..., 6.6510e-01,
           8.5830e-01, 6.4708e-01],
          [6.3594e-01, 3.6274e-02, 5.0206e-01,  ..., 1.5638e-02,
           2.2994e-01, 2.1021e-01]],

         ...,

         [[3.1337e-01, 1.2422e-02, 3.5125e-01,  ..., 7.8679e-01,
           4.0720e-01, 1.8271e-01],
          [5.6305e-01, 5.1268e-01, 6.7134e-01,  ..., 8.1214e-01,
           2.6067e-01, 7.6085e-01],
          [2.0544e-01, 6.1279e-01, 3.0827e-01,  ..., 7.7205e-01,
           4.8898e-01, 5.9083e-01],
          ...,
          [1.2831e-02, 3.0816e-01, 9.3421e-01,  ..., 3.8779e-01,
           9.8596e-01, 3.4400e-01],
          [1.4984e-01, 9.1419e-01, 5.5504e-01,  ..., 1.8979e-01,
           9.7162e-01, 6.1306e-01],
          [5.3684e-01, 9.1336e-01, 1.4120e-02,  ..., 4.0672e-01,
           5.2881e-02, 9.5782e-01]],

         [[3.2921e-01, 5.1412e-01, 5.0937e-01,  ..., 6.7436e-01,
           8.2309e-01, 2.4329e-01],
          [1.8375e-01, 6.2379e-01, 5.8897e-01,  ..., 2.8584e-01,
           6.8086e-01, 7.5318e-01],
          [1.6987e-01, 6.1432e-01, 2.8761e-01,  ..., 7.3638e-01,
           8.7922e-01, 8.5613e-01],
          ...,
          [1.2395e-02, 7.9931e-01, 5.5100e-01,  ..., 9.5826e-01,
           8.2420e-01, 3.4095e-01],
          [6.1846e-01, 9.5268e-01, 5.5076e-02,  ..., 4.5107e-01,
           5.1654e-01, 9.8785e-01],
          [6.6030e-01, 4.8504e-01, 4.8201e-01,  ..., 8.8676e-01,
           1.4737e-01, 9.1163e-01]],

         [[8.3890e-02, 1.4719e-01, 2.8168e-01,  ..., 1.7254e-01,
           2.3764e-01, 2.0152e-01],
          [9.0327e-01, 2.5988e-02, 1.6711e-01,  ..., 4.0549e-01,
           8.7508e-01, 2.6820e-01],
          [5.2023e-02, 4.2539e-01, 7.7725e-01,  ..., 1.6219e-01,
           2.7806e-01, 8.8400e-01],
          ...,
          [8.0583e-01, 1.6385e-01, 5.9073e-01,  ..., 7.4196e-01,
           1.4408e-01, 9.0905e-01],
          [7.3479e-01, 7.5338e-01, 1.2288e-01,  ..., 9.2128e-01,
           9.1539e-02, 2.8574e-01],
          [9.2678e-01, 9.2322e-01, 8.1660e-01,  ..., 5.6973e-01,
           8.4355e-02, 1.8857e-01]]],


        ...,


        [[[9.1326e-01, 8.1373e-01, 7.9322e-01,  ..., 3.0479e-01,
           3.0896e-01, 2.9491e-01],
          [5.2911e-01, 8.8293e-01, 7.5160e-01,  ..., 2.5647e-01,
           8.6172e-01, 2.0819e-01],
          [6.8109e-01, 4.0562e-01, 1.2841e-03,  ..., 9.2597e-01,
           2.5921e-01, 3.8483e-01],
          ...,
          [2.2913e-01, 3.6018e-01, 7.5846e-01,  ..., 7.9828e-01,
           7.4933e-01, 2.5865e-01],
          [3.7810e-01, 7.0782e-01, 1.6117e-01,  ..., 2.0687e-01,
           3.6511e-01, 7.0539e-01],
          [7.2989e-01, 7.1807e-01, 4.5007e-01,  ..., 2.8434e-02,
           8.7652e-02, 9.8166e-01]],

         [[8.5006e-01, 5.8938e-01, 7.8562e-01,  ..., 2.9131e-01,
           5.6816e-01, 4.1454e-01],
          [1.8837e-01, 1.9821e-01, 7.0420e-01,  ..., 4.6694e-01,
           2.9361e-01, 1.6828e-01],
          [9.9753e-02, 4.4245e-01, 9.6448e-01,  ..., 6.9388e-01,
           8.3590e-02, 3.2460e-01],
          ...,
          [6.9479e-01, 3.7030e-01, 9.1928e-01,  ..., 3.1062e-01,
           8.1807e-01, 7.2241e-01],
          [8.5534e-01, 1.5179e-01, 6.2402e-01,  ..., 4.3915e-01,
           6.6746e-01, 1.9025e-01],
          [2.9243e-01, 3.5223e-01, 7.8976e-01,  ..., 3.0789e-01,
           9.8795e-01, 9.4809e-01]],

         [[5.2373e-01, 8.9354e-02, 7.4670e-01,  ..., 7.0882e-01,
           2.5823e-01, 2.2280e-01],
          [3.1591e-01, 3.3458e-01, 7.3107e-01,  ..., 7.4278e-01,
           1.0626e-01, 4.9051e-01],
          [4.7928e-02, 6.9331e-01, 8.5216e-01,  ..., 1.4927e-01,
           6.2375e-01, 8.7135e-01],
          ...,
          [6.8637e-01, 5.1188e-02, 8.0540e-01,  ..., 4.8830e-01,
           8.3602e-01, 5.4511e-01],
          [2.4623e-04, 7.4944e-01, 4.1721e-01,  ..., 2.9481e-01,
           9.3399e-01, 1.1234e-01],
          [7.9381e-01, 1.3959e-01, 1.2744e-01,  ..., 9.2443e-01,
           6.6823e-01, 1.7779e-01]],

         ...,

         [[6.6703e-01, 8.5610e-01, 4.2534e-02,  ..., 2.9754e-01,
           1.3976e-01, 4.2386e-01],
          [3.6055e-01, 1.0041e-01, 2.9534e-01,  ..., 8.0030e-01,
           7.0315e-01, 2.6769e-01],
          [1.8354e-01, 4.3894e-01, 1.4835e-01,  ..., 2.4094e-01,
           9.6544e-01, 8.3657e-01],
          ...,
          [2.2240e-01, 4.7803e-01, 3.8262e-01,  ..., 4.5350e-01,
           9.5493e-01, 4.5015e-01],
          [2.9937e-01, 6.3426e-01, 1.1029e-01,  ..., 3.3466e-01,
           7.6840e-01, 6.5572e-01],
          [7.8708e-01, 3.4031e-01, 2.5378e-01,  ..., 3.0183e-01,
           5.3412e-01, 7.2737e-01]],

         [[1.5438e-01, 3.6147e-01, 1.3555e-01,  ..., 1.7700e-01,
           6.9106e-01, 2.9496e-01],
          [1.0303e-01, 6.0183e-01, 8.4155e-02,  ..., 5.0410e-01,
           6.5178e-01, 8.0570e-01],
          [3.7005e-01, 1.5249e-01, 5.9049e-01,  ..., 2.4900e-01,
           2.7155e-01, 3.7918e-01],
          ...,
          [5.1616e-01, 1.2924e-01, 1.9005e-01,  ..., 6.1029e-01,
           1.0969e-01, 5.0320e-01],
          [4.2238e-01, 9.1929e-01, 2.7820e-01,  ..., 8.9310e-01,
           6.9397e-01, 6.7180e-01],
          [4.0769e-02, 3.9044e-01, 3.7227e-01,  ..., 9.2172e-01,
           2.3284e-01, 3.5345e-02]],

         [[5.2961e-01, 9.1334e-01, 2.8313e-01,  ..., 5.4330e-01,
           4.2898e-01, 3.8013e-01],
          [6.0741e-01, 1.4169e-01, 1.0305e-01,  ..., 5.4019e-01,
           7.1524e-01, 7.8404e-01],
          [6.0306e-01, 5.7262e-02, 4.9383e-01,  ..., 1.8511e-01,
           2.0894e-01, 2.0906e-01],
          ...,
          [4.8633e-01, 5.0594e-01, 8.3544e-01,  ..., 8.7018e-01,
           7.8564e-01, 8.9121e-01],
          [5.7458e-01, 1.0896e-01, 1.9698e-02,  ..., 6.6090e-01,
           7.1507e-02, 3.2092e-01],
          [2.4215e-01, 5.6798e-01, 2.0562e-01,  ..., 1.9707e-01,
           2.5367e-01, 5.6212e-01]]],


        [[[3.2219e-01, 6.6542e-01, 5.7096e-01,  ..., 3.1167e-01,
           3.1289e-01, 4.6255e-01],
          [5.5858e-01, 5.9883e-01, 8.0915e-01,  ..., 7.5571e-02,
           6.2962e-01, 8.5048e-01],
          [6.6501e-01, 6.9343e-01, 4.3989e-01,  ..., 1.9475e-01,
           9.2660e-03, 4.0523e-01],
          ...,
          [2.5854e-01, 2.5690e-01, 5.0493e-01,  ..., 2.0305e-02,
           8.7380e-01, 2.5589e-01],
          [9.2119e-01, 8.9219e-01, 2.2211e-01,  ..., 2.8900e-01,
           6.9697e-02, 6.2049e-01],
          [5.0686e-01, 9.4226e-02, 1.5614e-01,  ..., 6.7992e-01,
           9.0802e-01, 6.0834e-03]],

         [[7.0676e-02, 8.9311e-01, 7.8158e-01,  ..., 9.5735e-01,
           9.1215e-01, 8.1459e-01],
          [9.8690e-01, 7.2332e-01, 1.3260e-01,  ..., 4.3033e-01,
           6.6806e-01, 7.1703e-01],
          [4.2287e-01, 6.5262e-01, 1.3056e-02,  ..., 9.3674e-01,
           8.1631e-01, 7.9916e-01],
          ...,
          [2.7085e-01, 8.0285e-01, 9.3165e-01,  ..., 2.2009e-01,
           6.3949e-01, 7.4923e-01],
          [2.1421e-01, 2.3660e-01, 9.0918e-01,  ..., 6.3602e-01,
           9.7440e-01, 7.7932e-01],
          [4.9287e-01, 4.6689e-01, 1.8905e-01,  ..., 6.0574e-01,
           7.4862e-01, 5.7720e-01]],

         [[7.3740e-02, 3.2521e-01, 5.0678e-01,  ..., 7.9700e-01,
           1.8325e-01, 6.4819e-01],
          [5.6980e-01, 6.0469e-01, 5.6661e-01,  ..., 5.7316e-01,
           6.6157e-01, 1.4359e-02],
          [2.4630e-01, 6.6244e-02, 4.8147e-01,  ..., 3.3711e-02,
           8.7045e-01, 7.1012e-01],
          ...,
          [5.8713e-02, 5.4806e-01, 8.6361e-01,  ..., 6.6647e-01,
           8.6231e-01, 7.9128e-01],
          [2.0950e-01, 3.7204e-01, 1.4358e-01,  ..., 8.1458e-01,
           3.2810e-01, 9.9608e-02],
          [4.1002e-01, 1.7036e-01, 5.8887e-01,  ..., 4.4854e-01,
           9.0786e-01, 8.9558e-01]],

         ...,

         [[1.7151e-01, 2.4787e-01, 8.8637e-01,  ..., 7.6039e-01,
           7.8942e-01, 3.9658e-01],
          [7.5009e-01, 4.5961e-01, 6.3700e-01,  ..., 7.9247e-01,
           2.7427e-01, 2.6918e-01],
          [7.5075e-02, 3.7226e-01, 6.8649e-01,  ..., 6.2372e-01,
           7.4266e-01, 1.2344e-01],
          ...,
          [4.2445e-01, 9.0947e-01, 8.5399e-01,  ..., 2.3973e-01,
           8.6346e-01, 5.0261e-01],
          [1.6441e-01, 9.0623e-01, 7.2873e-01,  ..., 7.8673e-01,
           6.5343e-01, 2.8016e-01],
          [4.7054e-01, 9.9899e-01, 4.3744e-01,  ..., 9.0193e-02,
           5.9455e-01, 8.7354e-01]],

         [[9.6826e-02, 4.8447e-01, 2.4072e-02,  ..., 1.5617e-02,
           3.5076e-01, 9.7110e-01],
          [8.0914e-01, 3.2021e-01, 7.2721e-01,  ..., 8.3238e-01,
           7.7689e-01, 3.9456e-01],
          [9.6049e-01, 4.8259e-01, 6.9043e-01,  ..., 3.5605e-01,
           8.8618e-01, 3.2412e-01],
          ...,
          [7.9206e-01, 5.7282e-01, 6.0118e-01,  ..., 3.1248e-01,
           6.4060e-01, 2.6224e-01],
          [1.7495e-01, 8.7841e-01, 4.2314e-01,  ..., 7.1636e-02,
           8.0129e-01, 5.3644e-01],
          [9.7454e-01, 8.6043e-01, 1.0608e-02,  ..., 9.4257e-01,
           1.4664e-01, 2.6591e-01]],

         [[1.2008e-01, 4.5145e-01, 1.3202e-01,  ..., 8.1725e-01,
           4.5387e-01, 7.9380e-01],
          [8.5220e-01, 4.5049e-01, 2.5731e-01,  ..., 4.9616e-01,
           7.4990e-01, 6.9218e-01],
          [9.6032e-02, 5.8068e-01, 6.9786e-01,  ..., 5.5178e-02,
           8.1522e-01, 4.8596e-01],
          ...,
          [3.9438e-01, 9.8092e-01, 5.1389e-01,  ..., 8.5377e-01,
           9.4184e-01, 3.0089e-01],
          [9.3772e-01, 8.2235e-01, 7.9754e-01,  ..., 6.3399e-01,
           6.5858e-01, 6.5241e-01],
          [4.8191e-01, 5.4716e-01, 8.2127e-01,  ..., 6.5628e-01,
           1.9150e-01, 6.8773e-01]]],


        [[[7.8541e-01, 3.3869e-01, 4.6725e-01,  ..., 8.4694e-01,
           9.6734e-01, 7.0229e-01],
          [9.7443e-01, 9.7283e-01, 4.1036e-01,  ..., 3.9649e-01,
           8.1081e-01, 3.8973e-01],
          [6.4616e-01, 1.9415e-01, 1.1364e-01,  ..., 6.1887e-01,
           1.4360e-01, 1.2431e-01],
          ...,
          [3.4144e-01, 3.6224e-02, 1.8445e-01,  ..., 1.4598e-01,
           6.4389e-01, 8.7227e-01],
          [5.9136e-02, 8.0766e-02, 4.8419e-01,  ..., 4.9444e-01,
           3.1441e-01, 7.1308e-01],
          [9.6108e-01, 1.2917e-01, 9.7153e-01,  ..., 7.1969e-01,
           9.5087e-02, 1.6809e-01]],

         [[4.5908e-01, 5.4994e-02, 1.2626e-01,  ..., 2.3001e-01,
           5.3504e-02, 6.2652e-01],
          [9.4955e-01, 7.5263e-01, 1.6371e-01,  ..., 9.5771e-01,
           7.5148e-01, 6.6024e-01],
          [7.5170e-01, 4.8306e-01, 4.5418e-01,  ..., 9.0597e-01,
           3.9181e-01, 1.8561e-01],
          ...,
          [4.6200e-01, 5.6641e-02, 1.2572e-01,  ..., 3.3485e-01,
           5.5256e-01, 5.6459e-01],
          [1.2469e-01, 3.1212e-01, 2.4651e-01,  ..., 1.2975e-01,
           7.5778e-01, 7.9867e-01],
          [9.0408e-02, 5.3141e-02, 1.5960e-01,  ..., 9.3809e-01,
           6.7276e-01, 6.9148e-01]],

         [[5.4249e-01, 3.3906e-02, 7.1020e-01,  ..., 6.7814e-01,
           8.7688e-01, 5.0064e-01],
          [2.4211e-01, 3.2424e-01, 5.5845e-01,  ..., 9.3157e-02,
           4.4326e-01, 5.6695e-01],
          [6.5424e-01, 1.1262e-01, 6.4993e-01,  ..., 8.8386e-01,
           3.6372e-01, 1.8777e-01],
          ...,
          [6.1660e-01, 2.6846e-01, 9.8254e-01,  ..., 2.8577e-02,
           8.5029e-01, 1.7045e-02],
          [6.4189e-01, 3.3502e-01, 4.8471e-01,  ..., 3.0796e-02,
           7.1585e-01, 5.1117e-01],
          [7.5298e-01, 9.5545e-01, 9.1780e-01,  ..., 7.9448e-01,
           4.3943e-01, 9.7141e-01]],

         ...,

         [[6.9309e-02, 2.3228e-01, 5.5312e-01,  ..., 7.9799e-01,
           2.7392e-01, 8.6183e-01],
          [3.5516e-01, 4.6860e-01, 5.9578e-01,  ..., 8.8188e-02,
           1.1293e-01, 2.1009e-02],
          [3.0310e-01, 2.7138e-01, 2.5844e-01,  ..., 6.7751e-01,
           8.1804e-03, 2.0524e-01],
          ...,
          [4.8219e-01, 5.6088e-01, 5.5548e-01,  ..., 1.8894e-01,
           6.9672e-01, 1.8565e-01],
          [6.5597e-01, 7.8258e-01, 7.8929e-01,  ..., 7.6139e-01,
           1.0020e-01, 1.8790e-01],
          [3.3798e-01, 1.3217e-01, 8.6940e-01,  ..., 8.2903e-01,
           5.0839e-01, 7.1350e-01]],

         [[1.3434e-01, 7.7045e-01, 4.2640e-01,  ..., 4.0097e-01,
           3.4074e-01, 7.0936e-01],
          [6.1109e-01, 8.3541e-01, 5.6306e-01,  ..., 1.8393e-02,
           9.7288e-01, 1.2662e-01],
          [3.5234e-01, 3.0241e-01, 8.6342e-01,  ..., 6.9988e-01,
           5.8673e-01, 7.6821e-01],
          ...,
          [7.8476e-01, 3.6359e-01, 8.3643e-01,  ..., 7.9572e-01,
           7.9383e-01, 4.3163e-01],
          [9.8401e-01, 5.9005e-02, 8.6727e-01,  ..., 5.1562e-01,
           7.0677e-01, 9.1182e-01],
          [5.0130e-01, 5.9159e-01, 2.5307e-01,  ..., 4.3588e-01,
           5.9158e-01, 5.6053e-01]],

         [[8.6442e-01, 4.9178e-01, 3.0442e-01,  ..., 1.7722e-01,
           8.8490e-02, 8.3260e-01],
          [9.3449e-01, 2.4678e-01, 2.8324e-01,  ..., 8.7277e-01,
           5.0533e-01, 9.6452e-01],
          [9.2075e-01, 4.8142e-01, 8.7611e-01,  ..., 4.6558e-01,
           5.6658e-01, 2.4174e-01],
          ...,
          [1.4643e-01, 4.3192e-02, 2.8963e-02,  ..., 3.3082e-01,
           7.7963e-01, 8.2445e-01],
          [7.1111e-01, 5.1559e-01, 6.5335e-01,  ..., 4.5253e-01,
           3.2529e-01, 3.9748e-01],
          [7.4155e-01, 5.1409e-02, 5.8265e-01,  ..., 8.3289e-01,
           8.8879e-01, 5.2842e-01]]]])
