tensor([[[[7.2390e-01, 3.9389e-01, 4.3427e-01,  ..., 5.7474e-01,
           8.9230e-01, 3.0960e-01],
          [8.3044e-01, 5.1202e-01, 1.2735e-01,  ..., 6.7159e-01,
           6.9040e-02, 5.2899e-01],
          [2.8237e-01, 3.5458e-01, 2.5468e-01,  ..., 1.3208e-01,
           3.2365e-01, 1.7527e-01],
          ...,
          [6.0905e-02, 5.5919e-02, 3.4857e-01,  ..., 7.8813e-01,
           4.0504e-01, 3.5899e-01],
          [9.8154e-01, 7.4146e-01, 2.6606e-01,  ..., 7.1245e-01,
           7.3162e-01, 5.7529e-01],
          [1.2812e-01, 3.4379e-01, 7.6198e-01,  ..., 1.4401e-01,
           7.5574e-01, 2.2078e-01]],

         [[8.9431e-01, 4.9122e-02, 8.4175e-01,  ..., 1.3959e-01,
           2.4220e-01, 6.7789e-01],
          [9.0764e-01, 3.4403e-01, 2.3503e-01,  ..., 5.9989e-01,
           8.4930e-01, 6.4125e-01],
          [5.5868e-01, 5.8483e-01, 9.4111e-01,  ..., 7.9925e-01,
           9.4253e-01, 1.1355e-01],
          ...,
          [1.0863e-01, 9.9091e-01, 1.2748e-01,  ..., 9.8486e-01,
           5.5428e-01, 5.7653e-01],
          [9.6687e-01, 7.2503e-01, 1.8724e-01,  ..., 9.1341e-01,
           6.9422e-01, 6.1826e-01],
          [9.6541e-01, 1.9737e-01, 7.2651e-01,  ..., 1.4472e-01,
           9.2852e-01, 4.4854e-02]],

         [[9.1068e-01, 8.2504e-02, 6.4334e-01,  ..., 8.5121e-01,
           5.8739e-01, 1.8318e-01],
          [3.2498e-01, 2.8434e-01, 1.2479e-01,  ..., 3.3662e-02,
           4.6617e-01, 5.4622e-01],
          [4.7292e-01, 6.8301e-01, 7.0568e-02,  ..., 7.5929e-01,
           3.7861e-01, 1.7559e-01],
          ...,
          [5.6709e-01, 9.4770e-01, 8.1815e-01,  ..., 8.5076e-01,
           7.2852e-02, 4.4601e-01],
          [4.0773e-01, 4.5424e-01, 4.8219e-01,  ..., 3.2472e-01,
           8.4574e-01, 2.5936e-01],
          [6.9260e-02, 6.1009e-01, 6.8676e-01,  ..., 8.7038e-01,
           4.7765e-01, 4.1212e-01]],

         ...,

         [[8.6077e-01, 4.9278e-01, 2.6610e-01,  ..., 5.2736e-01,
           4.7899e-01, 4.7796e-01],
          [6.2394e-02, 7.9014e-01, 7.9244e-01,  ..., 3.4587e-01,
           4.5511e-01, 8.5186e-01],
          [4.9636e-01, 6.8649e-01, 3.5683e-01,  ..., 2.6564e-01,
           6.3966e-01, 6.5742e-01],
          ...,
          [8.4017e-01, 2.8072e-01, 5.7395e-01,  ..., 3.2456e-01,
           1.1097e-01, 6.9002e-01],
          [4.1295e-01, 1.0135e-01, 6.0132e-01,  ..., 2.6984e-01,
           7.1669e-01, 6.8887e-01],
          [1.6280e-01, 1.1620e-01, 1.2799e-01,  ..., 8.3504e-01,
           5.1011e-01, 1.2037e-02]],

         [[9.5968e-01, 7.1241e-01, 1.9391e-01,  ..., 8.0245e-01,
           9.8331e-01, 3.3611e-01],
          [5.4201e-01, 5.9476e-01, 7.2721e-01,  ..., 3.6326e-02,
           1.9018e-01, 7.2303e-01],
          [7.4060e-01, 5.8594e-02, 1.5140e-01,  ..., 1.0732e-01,
           3.2034e-01, 3.5118e-01],
          ...,
          [3.0377e-01, 7.4768e-01, 8.5235e-01,  ..., 5.0166e-01,
           8.9630e-02, 6.1063e-01],
          [6.0142e-01, 2.7891e-01, 7.8871e-01,  ..., 1.2815e-01,
           8.1734e-01, 6.1141e-01],
          [2.2221e-02, 4.6231e-01, 8.7353e-01,  ..., 7.9122e-01,
           4.0627e-01, 1.1086e-01]],

         [[5.4248e-01, 6.6613e-02, 5.1768e-01,  ..., 5.5974e-01,
           8.1373e-01, 4.9516e-02],
          [1.6684e-01, 3.7839e-01, 3.6575e-01,  ..., 4.9830e-01,
           6.8799e-01, 9.5431e-02],
          [8.5627e-01, 9.1148e-01, 6.4416e-01,  ..., 6.3417e-01,
           2.6578e-01, 6.6567e-01],
          ...,
          [7.5921e-01, 7.4893e-01, 2.8643e-01,  ..., 9.4851e-01,
           7.5496e-01, 5.5214e-02],
          [2.3684e-01, 3.2712e-01, 8.1446e-01,  ..., 4.8879e-01,
           4.7388e-01, 3.7039e-01],
          [7.8275e-01, 5.4636e-01, 9.3483e-01,  ..., 8.1804e-01,
           6.7600e-01, 9.3480e-01]]],


        [[[5.2586e-01, 5.7068e-02, 4.8499e-01,  ..., 1.4713e-01,
           8.6003e-01, 6.8431e-01],
          [9.6240e-01, 2.3200e-01, 2.9226e-01,  ..., 7.3121e-01,
           3.1600e-01, 6.3025e-01],
          [3.5438e-01, 2.3742e-01, 1.2098e-01,  ..., 4.6504e-01,
           1.3125e-01, 7.2184e-01],
          ...,
          [3.6427e-01, 6.2793e-01, 6.6008e-01,  ..., 8.7740e-01,
           7.5961e-01, 6.5972e-02],
          [7.6268e-01, 8.2666e-01, 4.8564e-01,  ..., 4.0864e-01,
           8.0165e-01, 8.0956e-01],
          [6.6565e-02, 1.2017e-01, 7.7034e-02,  ..., 1.4189e-01,
           2.8463e-01, 6.1554e-01]],

         [[4.6472e-01, 2.5365e-01, 4.5330e-02,  ..., 2.5515e-01,
           6.2487e-01, 1.0628e-01],
          [4.7615e-01, 2.2792e-01, 4.9816e-01,  ..., 5.7357e-01,
           7.0617e-01, 9.8205e-01],
          [4.6608e-01, 2.1312e-01, 7.3779e-01,  ..., 4.3147e-01,
           2.9729e-01, 5.3141e-02],
          ...,
          [7.0208e-01, 8.3874e-01, 5.2575e-02,  ..., 8.8825e-01,
           1.9418e-01, 5.7007e-01],
          [8.7367e-01, 3.4835e-01, 4.7345e-02,  ..., 6.9430e-01,
           3.1019e-01, 4.4423e-01],
          [3.2013e-01, 9.6431e-01, 4.0588e-02,  ..., 9.2897e-01,
           4.0578e-01, 3.5216e-01]],

         [[3.7350e-01, 2.3150e-01, 1.5029e-01,  ..., 6.1790e-01,
           3.1829e-01, 3.0847e-01],
          [7.0602e-01, 7.3197e-01, 9.4196e-01,  ..., 7.0022e-02,
           5.0730e-01, 8.3082e-01],
          [5.9835e-03, 2.6813e-01, 8.8642e-01,  ..., 3.6635e-01,
           8.8572e-01, 7.4921e-01],
          ...,
          [8.4242e-01, 7.2587e-01, 3.3462e-01,  ..., 3.0477e-01,
           4.3854e-01, 2.0528e-01],
          [6.8955e-01, 8.5016e-01, 5.4702e-01,  ..., 3.3087e-01,
           9.1074e-01, 5.5490e-01],
          [1.2146e-01, 6.3628e-01, 4.9650e-02,  ..., 4.8427e-01,
           3.2817e-01, 5.3272e-01]],

         ...,

         [[8.2327e-01, 7.1248e-01, 1.7275e-01,  ..., 9.3242e-01,
           1.4773e-01, 1.8826e-01],
          [1.9012e-01, 7.0816e-01, 3.3826e-01,  ..., 8.1999e-01,
           9.4439e-01, 5.7966e-01],
          [2.7555e-01, 1.0548e-01, 6.1289e-02,  ..., 4.3357e-01,
           3.7555e-01, 6.0447e-01],
          ...,
          [2.9973e-01, 4.0670e-01, 1.6775e-01,  ..., 2.3304e-01,
           5.7376e-01, 9.5813e-01],
          [9.2911e-01, 8.6900e-01, 1.1073e-01,  ..., 9.5352e-01,
           4.1307e-01, 7.1803e-01],
          [1.5266e-02, 6.2768e-01, 8.1203e-01,  ..., 9.5887e-03,
           8.9970e-01, 1.4800e-01]],

         [[9.8708e-01, 1.3667e-01, 5.0733e-02,  ..., 6.4512e-01,
           5.8777e-01, 7.1075e-01],
          [8.7330e-02, 7.2838e-01, 3.2626e-01,  ..., 2.2677e-01,
           3.8342e-01, 9.1920e-01],
          [7.4419e-02, 6.7262e-01, 7.2836e-01,  ..., 4.0158e-01,
           9.7590e-01, 8.1066e-01],
          ...,
          [1.3007e-01, 5.6601e-01, 3.5018e-01,  ..., 2.6714e-01,
           2.4988e-01, 3.9393e-01],
          [4.2857e-01, 3.5761e-01, 2.0488e-01,  ..., 5.5723e-01,
           5.4406e-02, 3.5869e-01],
          [2.8542e-01, 9.5831e-01, 9.0263e-01,  ..., 5.7029e-01,
           3.2393e-01, 2.2848e-01]],

         [[5.0685e-01, 9.8789e-01, 8.0892e-01,  ..., 9.3541e-01,
           4.9938e-01, 5.0787e-01],
          [5.6908e-01, 1.7840e-01, 1.1967e-01,  ..., 2.9492e-01,
           7.3762e-01, 5.4635e-01],
          [2.9102e-01, 3.0107e-01, 4.0666e-01,  ..., 6.4398e-01,
           8.4141e-01, 9.8167e-01],
          ...,
          [2.7185e-01, 5.2746e-01, 9.3810e-01,  ..., 4.8077e-01,
           8.6021e-01, 2.5652e-02],
          [9.1830e-01, 7.0529e-01, 8.3833e-02,  ..., 3.0600e-01,
           4.7674e-01, 7.0105e-02],
          [3.1830e-01, 2.8084e-02, 7.3209e-01,  ..., 1.8563e-01,
           7.0025e-01, 6.1865e-01]]],


        [[[8.2924e-01, 5.7254e-02, 3.6267e-01,  ..., 4.9670e-01,
           8.7162e-01, 7.5482e-01],
          [7.2429e-01, 8.7612e-01, 5.3698e-01,  ..., 2.4333e-01,
           6.6862e-01, 5.5789e-01],
          [1.8936e-02, 6.3886e-01, 3.9952e-01,  ..., 8.9922e-01,
           1.7644e-02, 1.8797e-01],
          ...,
          [2.1365e-01, 1.0710e-01, 6.2399e-01,  ..., 7.3248e-02,
           4.1485e-01, 5.4720e-01],
          [5.3557e-02, 2.8723e-01, 2.6566e-01,  ..., 9.8027e-01,
           9.0773e-01, 5.2339e-01],
          [1.0400e-01, 1.5885e-02, 8.3927e-01,  ..., 2.2477e-01,
           1.2627e-01, 4.8294e-01]],

         [[5.9100e-01, 8.0209e-01, 7.2462e-01,  ..., 8.0576e-01,
           2.0906e-01, 9.5752e-01],
          [8.5505e-01, 9.0831e-01, 8.6451e-01,  ..., 4.3744e-01,
           8.6724e-01, 8.3128e-01],
          [1.1417e-01, 5.3841e-01, 6.4156e-01,  ..., 9.2147e-01,
           8.2775e-01, 6.2606e-01],
          ...,
          [2.7996e-02, 4.9520e-01, 3.2945e-01,  ..., 1.1558e-01,
           4.2171e-01, 6.2809e-01],
          [9.5158e-01, 6.7771e-03, 8.9192e-01,  ..., 9.2473e-01,
           8.0067e-01, 6.7114e-01],
          [8.6179e-01, 1.2880e-01, 3.5907e-01,  ..., 4.6007e-01,
           1.0580e-01, 1.7392e-01]],

         [[5.8944e-01, 7.6419e-01, 8.6653e-01,  ..., 3.7405e-01,
           7.3280e-01, 5.5742e-01],
          [6.8517e-01, 3.1233e-01, 2.5443e-01,  ..., 6.8343e-01,
           9.3517e-01, 2.8661e-01],
          [1.4907e-02, 3.8016e-02, 8.8090e-01,  ..., 6.6243e-01,
           6.1722e-01, 2.1068e-01],
          ...,
          [3.6507e-02, 9.5371e-01, 4.0712e-01,  ..., 3.7455e-02,
           2.4682e-01, 9.5018e-01],
          [4.4042e-01, 2.5512e-01, 2.2867e-01,  ..., 1.4214e-01,
           7.3719e-01, 8.7466e-02],
          [1.9341e-01, 4.1975e-01, 9.6229e-01,  ..., 8.5894e-02,
           8.2403e-01, 1.9002e-01]],

         ...,

         [[1.7672e-01, 5.9634e-01, 4.4296e-01,  ..., 8.1070e-01,
           1.0129e-01, 3.6530e-01],
          [2.5657e-01, 3.1270e-01, 8.7770e-01,  ..., 6.2164e-01,
           3.1500e-02, 6.8164e-01],
          [1.4679e-01, 1.3637e-01, 8.9726e-01,  ..., 8.8268e-01,
           4.8821e-02, 8.7592e-01],
          ...,
          [7.2545e-02, 9.3790e-01, 6.7763e-01,  ..., 5.7611e-02,
           9.1314e-01, 9.3699e-01],
          [3.6296e-01, 2.0752e-01, 1.7212e-02,  ..., 9.1436e-01,
           7.9597e-01, 5.8628e-01],
          [1.1924e-01, 4.5296e-01, 5.6192e-01,  ..., 7.9607e-01,
           3.7547e-01, 8.8276e-01]],

         [[8.2419e-01, 9.3873e-01, 6.2871e-01,  ..., 8.5376e-01,
           1.8794e-01, 2.5704e-01],
          [7.3922e-01, 5.0128e-02, 5.7738e-01,  ..., 2.7406e-01,
           2.8579e-01, 6.1069e-01],
          [4.3496e-01, 4.2861e-01, 7.8029e-01,  ..., 6.1284e-02,
           1.8740e-04, 8.3550e-01],
          ...,
          [2.7324e-01, 5.8416e-01, 1.5954e-01,  ..., 2.5020e-01,
           4.7810e-01, 9.6207e-01],
          [6.9046e-02, 4.0309e-01, 8.7563e-01,  ..., 7.6027e-01,
           9.1893e-01, 1.9701e-01],
          [8.4108e-01, 4.2993e-01, 6.0963e-01,  ..., 7.1191e-01,
           4.2223e-01, 8.4664e-01]],

         [[4.5594e-01, 1.6487e-01, 8.8079e-03,  ..., 2.8060e-01,
           6.2066e-01, 8.7603e-01],
          [6.9679e-01, 6.8822e-01, 8.3938e-01,  ..., 6.8351e-01,
           2.0192e-01, 7.7724e-01],
          [7.7632e-01, 6.8793e-01, 6.8908e-01,  ..., 7.3486e-01,
           2.8532e-01, 5.4136e-01],
          ...,
          [1.6182e-01, 5.1998e-01, 4.0254e-02,  ..., 6.3247e-01,
           9.4326e-01, 4.7905e-01],
          [2.9428e-02, 1.1032e-01, 1.3994e-01,  ..., 1.4808e-01,
           1.6789e-01, 2.3105e-01],
          [9.4352e-01, 9.5037e-01, 2.2484e-02,  ..., 2.7556e-01,
           5.6757e-01, 3.3580e-01]]],


        ...,


        [[[4.2429e-01, 5.3464e-01, 8.5844e-01,  ..., 9.6856e-01,
           7.4603e-02, 9.3384e-01],
          [6.3973e-01, 3.3740e-01, 6.9036e-01,  ..., 8.3120e-02,
           1.1627e-01, 8.2756e-01],
          [8.7694e-01, 1.9296e-02, 5.5339e-01,  ..., 7.9512e-01,
           8.5933e-01, 5.4552e-01],
          ...,
          [8.2946e-01, 7.4393e-02, 5.0722e-01,  ..., 5.2831e-01,
           1.7942e-03, 9.9172e-01],
          [4.9427e-02, 2.8852e-01, 3.8379e-01,  ..., 2.9675e-01,
           6.4512e-01, 6.1985e-01],
          [9.7133e-01, 5.1406e-02, 4.9533e-01,  ..., 4.8267e-01,
           9.0137e-01, 5.1200e-01]],

         [[2.5364e-02, 9.5168e-01, 4.2429e-01,  ..., 8.3034e-01,
           6.0821e-01, 9.2311e-01],
          [6.7268e-01, 1.2374e-01, 3.1295e-01,  ..., 2.9537e-01,
           9.3217e-01, 6.0751e-01],
          [6.2844e-02, 9.4682e-01, 1.4300e-01,  ..., 9.0776e-01,
           2.6989e-01, 8.9692e-01],
          ...,
          [5.7407e-01, 3.5480e-01, 5.1850e-01,  ..., 7.4809e-01,
           6.5532e-01, 8.4728e-01],
          [8.7990e-02, 6.9426e-01, 6.6489e-01,  ..., 5.1527e-01,
           3.3587e-01, 9.7281e-01],
          [9.3933e-01, 2.2648e-01, 6.3137e-01,  ..., 9.2779e-01,
           4.5369e-01, 3.0253e-01]],

         [[5.7138e-01, 9.8520e-01, 8.4491e-01,  ..., 1.8629e-01,
           1.6758e-01, 3.9731e-01],
          [3.9559e-01, 5.1570e-01, 6.5467e-01,  ..., 2.8718e-01,
           7.0113e-01, 6.2759e-01],
          [6.5080e-01, 9.0394e-01, 1.8264e-01,  ..., 1.9978e-01,
           6.5852e-01, 5.0322e-01],
          ...,
          [2.2479e-01, 5.5756e-01, 9.9058e-01,  ..., 6.8734e-01,
           1.6323e-01, 4.0993e-01],
          [5.7737e-01, 9.0482e-01, 6.4356e-01,  ..., 9.2162e-01,
           9.8890e-01, 8.0491e-01],
          [4.7470e-01, 3.3442e-02, 9.0109e-01,  ..., 9.8186e-01,
           1.3508e-01, 1.2019e-01]],

         ...,

         [[7.5913e-01, 8.5722e-01, 1.6716e-01,  ..., 1.7036e-01,
           6.9686e-01, 5.7084e-01],
          [9.6404e-01, 7.4195e-02, 9.7232e-01,  ..., 1.0810e-01,
           1.9393e-01, 9.7389e-01],
          [9.2991e-01, 5.5615e-01, 2.1750e-01,  ..., 6.9856e-01,
           2.1397e-01, 5.1329e-02],
          ...,
          [1.3830e-01, 1.9534e-01, 4.2454e-01,  ..., 8.0735e-01,
           3.4545e-01, 9.2013e-01],
          [7.4228e-01, 5.3261e-01, 2.2569e-01,  ..., 1.5987e-01,
           4.1612e-01, 3.5751e-01],
          [9.1019e-01, 7.0017e-02, 4.3811e-01,  ..., 4.6273e-01,
           3.8370e-01, 7.4810e-01]],

         [[7.6558e-01, 2.8146e-01, 1.6239e-01,  ..., 2.0610e-01,
           3.2181e-01, 9.3597e-01],
          [9.4288e-01, 9.8658e-01, 3.1438e-01,  ..., 4.6342e-01,
           3.9591e-01, 5.2025e-01],
          [1.4184e-01, 1.2482e-01, 1.6968e-01,  ..., 3.4793e-01,
           9.8192e-01, 9.9473e-01],
          ...,
          [7.7663e-01, 1.5033e-01, 9.1783e-01,  ..., 4.4917e-01,
           2.1051e-01, 9.4690e-01],
          [7.3615e-01, 1.9397e-01, 3.1320e-02,  ..., 5.2528e-01,
           1.9151e-02, 4.7718e-01],
          [4.2338e-01, 6.5417e-01, 7.8098e-01,  ..., 6.9568e-01,
           3.3803e-01, 6.3553e-02]],

         [[1.3082e-01, 7.2740e-01, 8.5350e-01,  ..., 3.4577e-01,
           9.1789e-01, 5.5878e-01],
          [8.7629e-01, 1.8497e-01, 7.7921e-01,  ..., 3.2855e-01,
           2.8744e-01, 5.6671e-01],
          [4.0781e-01, 3.8348e-01, 4.2412e-01,  ..., 2.9376e-01,
           1.0637e-01, 7.5620e-02],
          ...,
          [1.9836e-01, 3.9594e-01, 5.8136e-02,  ..., 1.4539e-01,
           7.3219e-01, 8.8885e-01],
          [4.3790e-01, 1.7801e-01, 4.4267e-01,  ..., 3.2505e-01,
           3.7147e-01, 5.7730e-01],
          [9.3978e-01, 5.7271e-01, 7.0017e-01,  ..., 6.5499e-01,
           9.2954e-01, 7.4871e-01]]],


        [[[6.7036e-01, 6.6282e-01, 7.8064e-03,  ..., 3.7942e-01,
           1.2194e-01, 3.6405e-01],
          [9.1065e-01, 6.1679e-01, 3.9294e-01,  ..., 7.2589e-01,
           5.9096e-01, 3.1924e-01],
          [6.2116e-01, 3.6990e-01, 6.0859e-02,  ..., 2.4235e-02,
           2.6677e-01, 9.4254e-01],
          ...,
          [5.0777e-01, 9.8167e-01, 5.5203e-01,  ..., 2.9505e-01,
           5.0540e-01, 1.6289e-01],
          [8.9519e-01, 7.6020e-01, 6.8241e-01,  ..., 8.5351e-01,
           3.2450e-02, 5.9200e-01],
          [9.7391e-01, 5.4930e-01, 5.0111e-02,  ..., 6.5382e-01,
           4.5329e-01, 1.3314e-01]],

         [[9.5097e-01, 3.2708e-01, 5.0688e-01,  ..., 5.1309e-01,
           6.2183e-01, 4.5589e-01],
          [8.7513e-01, 2.3757e-01, 2.6261e-01,  ..., 9.6976e-01,
           2.4037e-01, 7.6662e-02],
          [3.2026e-01, 6.7036e-01, 2.8584e-01,  ..., 8.2331e-01,
           7.4496e-01, 4.3255e-01],
          ...,
          [5.1457e-01, 7.1167e-02, 9.6077e-02,  ..., 2.8043e-01,
           9.9197e-01, 8.8767e-01],
          [2.6006e-01, 3.1954e-01, 8.9462e-01,  ..., 6.2834e-01,
           3.6614e-01, 9.3711e-01],
          [9.6316e-01, 1.1734e-01, 7.9495e-01,  ..., 5.4545e-01,
           9.0664e-01, 4.6733e-01]],

         [[9.9938e-01, 3.7582e-01, 2.8218e-01,  ..., 5.2242e-01,
           4.3858e-01, 4.5313e-02],
          [3.6693e-01, 4.1762e-01, 9.5596e-01,  ..., 1.1308e-02,
           1.8425e-01, 3.2259e-01],
          [7.1311e-01, 2.1397e-01, 5.9032e-01,  ..., 6.3881e-01,
           1.8878e-01, 5.3571e-01],
          ...,
          [9.4357e-01, 3.1814e-01, 2.1669e-01,  ..., 6.7249e-01,
           3.7285e-01, 9.9051e-01],
          [9.7300e-01, 8.0862e-01, 7.9580e-01,  ..., 9.0857e-01,
           1.0960e-01, 9.0828e-01],
          [8.8751e-01, 3.1067e-01, 4.5636e-01,  ..., 9.6293e-01,
           5.3051e-01, 6.4402e-01]],

         ...,

         [[3.6772e-03, 6.9346e-01, 2.8294e-01,  ..., 2.7094e-01,
           4.8829e-01, 5.5863e-01],
          [4.7267e-01, 6.5737e-02, 1.0626e-01,  ..., 2.7462e-01,
           1.3237e-01, 5.2601e-01],
          [6.4400e-02, 7.4360e-01, 3.1419e-02,  ..., 4.1542e-01,
           1.4873e-01, 1.6571e-01],
          ...,
          [2.0797e-01, 8.5482e-01, 8.6547e-01,  ..., 9.1537e-01,
           9.2993e-02, 6.5929e-01],
          [9.9048e-01, 7.2895e-01, 9.1967e-02,  ..., 9.5155e-01,
           6.4866e-01, 5.0848e-01],
          [2.9550e-01, 2.4777e-01, 4.0785e-01,  ..., 2.8345e-01,
           6.4791e-02, 9.2280e-01]],

         [[4.2247e-01, 2.8734e-02, 8.4926e-01,  ..., 7.3067e-01,
           8.5378e-01, 5.9360e-01],
          [9.6223e-01, 7.5752e-01, 5.3476e-01,  ..., 2.6916e-02,
           7.0052e-01, 6.0068e-01],
          [9.1136e-01, 8.5139e-01, 5.8077e-01,  ..., 1.4858e-01,
           6.4444e-03, 8.4587e-01],
          ...,
          [4.9183e-01, 6.7879e-01, 2.7414e-01,  ..., 1.1049e-01,
           5.6669e-01, 9.7246e-01],
          [1.0625e-02, 3.9185e-01, 8.5312e-01,  ..., 2.2403e-01,
           7.2780e-01, 1.8648e-01],
          [4.5094e-01, 4.0553e-01, 5.5918e-02,  ..., 8.0848e-02,
           7.4127e-01, 9.3119e-01]],

         [[2.5437e-01, 4.0887e-01, 2.2834e-01,  ..., 9.8812e-01,
           5.3276e-01, 1.9445e-01],
          [1.7025e-01, 3.9220e-01, 8.9955e-01,  ..., 8.3498e-01,
           1.2293e-02, 7.9465e-01],
          [3.3670e-01, 2.9744e-01, 9.4342e-01,  ..., 4.3325e-01,
           5.9566e-01, 3.0845e-01],
          ...,
          [6.5247e-01, 2.8795e-02, 7.3517e-01,  ..., 9.4258e-01,
           2.0969e-01, 1.8177e-02],
          [1.2888e-01, 2.0252e-01, 5.5637e-01,  ..., 9.5002e-01,
           2.9834e-01, 2.6230e-02],
          [7.0818e-01, 2.9728e-01, 6.7239e-01,  ..., 9.8421e-01,
           9.5447e-01, 3.9428e-02]]],


        [[[6.8569e-01, 4.4944e-01, 8.5979e-01,  ..., 3.1033e-01,
           6.8405e-01, 3.5098e-02],
          [1.6968e-01, 6.7045e-01, 7.3821e-01,  ..., 3.8308e-01,
           7.4088e-01, 6.8392e-02],
          [6.4922e-01, 6.4576e-01, 3.1887e-01,  ..., 5.2751e-01,
           2.3436e-01, 3.1324e-01],
          ...,
          [4.1755e-01, 6.2889e-01, 7.0294e-01,  ..., 7.5873e-01,
           1.3369e-01, 1.3683e-02],
          [2.3936e-01, 4.5664e-01, 5.2217e-01,  ..., 2.3875e-01,
           2.6101e-01, 5.1622e-01],
          [7.4258e-01, 7.4712e-01, 7.0205e-01,  ..., 3.8411e-01,
           9.0377e-01, 7.3245e-01]],

         [[3.5136e-01, 6.5734e-01, 8.5220e-01,  ..., 7.1278e-01,
           8.6662e-01, 8.0309e-01],
          [6.2387e-01, 5.9802e-01, 8.0057e-02,  ..., 2.7265e-01,
           8.9430e-02, 9.1956e-01],
          [7.1962e-01, 6.2248e-01, 5.7620e-01,  ..., 4.4909e-02,
           3.8042e-01, 9.9943e-01],
          ...,
          [4.5112e-01, 3.1592e-01, 4.0066e-01,  ..., 9.1403e-01,
           3.9166e-01, 2.9931e-01],
          [4.7552e-01, 9.0410e-01, 5.5085e-01,  ..., 6.8234e-01,
           2.5415e-01, 8.4523e-01],
          [7.1835e-01, 2.0693e-01, 6.0927e-01,  ..., 3.1488e-01,
           4.7054e-01, 4.5162e-01]],

         [[3.1661e-01, 3.6597e-01, 6.1349e-01,  ..., 9.5668e-01,
           8.1658e-01, 1.7890e-01],
          [4.7217e-01, 8.1256e-01, 9.4152e-01,  ..., 9.5399e-01,
           4.3005e-01, 7.8750e-01],
          [1.2638e-01, 9.4029e-01, 6.9507e-01,  ..., 4.0174e-01,
           3.6343e-01, 5.4283e-01],
          ...,
          [4.7216e-01, 9.4387e-01, 3.6590e-01,  ..., 7.8053e-01,
           7.6577e-01, 6.0595e-01],
          [5.0824e-01, 3.7074e-01, 4.5492e-01,  ..., 8.4556e-01,
           5.7515e-01, 7.7975e-01],
          [1.5290e-01, 4.7382e-01, 6.1584e-01,  ..., 8.9653e-01,
           1.9776e-01, 8.0395e-01]],

         ...,

         [[7.5308e-01, 6.4537e-01, 1.1260e-01,  ..., 8.2385e-01,
           4.2851e-01, 4.4973e-01],
          [2.5841e-01, 7.6026e-01, 3.9850e-01,  ..., 9.0935e-01,
           2.7827e-01, 3.4406e-01],
          [7.5775e-03, 6.4977e-01, 4.9562e-01,  ..., 6.1939e-01,
           5.2094e-01, 4.0644e-01],
          ...,
          [6.0954e-01, 9.7766e-01, 1.9723e-01,  ..., 9.2814e-01,
           4.1144e-01, 6.8945e-01],
          [9.5103e-01, 7.0997e-01, 6.8027e-01,  ..., 6.5083e-01,
           1.7256e-04, 5.5464e-01],
          [3.7339e-01, 8.0299e-01, 4.9948e-01,  ..., 3.4784e-01,
           8.0811e-01, 1.8978e-01]],

         [[4.6780e-01, 5.5701e-01, 4.8518e-01,  ..., 3.2014e-01,
           3.5438e-01, 6.6874e-01],
          [6.9335e-01, 2.6036e-01, 9.4925e-01,  ..., 7.4806e-01,
           4.0637e-01, 3.1882e-01],
          [2.8125e-01, 6.1081e-01, 6.6096e-01,  ..., 9.1836e-01,
           1.0437e-01, 9.4402e-01],
          ...,
          [9.7515e-01, 2.2911e-01, 9.7328e-01,  ..., 1.4838e-01,
           5.2968e-01, 5.3127e-01],
          [4.8071e-01, 8.8137e-01, 4.4941e-01,  ..., 2.0304e-01,
           2.4130e-01, 3.0168e-01],
          [9.0750e-01, 8.0758e-01, 8.6064e-01,  ..., 6.0303e-01,
           4.4612e-01, 2.5937e-01]],

         [[7.1966e-01, 9.4489e-01, 6.7106e-03,  ..., 4.8108e-01,
           1.0716e-01, 8.3862e-02],
          [8.3035e-01, 2.8149e-01, 8.2360e-01,  ..., 5.4941e-01,
           6.3844e-01, 9.0440e-01],
          [3.6556e-01, 5.8821e-01, 1.2273e-01,  ..., 5.8057e-01,
           6.7413e-01, 9.1685e-01],
          ...,
          [6.8026e-02, 5.3725e-01, 2.0118e-01,  ..., 5.6818e-01,
           1.5329e-01, 2.4040e-01],
          [4.5801e-01, 9.3589e-01, 7.4762e-01,  ..., 3.1054e-01,
           3.0014e-02, 8.6727e-02],
          [1.0917e-01, 8.6091e-01, 6.7631e-01,  ..., 5.5306e-01,
           7.7974e-02, 4.0189e-01]]]])
