tensor([[[[1.4066e-01, 9.4657e-01, 9.4832e-01,  ..., 9.2395e-01,
           7.2785e-01, 5.8144e-01],
          [2.6333e-01, 3.3047e-01, 6.2812e-01,  ..., 3.5028e-02,
           3.4688e-01, 1.8576e-01],
          [2.7816e-01, 1.6489e-01, 8.5948e-01,  ..., 5.7206e-01,
           8.8403e-01, 4.7742e-02],
          ...,
          [1.9539e-01, 1.8145e-01, 8.9366e-01,  ..., 2.6592e-01,
           4.6580e-01, 4.9352e-01],
          [3.4536e-01, 2.9732e-01, 8.9079e-01,  ..., 9.9337e-01,
           3.4521e-01, 5.5189e-01],
          [3.8293e-01, 1.1268e-01, 1.1607e-01,  ..., 8.4360e-01,
           6.8478e-01, 7.8281e-01]],

         [[7.1535e-01, 4.0527e-01, 9.4518e-01,  ..., 5.1348e-01,
           4.9121e-01, 7.7048e-01],
          [4.0995e-02, 8.8908e-01, 9.4505e-01,  ..., 2.3575e-01,
           1.5665e-01, 8.6480e-01],
          [3.9453e-02, 6.7325e-01, 6.9694e-01,  ..., 5.4834e-01,
           6.2367e-01, 2.4106e-01],
          ...,
          [3.6093e-01, 1.2647e-02, 7.3462e-01,  ..., 7.5220e-01,
           4.8323e-01, 1.2596e-01],
          [2.6032e-01, 7.3123e-01, 2.0908e-01,  ..., 2.6850e-01,
           4.0214e-01, 7.0823e-01],
          [6.8428e-02, 5.3011e-01, 5.5657e-01,  ..., 6.8551e-01,
           6.2196e-01, 3.4486e-01]],

         [[5.4133e-01, 2.6790e-01, 1.1567e-01,  ..., 3.4701e-01,
           8.1590e-01, 8.7453e-01],
          [1.3618e-01, 3.0888e-01, 4.9784e-01,  ..., 5.8392e-01,
           1.6212e-01, 5.9038e-01],
          [7.9613e-01, 5.1326e-01, 9.1832e-01,  ..., 7.4824e-01,
           7.9735e-01, 3.0925e-01],
          ...,
          [5.4595e-01, 5.5646e-02, 8.4931e-01,  ..., 3.4039e-01,
           2.9095e-01, 9.1065e-01],
          [1.1112e-01, 9.2962e-01, 5.6591e-01,  ..., 5.7310e-01,
           3.3808e-01, 1.2873e-01],
          [4.7657e-02, 8.6185e-01, 4.1758e-01,  ..., 6.5693e-01,
           6.7870e-01, 7.0935e-01]],

         ...,

         [[4.9221e-01, 9.0746e-01, 8.0848e-01,  ..., 7.4957e-02,
           6.8781e-01, 9.7793e-01],
          [9.0785e-01, 6.9404e-03, 6.4398e-01,  ..., 3.5936e-01,
           5.4485e-01, 9.3302e-01],
          [9.1383e-01, 1.5085e-01, 7.5135e-01,  ..., 1.1403e-01,
           7.4407e-01, 7.6373e-01],
          ...,
          [7.3335e-01, 6.9589e-01, 6.3672e-02,  ..., 6.7748e-01,
           8.5032e-01, 8.0974e-01],
          [1.7617e-02, 5.3749e-01, 1.8209e-01,  ..., 7.2525e-01,
           3.0629e-01, 8.8105e-01],
          [3.7253e-03, 3.9661e-01, 7.9684e-01,  ..., 2.6845e-01,
           3.8948e-01, 6.7551e-01]],

         [[7.1726e-02, 2.4176e-02, 9.1313e-01,  ..., 6.1646e-01,
           5.8189e-01, 1.1322e-01],
          [3.7214e-02, 4.8281e-01, 4.1314e-01,  ..., 4.9321e-01,
           6.7719e-02, 9.0806e-01],
          [8.5760e-01, 3.2895e-01, 7.7480e-01,  ..., 1.1741e-01,
           9.4594e-01, 4.3938e-01],
          ...,
          [9.3604e-01, 2.2535e-01, 5.1967e-01,  ..., 2.8734e-01,
           9.0654e-01, 5.0928e-01],
          [4.2277e-01, 4.3065e-01, 2.2694e-01,  ..., 3.3469e-01,
           4.1814e-01, 5.3051e-01],
          [6.5230e-01, 7.0339e-01, 4.3902e-01,  ..., 4.8451e-01,
           4.0818e-01, 1.3240e-01]],

         [[8.6887e-01, 4.5876e-02, 8.1394e-01,  ..., 4.5338e-01,
           8.2379e-01, 3.4012e-02],
          [8.4326e-01, 6.1145e-01, 3.9132e-02,  ..., 6.5938e-01,
           7.4568e-01, 3.1231e-01],
          [7.5002e-01, 1.6830e-01, 5.6398e-01,  ..., 6.2642e-01,
           3.9412e-01, 4.8161e-01],
          ...,
          [2.6865e-01, 7.8549e-01, 3.2895e-01,  ..., 8.4537e-01,
           1.5653e-01, 5.1827e-01],
          [4.1768e-01, 9.3787e-01, 9.6418e-02,  ..., 8.2390e-01,
           7.6773e-01, 9.3695e-01],
          [1.0578e-01, 4.8078e-01, 5.7633e-02,  ..., 3.8549e-01,
           1.1882e-01, 2.3970e-01]]],


        [[[7.9656e-01, 3.3809e-01, 9.6024e-01,  ..., 9.6695e-01,
           1.7003e-01, 3.2943e-02],
          [6.5706e-01, 5.6801e-01, 4.7849e-01,  ..., 1.9142e-01,
           4.1713e-01, 4.8350e-01],
          [2.9488e-01, 6.7968e-02, 5.7513e-01,  ..., 7.7081e-01,
           1.4506e-01, 8.8487e-01],
          ...,
          [3.2214e-01, 9.4524e-01, 4.3039e-01,  ..., 5.0645e-01,
           1.6145e-01, 8.7936e-01],
          [9.9554e-01, 3.3283e-01, 2.3314e-01,  ..., 3.8573e-01,
           9.3437e-01, 7.8008e-01],
          [1.9255e-01, 6.8543e-01, 2.7347e-01,  ..., 5.8049e-01,
           3.9138e-01, 8.9878e-01]],

         [[9.0172e-01, 9.2015e-01, 5.2317e-01,  ..., 7.9129e-01,
           4.9571e-01, 7.6973e-01],
          [4.1848e-01, 9.6613e-01, 7.6801e-01,  ..., 2.6606e-01,
           9.2220e-01, 7.2724e-01],
          [3.9045e-01, 5.5367e-01, 4.3089e-01,  ..., 3.9345e-01,
           3.4257e-01, 2.4428e-01],
          ...,
          [6.5057e-01, 1.6773e-01, 8.9993e-02,  ..., 9.3287e-01,
           3.4807e-01, 1.2724e-01],
          [1.7396e-02, 7.1249e-01, 1.3893e-01,  ..., 5.8371e-01,
           5.5672e-01, 5.6480e-01],
          [2.1670e-01, 5.1097e-01, 9.9150e-01,  ..., 4.9974e-01,
           4.3037e-01, 7.3808e-01]],

         [[3.5543e-01, 6.8016e-01, 1.7452e-01,  ..., 6.1256e-01,
           2.7151e-01, 1.8817e-01],
          [8.9082e-01, 9.9976e-01, 7.1251e-01,  ..., 6.3688e-01,
           5.8777e-01, 2.0945e-01],
          [2.1157e-01, 6.3079e-01, 7.2128e-01,  ..., 8.8804e-01,
           7.2697e-01, 4.1971e-01],
          ...,
          [1.5221e-01, 6.4876e-01, 2.2527e-01,  ..., 6.3015e-02,
           5.2216e-01, 2.2734e-01],
          [2.1165e-01, 9.5980e-01, 2.7101e-02,  ..., 7.2853e-01,
           8.9696e-01, 1.8162e-01],
          [1.2954e-01, 2.9422e-01, 3.7892e-01,  ..., 2.0250e-02,
           2.2995e-01, 5.3306e-01]],

         ...,

         [[6.0141e-01, 7.8875e-01, 5.1971e-01,  ..., 3.8131e-01,
           3.2996e-03, 1.9302e-01],
          [6.8695e-01, 8.4890e-01, 5.6301e-01,  ..., 1.3798e-01,
           1.7695e-01, 7.8835e-01],
          [9.0012e-01, 2.3606e-01, 8.6059e-01,  ..., 2.3686e-01,
           4.5839e-01, 2.4981e-01],
          ...,
          [6.7961e-01, 4.1883e-01, 4.9893e-01,  ..., 8.8195e-02,
           6.8417e-01, 4.1355e-01],
          [5.8184e-01, 2.0609e-01, 6.0521e-01,  ..., 4.3149e-02,
           9.2891e-01, 9.1440e-01],
          [2.4051e-01, 6.9199e-01, 6.7988e-01,  ..., 8.7053e-01,
           4.2480e-01, 5.0486e-01]],

         [[6.7051e-01, 4.4746e-01, 3.7093e-01,  ..., 1.2307e-01,
           6.7624e-01, 1.2191e-01],
          [5.8518e-01, 4.0942e-01, 3.3098e-01,  ..., 6.8213e-01,
           2.3336e-01, 8.9114e-01],
          [2.3321e-01, 1.2850e-01, 9.9527e-01,  ..., 9.0635e-01,
           5.6500e-01, 7.6381e-01],
          ...,
          [8.5075e-01, 5.2689e-01, 6.0430e-01,  ..., 3.9722e-01,
           4.1430e-01, 4.4275e-01],
          [5.6585e-02, 9.5450e-01, 1.1991e-01,  ..., 1.2089e-02,
           8.8839e-01, 7.8394e-01],
          [6.6052e-01, 3.1609e-01, 3.0299e-01,  ..., 4.1349e-01,
           5.4152e-01, 6.7813e-01]],

         [[1.0263e-01, 2.2410e-01, 2.8944e-01,  ..., 1.8680e-01,
           8.2615e-01, 1.2069e-01],
          [7.6233e-01, 4.7251e-01, 4.3462e-01,  ..., 3.3351e-01,
           7.2359e-01, 4.2302e-01],
          [3.6886e-02, 8.9125e-01, 9.7987e-01,  ..., 8.6740e-01,
           7.7961e-01, 4.9699e-01],
          ...,
          [9.9294e-01, 4.9438e-01, 2.0572e-01,  ..., 4.2131e-01,
           3.2302e-01, 8.5093e-01],
          [7.9876e-01, 2.4657e-01, 2.8852e-01,  ..., 9.3385e-01,
           7.4790e-01, 3.3133e-01],
          [2.7912e-01, 8.4255e-01, 2.8079e-01,  ..., 5.0386e-01,
           1.2671e-01, 7.9243e-01]]],


        [[[2.7102e-01, 2.0248e-01, 3.4642e-01,  ..., 4.9117e-01,
           3.7075e-02, 5.5262e-01],
          [8.4887e-01, 5.4588e-01, 8.3274e-01,  ..., 4.4365e-01,
           1.0706e-02, 4.0853e-01],
          [6.1184e-02, 7.3331e-01, 9.3258e-01,  ..., 9.9784e-01,
           6.1486e-01, 3.7544e-03],
          ...,
          [1.7415e-01, 2.1239e-01, 7.6690e-02,  ..., 6.8554e-01,
           1.1340e-01, 4.5207e-01],
          [3.1901e-02, 8.8744e-01, 6.0523e-02,  ..., 7.9950e-01,
           7.5611e-01, 5.6041e-01],
          [2.3955e-01, 7.2676e-01, 9.7345e-01,  ..., 8.9299e-01,
           7.7123e-01, 8.1176e-01]],

         [[8.7328e-01, 2.1956e-01, 3.6898e-01,  ..., 2.2232e-01,
           8.0842e-01, 5.1122e-01],
          [4.2307e-01, 4.0106e-01, 1.1495e-01,  ..., 4.4503e-02,
           4.2441e-02, 4.8602e-01],
          [7.0296e-01, 9.3031e-01, 9.0784e-01,  ..., 1.1547e-01,
           4.6559e-01, 3.7027e-01],
          ...,
          [6.1698e-01, 6.8064e-01, 7.2169e-01,  ..., 8.1012e-01,
           3.9150e-01, 3.4291e-02],
          [4.8563e-01, 9.7452e-01, 3.1062e-01,  ..., 3.7829e-01,
           2.6630e-01, 8.9656e-01],
          [1.5993e-01, 7.9038e-01, 6.3963e-02,  ..., 9.4403e-01,
           8.4687e-01, 9.3141e-01]],

         [[9.1508e-01, 7.8294e-01, 5.6003e-01,  ..., 6.4584e-01,
           3.5691e-01, 5.1953e-01],
          [7.1804e-02, 3.9036e-01, 2.0405e-01,  ..., 4.4524e-01,
           7.4391e-01, 4.7382e-01],
          [6.2947e-01, 1.2185e-01, 1.0250e-01,  ..., 5.0962e-01,
           3.3533e-01, 6.1966e-01],
          ...,
          [3.8703e-01, 3.0264e-01, 5.6346e-01,  ..., 1.3239e-01,
           7.5575e-01, 1.4041e-01],
          [6.3806e-01, 2.1022e-01, 6.5710e-02,  ..., 1.8632e-01,
           9.5328e-01, 2.1934e-01],
          [2.7930e-01, 4.7882e-01, 8.0338e-01,  ..., 4.7704e-01,
           8.6838e-01, 1.5152e-01]],

         ...,

         [[3.7360e-01, 6.9235e-01, 3.9550e-01,  ..., 3.7298e-02,
           8.8247e-01, 9.0576e-01],
          [1.3050e-01, 4.6961e-01, 7.4033e-01,  ..., 5.0449e-01,
           8.4951e-02, 2.8329e-01],
          [4.6054e-01, 1.6857e-01, 6.3755e-01,  ..., 3.0159e-01,
           6.2237e-01, 6.1566e-01],
          ...,
          [3.3131e-01, 2.0114e-01, 6.8946e-01,  ..., 9.2551e-02,
           8.1752e-01, 7.7100e-01],
          [5.5561e-01, 5.7689e-01, 7.2485e-01,  ..., 3.6744e-01,
           9.0569e-01, 6.9124e-01],
          [6.7115e-01, 7.0958e-01, 9.7033e-01,  ..., 9.7042e-01,
           3.2224e-01, 9.9949e-01]],

         [[6.2409e-01, 9.9215e-01, 8.3727e-01,  ..., 7.1378e-01,
           8.0135e-01, 5.8998e-01],
          [6.9033e-01, 2.8132e-01, 6.1107e-01,  ..., 3.3225e-01,
           5.0214e-01, 2.6486e-01],
          [4.1649e-01, 8.1632e-01, 6.8161e-01,  ..., 7.3075e-01,
           4.9188e-01, 7.6938e-01],
          ...,
          [1.8677e-01, 9.3549e-01, 8.3963e-01,  ..., 3.8400e-01,
           7.4514e-01, 3.8162e-01],
          [3.9692e-01, 3.0034e-01, 2.9491e-01,  ..., 3.6911e-01,
           3.9075e-01, 8.5964e-01],
          [1.5546e-01, 6.9841e-01, 5.2312e-01,  ..., 7.8959e-01,
           6.9665e-02, 8.2484e-01]],

         [[6.0816e-02, 7.6028e-01, 1.4231e-01,  ..., 1.3087e-01,
           1.8406e-01, 3.4639e-01],
          [8.7828e-01, 4.0807e-01, 9.3221e-01,  ..., 3.4270e-01,
           8.0888e-01, 6.0771e-01],
          [6.5048e-01, 7.0680e-02, 7.8273e-01,  ..., 6.0353e-01,
           1.2090e-01, 3.8614e-02],
          ...,
          [4.5214e-01, 7.0817e-01, 1.0382e-01,  ..., 3.0743e-01,
           1.8161e-01, 8.4210e-01],
          [4.2670e-01, 7.0480e-01, 2.2422e-01,  ..., 5.0671e-01,
           2.3618e-01, 6.7636e-01],
          [2.2995e-01, 6.8129e-01, 7.4287e-01,  ..., 1.9430e-01,
           3.7489e-01, 6.9757e-01]]],


        ...,


        [[[6.6982e-01, 7.3691e-01, 2.8397e-01,  ..., 8.9425e-01,
           6.3320e-01, 1.7173e-01],
          [6.9953e-01, 3.4908e-01, 2.9675e-01,  ..., 3.7117e-01,
           6.1456e-01, 1.8968e-01],
          [9.5092e-01, 8.6476e-01, 4.6977e-01,  ..., 3.8860e-02,
           4.7087e-01, 1.5321e-01],
          ...,
          [2.8921e-02, 5.9590e-01, 6.0840e-01,  ..., 3.4777e-01,
           1.9902e-01, 5.5069e-02],
          [6.7250e-01, 3.9985e-01, 4.5588e-01,  ..., 8.2271e-01,
           7.5271e-01, 3.9208e-01],
          [1.0497e-01, 7.7006e-01, 8.2904e-01,  ..., 2.0441e-01,
           2.4165e-01, 8.7731e-01]],

         [[7.5640e-01, 6.5490e-01, 4.1968e-02,  ..., 5.1893e-01,
           3.6444e-01, 5.4580e-01],
          [2.9536e-02, 5.7167e-01, 9.6303e-01,  ..., 9.5610e-02,
           9.6642e-01, 2.1498e-01],
          [5.8355e-01, 1.3599e-01, 2.4871e-01,  ..., 3.3160e-03,
           2.4474e-01, 5.0485e-01],
          ...,
          [8.7265e-01, 8.5282e-01, 7.4007e-01,  ..., 4.1645e-02,
           3.6253e-02, 6.6224e-01],
          [6.5036e-01, 7.6434e-01, 3.1622e-01,  ..., 8.6944e-01,
           9.5035e-01, 2.0209e-01],
          [7.4857e-01, 7.8746e-01, 1.0400e-01,  ..., 7.9522e-01,
           1.4753e-01, 6.5704e-01]],

         [[3.2598e-01, 1.3599e-01, 4.8515e-01,  ..., 1.6038e-01,
           6.1881e-01, 8.6855e-01],
          [8.3930e-01, 7.0833e-01, 5.2278e-01,  ..., 2.9289e-01,
           6.8204e-01, 1.4613e-01],
          [6.7904e-01, 3.6641e-01, 6.8196e-01,  ..., 6.8068e-01,
           7.3234e-02, 9.1702e-01],
          ...,
          [8.3436e-01, 6.9070e-01, 1.1429e-02,  ..., 6.4832e-01,
           7.0231e-01, 3.6709e-01],
          [3.8994e-01, 5.8653e-01, 8.8719e-01,  ..., 6.7528e-01,
           7.1081e-02, 8.3504e-01],
          [4.6165e-01, 3.0936e-02, 6.8918e-01,  ..., 4.6819e-01,
           2.9980e-01, 5.7151e-01]],

         ...,

         [[1.6741e-01, 3.4749e-01, 9.8562e-04,  ..., 1.2963e-01,
           3.3565e-01, 3.3423e-01],
          [1.5698e-01, 5.8390e-01, 6.3922e-01,  ..., 8.0020e-01,
           9.6521e-01, 4.9285e-01],
          [9.5155e-01, 7.5849e-01, 1.8203e-01,  ..., 4.5789e-02,
           3.2690e-01, 7.8400e-01],
          ...,
          [7.8263e-01, 8.5212e-01, 3.1852e-01,  ..., 5.1895e-01,
           9.9364e-01, 8.3734e-01],
          [1.6191e-02, 1.5663e-02, 1.6748e-01,  ..., 3.7582e-02,
           2.2577e-02, 2.2168e-01],
          [9.0533e-01, 7.4311e-01, 9.1461e-01,  ..., 4.3999e-01,
           9.4519e-01, 6.8585e-02]],

         [[7.0486e-01, 1.8880e-01, 8.3306e-01,  ..., 7.4881e-01,
           3.9769e-01, 2.3718e-01],
          [7.5037e-01, 9.6270e-01, 1.3374e-02,  ..., 9.5278e-01,
           1.3987e-01, 3.8947e-01],
          [7.2123e-01, 2.5509e-01, 2.3888e-01,  ..., 9.6420e-01,
           9.6955e-01, 6.0902e-01],
          ...,
          [1.0358e-01, 9.0705e-01, 9.0636e-01,  ..., 9.1847e-01,
           6.9948e-01, 5.9676e-01],
          [2.8374e-01, 5.5784e-02, 9.6998e-01,  ..., 1.1125e-01,
           1.8181e-01, 1.8531e-01],
          [4.2085e-01, 2.2248e-01, 9.1216e-01,  ..., 2.6966e-01,
           6.4233e-01, 2.9381e-01]],

         [[1.4632e-01, 4.1774e-01, 1.7739e-01,  ..., 8.0556e-01,
           6.8561e-02, 6.4999e-02],
          [5.9873e-03, 2.1598e-01, 8.8788e-01,  ..., 3.3193e-01,
           4.3227e-01, 5.3619e-01],
          [5.5884e-01, 2.1863e-04, 5.6782e-01,  ..., 7.2047e-01,
           2.4180e-01, 5.6881e-01],
          ...,
          [6.1970e-01, 6.8404e-01, 1.1226e-01,  ..., 4.0331e-01,
           6.4913e-01, 1.2922e-02],
          [6.5315e-01, 7.1366e-02, 3.3586e-01,  ..., 9.2983e-01,
           3.0602e-01, 4.7177e-01],
          [3.8611e-01, 4.2573e-02, 3.1764e-01,  ..., 7.9785e-02,
           3.9995e-01, 9.9875e-01]]],


        [[[3.9673e-01, 7.2242e-01, 8.1482e-01,  ..., 2.4965e-01,
           2.1658e-01, 3.1732e-01],
          [7.5844e-01, 7.8432e-01, 8.4185e-01,  ..., 5.2773e-01,
           1.4900e-01, 7.6928e-01],
          [3.8373e-01, 3.4522e-01, 3.7433e-01,  ..., 1.6942e-01,
           7.7670e-01, 7.1660e-01],
          ...,
          [8.2896e-01, 7.7657e-02, 1.8353e-01,  ..., 1.2426e-01,
           7.2236e-01, 9.1545e-01],
          [6.3126e-01, 9.7140e-01, 5.2760e-01,  ..., 9.9284e-01,
           7.2511e-02, 8.5907e-01],
          [4.3704e-01, 3.7231e-02, 3.7764e-01,  ..., 1.3300e-01,
           1.6955e-01, 7.9848e-01]],

         [[5.9099e-01, 8.4850e-01, 8.0859e-01,  ..., 3.1904e-01,
           5.0087e-01, 5.5796e-01],
          [1.2259e-01, 7.1569e-01, 9.7153e-01,  ..., 3.9994e-01,
           9.6896e-01, 8.6224e-01],
          [6.7230e-01, 8.5920e-01, 5.5588e-01,  ..., 3.2540e-01,
           7.3116e-01, 7.5912e-01],
          ...,
          [8.4305e-01, 2.9534e-01, 4.3391e-01,  ..., 7.6165e-01,
           5.2577e-01, 7.6955e-01],
          [5.0676e-01, 9.9999e-01, 1.6694e-01,  ..., 3.9331e-01,
           2.9467e-01, 8.6396e-01],
          [5.4684e-01, 8.1741e-01, 1.8970e-01,  ..., 1.3667e-01,
           4.5948e-01, 8.3254e-01]],

         [[8.2247e-01, 7.9460e-01, 6.8093e-01,  ..., 1.5781e-01,
           7.3692e-01, 6.1607e-01],
          [8.0208e-01, 5.5744e-02, 4.2692e-01,  ..., 9.8610e-01,
           4.5931e-01, 6.7299e-01],
          [8.3655e-01, 1.3065e-01, 3.0864e-01,  ..., 3.5066e-01,
           4.9644e-01, 3.9220e-01],
          ...,
          [9.2676e-01, 8.5421e-01, 8.3595e-01,  ..., 7.1328e-01,
           5.0471e-01, 3.2065e-01],
          [5.3441e-01, 1.9274e-02, 3.1361e-01,  ..., 9.7406e-01,
           1.0030e-01, 3.3413e-01],
          [2.9070e-01, 5.0578e-01, 3.5841e-01,  ..., 5.9937e-01,
           3.7564e-01, 9.7431e-01]],

         ...,

         [[2.8737e-02, 2.1320e-01, 7.7505e-01,  ..., 7.4184e-01,
           6.2561e-01, 1.2266e-01],
          [7.5608e-01, 3.3534e-01, 6.9560e-01,  ..., 6.8871e-01,
           6.7763e-01, 8.7973e-03],
          [2.5509e-01, 1.2941e-01, 7.3072e-01,  ..., 5.4971e-02,
           8.8782e-01, 3.1348e-01],
          ...,
          [4.4925e-01, 5.4733e-01, 4.1562e-01,  ..., 5.3191e-01,
           9.1458e-01, 5.0232e-01],
          [9.8243e-01, 4.3821e-01, 6.0330e-01,  ..., 3.4424e-01,
           9.4661e-01, 2.1390e-01],
          [9.9383e-01, 9.0193e-01, 7.8950e-01,  ..., 3.8188e-01,
           7.1740e-01, 4.7787e-01]],

         [[3.1026e-01, 8.0622e-01, 1.4691e-01,  ..., 6.2140e-01,
           4.1901e-01, 8.6288e-01],
          [8.1861e-01, 3.2256e-01, 2.4613e-01,  ..., 9.3722e-01,
           2.1331e-01, 1.9122e-01],
          [8.4056e-01, 1.3990e-01, 7.3733e-02,  ..., 7.8105e-01,
           6.7762e-02, 3.9862e-01],
          ...,
          [8.0098e-01, 7.7102e-01, 2.2069e-01,  ..., 1.5098e-01,
           8.1454e-01, 3.9118e-01],
          [7.4023e-01, 2.4646e-01, 9.6238e-01,  ..., 7.8606e-01,
           5.8783e-01, 3.6855e-01],
          [2.2600e-01, 4.8600e-01, 4.2862e-01,  ..., 1.2033e-01,
           3.1103e-01, 8.4866e-01]],

         [[7.9434e-02, 7.8644e-02, 3.5485e-01,  ..., 3.2264e-01,
           2.2859e-01, 6.9479e-01],
          [6.1734e-01, 4.4159e-01, 9.4991e-01,  ..., 4.5796e-01,
           7.3237e-02, 5.3277e-01],
          [5.2857e-01, 6.4423e-01, 2.6633e-01,  ..., 6.3802e-01,
           5.3734e-01, 2.4721e-01],
          ...,
          [3.7286e-01, 5.2245e-01, 3.4204e-01,  ..., 5.3707e-01,
           1.3312e-01, 1.4221e-01],
          [1.7204e-01, 9.5738e-01, 3.1898e-01,  ..., 8.9775e-03,
           8.3877e-01, 4.5119e-01],
          [6.0486e-01, 7.0433e-02, 3.6735e-01,  ..., 9.0187e-01,
           3.9425e-01, 8.5583e-02]]],


        [[[5.5547e-01, 9.8353e-01, 6.5661e-01,  ..., 3.3570e-01,
           2.0259e-01, 7.4156e-01],
          [4.2979e-01, 9.3201e-01, 3.9047e-01,  ..., 2.0073e-01,
           6.1903e-01, 2.0054e-01],
          [8.2877e-01, 5.0080e-01, 9.3622e-01,  ..., 6.2660e-01,
           8.1419e-01, 9.8527e-01],
          ...,
          [3.9475e-01, 7.3777e-01, 9.0645e-01,  ..., 1.7686e-01,
           5.1375e-01, 3.3847e-01],
          [5.5314e-01, 9.4290e-01, 7.2444e-01,  ..., 8.6302e-01,
           5.0740e-01, 4.9517e-01],
          [1.5874e-01, 5.2857e-02, 6.7736e-01,  ..., 5.3405e-01,
           4.6594e-01, 5.2874e-01]],

         [[4.3080e-01, 9.4595e-01, 6.5861e-01,  ..., 2.1869e-01,
           6.3910e-01, 2.0359e-01],
          [2.1973e-01, 5.2323e-01, 5.5158e-01,  ..., 3.0103e-01,
           7.0663e-01, 9.7473e-01],
          [4.4127e-01, 3.8624e-01, 2.8478e-01,  ..., 9.5234e-01,
           5.2441e-01, 6.6965e-01],
          ...,
          [6.4520e-01, 7.7002e-01, 2.1979e-02,  ..., 7.2901e-01,
           4.9634e-01, 7.2296e-01],
          [8.7676e-01, 5.7613e-01, 2.2541e-01,  ..., 5.3271e-01,
           7.7139e-01, 8.2313e-01],
          [7.5785e-02, 7.6752e-01, 1.7818e-01,  ..., 2.7080e-01,
           4.2405e-03, 1.9037e-01]],

         [[2.1591e-01, 2.2104e-01, 5.3525e-02,  ..., 5.3724e-01,
           9.2531e-01, 7.8737e-01],
          [1.0883e-01, 6.8758e-01, 7.4545e-01,  ..., 4.4245e-01,
           1.4637e-01, 3.7093e-01],
          [3.6758e-01, 2.5979e-01, 8.1237e-02,  ..., 7.4180e-01,
           7.1507e-01, 9.3831e-01],
          ...,
          [4.5696e-01, 8.6678e-01, 5.0791e-02,  ..., 4.1576e-01,
           9.5966e-03, 2.7636e-01],
          [7.3689e-01, 4.4207e-02, 1.4728e-01,  ..., 7.9579e-01,
           9.3998e-01, 4.0948e-01],
          [4.2096e-01, 9.6974e-01, 3.4816e-01,  ..., 1.5581e-01,
           7.2383e-01, 7.6071e-01]],

         ...,

         [[8.1621e-02, 6.9285e-01, 2.5739e-01,  ..., 3.1085e-01,
           5.2165e-02, 5.5027e-01],
          [8.1248e-01, 8.2629e-02, 9.1145e-01,  ..., 8.9538e-02,
           4.1566e-01, 3.3040e-01],
          [6.6206e-01, 4.8460e-01, 7.1015e-01,  ..., 7.0050e-01,
           7.3690e-01, 9.0583e-01],
          ...,
          [3.8129e-01, 6.2204e-02, 7.0516e-01,  ..., 1.5901e-01,
           9.3389e-01, 8.5026e-01],
          [2.8395e-01, 6.3408e-01, 2.6128e-01,  ..., 7.1476e-01,
           8.5887e-01, 9.8236e-03],
          [6.7467e-01, 9.7336e-01, 6.7787e-01,  ..., 6.6544e-01,
           1.4601e-01, 2.1938e-01]],

         [[5.0417e-01, 3.1466e-01, 3.0938e-02,  ..., 7.1184e-01,
           6.6330e-01, 4.0708e-01],
          [8.3093e-02, 4.7816e-01, 8.4807e-01,  ..., 3.2704e-02,
           9.1773e-01, 4.3587e-01],
          [8.0551e-01, 1.3560e-01, 9.8694e-01,  ..., 3.4626e-01,
           4.5745e-01, 1.1165e-01],
          ...,
          [6.0203e-01, 6.4612e-01, 4.6850e-01,  ..., 4.8177e-01,
           6.0797e-01, 4.6307e-01],
          [9.9061e-01, 8.4537e-01, 1.9128e-02,  ..., 4.2313e-01,
           6.7956e-01, 2.0279e-01],
          [8.9011e-01, 5.2480e-01, 2.5185e-01,  ..., 5.0304e-01,
           5.1340e-01, 6.2372e-01]],

         [[1.9825e-01, 1.7173e-02, 9.0553e-01,  ..., 4.5407e-01,
           3.2646e-01, 2.5537e-01],
          [4.5070e-01, 4.1407e-02, 2.4721e-01,  ..., 4.6310e-01,
           9.5249e-01, 2.5062e-01],
          [4.4561e-01, 9.1989e-01, 4.2097e-01,  ..., 7.5593e-01,
           5.0349e-01, 3.4275e-01],
          ...,
          [5.5976e-01, 4.5790e-01, 3.1643e-01,  ..., 9.5528e-01,
           8.0648e-01, 7.9731e-01],
          [5.8974e-01, 8.1528e-01, 1.3720e-01,  ..., 2.1523e-02,
           5.4694e-01, 9.9504e-01],
          [2.9950e-02, 6.1453e-01, 5.3246e-01,  ..., 8.2092e-01,
           2.4245e-01, 3.1337e-01]]]])
