tensor([[[[7.4983e-01, 1.0422e-01, 8.8182e-01,  ..., 5.7425e-01,
           3.3392e-01, 8.6047e-01],
          [9.8333e-01, 3.1976e-01, 8.1265e-02,  ..., 1.8427e-01,
           6.8788e-01, 6.6229e-02],
          [6.4924e-01, 7.9603e-02, 4.4141e-01,  ..., 4.5997e-01,
           6.3786e-01, 7.3362e-01],
          ...,
          [7.3491e-01, 4.7618e-01, 7.8985e-01,  ..., 3.0304e-01,
           3.6837e-01, 3.1337e-01],
          [1.0156e-02, 4.3465e-01, 1.8135e-01,  ..., 4.4609e-01,
           8.4373e-01, 3.8281e-01],
          [2.5361e-01, 4.6342e-01, 9.5791e-01,  ..., 1.1669e-01,
           1.1469e-02, 1.2458e-01]],

         [[3.2521e-01, 9.1991e-01, 9.3696e-01,  ..., 7.3967e-01,
           8.6819e-01, 8.9397e-02],
          [5.2759e-01, 7.2985e-01, 6.0110e-01,  ..., 7.5953e-01,
           1.2614e-01, 1.6227e-01],
          [2.4933e-01, 8.8217e-02, 3.7447e-01,  ..., 7.2130e-01,
           3.2192e-01, 4.5529e-01],
          ...,
          [9.4345e-02, 4.3127e-01, 5.0536e-01,  ..., 9.4699e-01,
           8.8446e-01, 3.5001e-01],
          [8.5519e-02, 7.2525e-01, 8.8690e-01,  ..., 9.5110e-01,
           5.2572e-02, 8.3396e-01],
          [5.2840e-01, 3.5515e-01, 5.7133e-01,  ..., 2.6149e-01,
           6.8167e-01, 7.7288e-01]],

         [[6.3032e-01, 1.8641e-01, 6.1010e-01,  ..., 7.8679e-01,
           2.7330e-01, 2.1677e-01],
          [5.2025e-01, 6.1701e-01, 9.5796e-01,  ..., 7.4877e-01,
           7.5573e-01, 9.1047e-01],
          [4.1349e-01, 2.4685e-01, 2.8567e-01,  ..., 2.9882e-01,
           2.2056e-01, 5.6889e-01],
          ...,
          [4.9785e-01, 7.4398e-01, 9.0203e-01,  ..., 8.3498e-01,
           1.8003e-01, 8.1653e-01],
          [6.7816e-01, 9.7366e-02, 3.7249e-01,  ..., 5.1349e-02,
           7.2928e-01, 9.6971e-02],
          [7.1422e-01, 7.7947e-01, 6.2434e-01,  ..., 4.6675e-01,
           3.1075e-01, 8.6143e-01]],

         ...,

         [[7.6872e-01, 3.7058e-01, 4.6948e-01,  ..., 2.5020e-01,
           8.0393e-01, 8.9534e-01],
          [1.7389e-01, 2.1756e-01, 3.1338e-01,  ..., 7.6275e-03,
           8.5299e-01, 4.8954e-01],
          [1.5343e-01, 2.7066e-01, 9.9707e-01,  ..., 9.3237e-01,
           9.8576e-01, 1.3794e-01],
          ...,
          [1.8535e-01, 4.9341e-01, 9.1262e-01,  ..., 8.9430e-01,
           5.7897e-01, 5.1054e-01],
          [5.3921e-01, 7.7347e-01, 2.4718e-01,  ..., 3.2824e-01,
           5.4164e-01, 8.4365e-01],
          [8.9684e-01, 9.5748e-01, 9.1223e-01,  ..., 9.0856e-01,
           6.6174e-01, 3.7091e-01]],

         [[6.2613e-01, 4.2358e-01, 7.5273e-02,  ..., 2.1899e-01,
           9.3951e-01, 2.0262e-01],
          [6.5368e-02, 6.5294e-01, 1.9860e-01,  ..., 8.5444e-01,
           9.5347e-02, 1.0996e-02],
          [5.9580e-02, 9.9879e-01, 1.7230e-01,  ..., 5.0449e-01,
           7.7482e-01, 6.7338e-01],
          ...,
          [9.7515e-01, 7.7682e-01, 7.7079e-01,  ..., 5.7095e-01,
           8.2763e-01, 8.9909e-01],
          [7.9316e-01, 4.3272e-01, 9.3833e-01,  ..., 2.1671e-01,
           7.2554e-01, 6.0299e-01],
          [1.9192e-01, 9.5851e-01, 5.3075e-01,  ..., 1.8820e-01,
           3.1650e-01, 1.9797e-01]],

         [[2.9881e-01, 1.1881e-01, 6.8533e-01,  ..., 3.2720e-01,
           4.8590e-01, 3.3090e-01],
          [5.4154e-01, 8.3179e-01, 6.3350e-01,  ..., 7.0955e-01,
           5.9346e-01, 1.4441e-01],
          [8.9903e-01, 7.0724e-01, 9.0444e-01,  ..., 3.0661e-01,
           3.5707e-01, 8.5143e-01],
          ...,
          [9.0264e-01, 9.8985e-01, 8.9373e-01,  ..., 6.7066e-01,
           5.6914e-01, 9.7845e-01],
          [1.7209e-02, 7.6338e-01, 3.2053e-01,  ..., 9.0491e-01,
           2.4324e-01, 3.3526e-02],
          [7.4635e-01, 7.0514e-01, 1.9289e-01,  ..., 2.8346e-01,
           7.5128e-01, 3.4706e-01]]],


        [[[5.0871e-02, 8.6651e-01, 1.1243e-01,  ..., 7.5245e-01,
           4.1514e-01, 3.2652e-01],
          [1.0884e-01, 1.6039e-01, 3.9260e-01,  ..., 1.2691e-02,
           1.2268e-01, 2.6892e-01],
          [8.8725e-01, 3.6264e-02, 7.4100e-01,  ..., 1.1893e-01,
           1.3621e-01, 1.6411e-01],
          ...,
          [8.5635e-01, 9.5216e-01, 5.5102e-01,  ..., 7.9085e-01,
           2.2281e-01, 7.4628e-01],
          [4.9184e-01, 7.6315e-01, 5.3466e-01,  ..., 7.8497e-01,
           6.7100e-02, 7.4657e-01],
          [4.2947e-01, 9.2401e-01, 6.3647e-01,  ..., 6.9728e-02,
           2.5538e-02, 8.7439e-03]],

         [[1.9857e-01, 2.1656e-01, 7.0281e-01,  ..., 4.4856e-01,
           8.1548e-01, 6.0592e-01],
          [3.4861e-01, 4.4708e-01, 3.0461e-02,  ..., 8.7832e-02,
           4.3637e-01, 7.5791e-02],
          [9.5962e-01, 4.7140e-02, 4.9557e-02,  ..., 9.3340e-01,
           7.6769e-01, 3.7887e-01],
          ...,
          [6.7089e-01, 1.7795e-01, 3.4576e-01,  ..., 7.4770e-01,
           8.8084e-01, 6.8490e-01],
          [3.8935e-01, 9.1395e-01, 5.4581e-01,  ..., 5.4027e-01,
           4.9451e-01, 5.7624e-01],
          [8.6733e-01, 9.5383e-01, 4.8808e-01,  ..., 5.2610e-01,
           9.7562e-02, 9.2470e-01]],

         [[1.2565e-01, 5.3568e-01, 3.6007e-01,  ..., 1.6942e-01,
           4.3590e-01, 6.4870e-01],
          [4.7755e-01, 2.9030e-01, 5.3895e-01,  ..., 9.2344e-01,
           7.7534e-01, 4.9901e-01],
          [1.2806e-01, 6.1840e-01, 4.4218e-01,  ..., 3.4959e-01,
           9.5523e-01, 6.6227e-01],
          ...,
          [3.7761e-02, 5.1474e-01, 1.0379e-02,  ..., 1.4231e-01,
           5.7154e-01, 6.9103e-01],
          [8.9132e-01, 4.6189e-01, 2.5691e-01,  ..., 5.2009e-01,
           8.9279e-01, 2.8960e-01],
          [7.3292e-01, 3.0259e-01, 2.8192e-01,  ..., 6.1530e-01,
           2.9655e-01, 1.1614e-02]],

         ...,

         [[8.0052e-01, 2.4736e-01, 2.9247e-01,  ..., 1.6920e-01,
           2.8861e-01, 3.6860e-01],
          [7.0544e-02, 2.2940e-01, 8.8935e-01,  ..., 2.9777e-01,
           2.6766e-01, 9.1572e-01],
          [1.2737e-01, 2.5432e-01, 8.6426e-01,  ..., 8.4772e-01,
           8.8769e-01, 4.6055e-02],
          ...,
          [7.0872e-01, 6.0837e-01, 5.2137e-01,  ..., 2.1567e-01,
           9.6482e-02, 3.3223e-01],
          [3.4662e-01, 9.3520e-01, 9.5975e-01,  ..., 7.9117e-01,
           8.8025e-01, 4.9616e-01],
          [2.2321e-01, 4.1842e-04, 9.8060e-01,  ..., 9.6881e-01,
           6.2466e-01, 2.2237e-01]],

         [[5.8423e-01, 8.0699e-03, 2.0373e-01,  ..., 7.0007e-01,
           6.8792e-01, 7.0750e-01],
          [9.1150e-01, 7.6204e-02, 1.3338e-01,  ..., 9.8962e-01,
           7.8859e-01, 2.2754e-01],
          [4.3652e-01, 2.6865e-01, 7.9510e-01,  ..., 9.9593e-01,
           1.7747e-01, 6.4549e-01],
          ...,
          [4.6640e-01, 9.3009e-01, 4.2481e-01,  ..., 8.1256e-01,
           5.6763e-01, 7.0398e-01],
          [3.1607e-01, 8.8893e-01, 7.5688e-01,  ..., 2.3049e-01,
           6.5289e-02, 3.7255e-01],
          [7.1599e-01, 2.0045e-01, 7.4273e-01,  ..., 7.2551e-01,
           7.9353e-01, 6.2853e-01]],

         [[2.4110e-01, 7.0084e-01, 4.3620e-01,  ..., 7.6507e-01,
           4.4116e-01, 4.5908e-01],
          [7.7623e-01, 9.0442e-01, 8.6146e-01,  ..., 1.9890e-01,
           4.2529e-01, 7.7042e-01],
          [2.8464e-01, 1.6483e-01, 5.7793e-01,  ..., 1.7331e-01,
           5.6975e-01, 3.2259e-01],
          ...,
          [7.8878e-01, 1.5606e-01, 5.4535e-01,  ..., 4.1766e-01,
           6.3295e-03, 3.0458e-02],
          [8.5502e-02, 1.0971e-01, 6.6155e-01,  ..., 1.9605e-01,
           1.4094e-01, 4.1742e-01],
          [2.3864e-01, 4.3598e-01, 2.6654e-01,  ..., 5.0769e-01,
           6.0722e-01, 3.0109e-03]]],


        [[[1.2117e-01, 7.5097e-01, 8.4717e-01,  ..., 5.4634e-01,
           6.2514e-01, 4.7881e-01],
          [8.4185e-02, 5.6491e-01, 2.8161e-01,  ..., 2.6436e-01,
           1.3947e-01, 3.0552e-01],
          [6.6931e-01, 6.2154e-01, 9.8342e-01,  ..., 9.2867e-01,
           4.1377e-01, 2.8179e-01],
          ...,
          [2.3387e-01, 5.2325e-01, 9.4865e-01,  ..., 5.2355e-02,
           1.6841e-01, 3.4813e-03],
          [8.6418e-01, 3.1922e-01, 3.2043e-01,  ..., 9.1339e-01,
           3.8569e-01, 1.4909e-01],
          [3.4009e-01, 3.8890e-01, 1.0764e-01,  ..., 9.9887e-01,
           1.2640e-01, 2.1683e-01]],

         [[9.3450e-01, 9.3653e-01, 6.1588e-01,  ..., 1.8760e-01,
           2.5768e-01, 6.3158e-02],
          [9.5379e-01, 7.1548e-01, 2.3751e-01,  ..., 5.7642e-03,
           4.7204e-02, 4.6197e-01],
          [6.6858e-01, 7.8798e-01, 4.9600e-01,  ..., 4.2650e-01,
           8.2184e-01, 3.8053e-01],
          ...,
          [2.0020e-01, 5.8337e-01, 8.9132e-01,  ..., 5.7258e-02,
           7.0289e-01, 8.8100e-01],
          [8.8378e-01, 7.1270e-01, 8.7943e-01,  ..., 3.6132e-01,
           3.9525e-01, 3.0484e-01],
          [6.2499e-01, 7.5373e-01, 6.2727e-01,  ..., 4.4989e-01,
           2.0130e-01, 2.3689e-01]],

         [[7.7345e-01, 4.0225e-01, 1.2720e-01,  ..., 2.0087e-02,
           6.4131e-01, 5.6961e-01],
          [5.1796e-01, 9.4981e-01, 2.4630e-01,  ..., 8.1573e-02,
           5.7384e-01, 6.4831e-01],
          [6.5917e-01, 6.9909e-02, 5.0805e-01,  ..., 3.9011e-01,
           8.4118e-01, 6.4252e-01],
          ...,
          [3.7571e-01, 7.4015e-01, 8.7636e-01,  ..., 4.9188e-01,
           8.4827e-01, 6.8282e-01],
          [3.5789e-01, 8.6100e-01, 9.8322e-01,  ..., 1.0251e-01,
           9.9742e-01, 2.2295e-01],
          [4.0882e-01, 1.9281e-01, 2.0686e-01,  ..., 3.6253e-01,
           2.9803e-01, 8.3965e-01]],

         ...,

         [[1.7965e-01, 1.0847e-01, 1.6773e-01,  ..., 4.1584e-01,
           9.9682e-01, 3.2517e-01],
          [7.9416e-02, 2.1035e-01, 9.8382e-01,  ..., 7.7006e-01,
           9.2166e-01, 5.4037e-01],
          [7.4006e-01, 8.9353e-01, 9.5828e-01,  ..., 7.6949e-01,
           9.3869e-01, 6.8119e-01],
          ...,
          [6.1402e-01, 7.2411e-02, 3.4218e-01,  ..., 7.0229e-01,
           4.9647e-02, 8.1536e-03],
          [5.1736e-01, 7.4704e-01, 8.8556e-01,  ..., 2.3036e-01,
           7.0092e-01, 9.1955e-01],
          [8.5458e-02, 5.2654e-01, 1.7191e-02,  ..., 3.1662e-01,
           5.8556e-01, 3.1111e-01]],

         [[8.7311e-01, 7.5137e-02, 4.9456e-01,  ..., 5.4950e-01,
           6.3791e-01, 2.9031e-01],
          [3.2694e-01, 5.2097e-01, 6.9029e-01,  ..., 5.0221e-01,
           9.6127e-01, 3.6171e-01],
          [3.6418e-01, 1.1946e-01, 4.0452e-01,  ..., 4.6514e-03,
           6.9866e-01, 4.8214e-01],
          ...,
          [7.7321e-01, 6.4559e-01, 4.6466e-01,  ..., 8.8149e-01,
           7.2768e-01, 3.1913e-01],
          [6.0632e-01, 9.0720e-01, 1.1619e-01,  ..., 2.3366e-01,
           4.8455e-01, 5.5576e-01],
          [6.9126e-01, 1.2550e-01, 9.0277e-01,  ..., 6.1651e-01,
           1.0933e-01, 3.5919e-01]],

         [[1.7281e-01, 7.7876e-01, 9.3147e-01,  ..., 7.0661e-01,
           8.3138e-01, 2.7328e-01],
          [8.1008e-01, 6.8583e-01, 2.7303e-01,  ..., 1.2144e-01,
           9.1395e-01, 1.5919e-01],
          [2.6530e-01, 1.1496e-01, 5.2582e-01,  ..., 8.0058e-01,
           1.1535e-01, 9.9436e-01],
          ...,
          [4.4067e-01, 4.8945e-01, 8.3504e-01,  ..., 8.4815e-01,
           3.1867e-01, 6.4151e-02],
          [8.1214e-01, 3.2875e-01, 8.0431e-01,  ..., 4.5824e-01,
           5.3885e-01, 2.4833e-01],
          [3.2120e-01, 2.1334e-02, 2.0656e-01,  ..., 4.0719e-01,
           6.8947e-01, 8.3774e-01]]],


        ...,


        [[[9.7337e-01, 7.4516e-01, 3.8343e-01,  ..., 7.7514e-01,
           5.8907e-01, 7.3567e-01],
          [3.5003e-01, 8.2607e-01, 4.5062e-01,  ..., 2.2631e-01,
           6.6710e-01, 6.3770e-01],
          [8.5965e-01, 7.0987e-01, 4.1894e-01,  ..., 5.8556e-01,
           2.2434e-02, 3.2607e-01],
          ...,
          [7.8617e-02, 7.1623e-01, 7.4180e-02,  ..., 5.7493e-01,
           4.9128e-01, 2.9232e-01],
          [6.1334e-01, 3.7278e-01, 5.3350e-01,  ..., 3.1783e-01,
           9.4791e-02, 8.2963e-02],
          [3.5714e-01, 7.5875e-01, 7.0795e-01,  ..., 2.5999e-03,
           4.0949e-01, 9.4928e-01]],

         [[3.7054e-01, 1.8515e-01, 7.1675e-01,  ..., 5.9474e-01,
           9.6741e-01, 9.2775e-01],
          [6.5193e-01, 2.6430e-02, 9.5024e-01,  ..., 3.8973e-01,
           1.5926e-01, 5.3745e-01],
          [7.1565e-01, 7.4634e-01, 6.4276e-01,  ..., 3.5461e-01,
           2.8832e-01, 1.9930e-01],
          ...,
          [9.4456e-01, 2.1156e-01, 9.3537e-01,  ..., 8.2723e-01,
           6.1226e-01, 4.4236e-01],
          [6.2779e-01, 9.0971e-01, 5.3704e-01,  ..., 4.1104e-02,
           2.5110e-01, 1.2542e-01],
          [4.4321e-01, 2.2550e-01, 6.6905e-01,  ..., 6.8283e-01,
           5.6756e-01, 7.0273e-01]],

         [[7.5509e-01, 2.1118e-01, 8.9944e-01,  ..., 8.6507e-01,
           2.2890e-01, 7.5263e-01],
          [4.3808e-01, 2.2279e-01, 3.0340e-01,  ..., 5.5377e-01,
           3.1995e-01, 4.2283e-01],
          [7.5829e-01, 4.4774e-01, 9.7064e-01,  ..., 5.2176e-01,
           8.5114e-01, 6.4510e-04],
          ...,
          [5.8589e-01, 6.4364e-01, 8.4901e-03,  ..., 3.0537e-01,
           6.4373e-01, 8.8074e-01],
          [8.4396e-01, 7.8936e-01, 5.7929e-01,  ..., 5.7167e-01,
           2.8554e-02, 5.2474e-01],
          [7.8432e-01, 4.6412e-01, 6.0986e-01,  ..., 6.1579e-01,
           3.7699e-01, 4.3692e-01]],

         ...,

         [[5.5111e-01, 8.9600e-01, 3.7496e-01,  ..., 8.2524e-02,
           6.3939e-01, 4.5854e-01],
          [8.0785e-01, 5.0309e-01, 6.2254e-01,  ..., 3.6763e-02,
           5.5200e-01, 7.4347e-01],
          [5.5154e-01, 2.8767e-01, 9.9879e-01,  ..., 3.9513e-01,
           1.2381e-01, 2.4201e-01],
          ...,
          [6.1045e-02, 1.0434e-01, 8.4439e-01,  ..., 9.5197e-01,
           3.5822e-01, 5.6224e-01],
          [8.1044e-01, 3.2729e-02, 8.4683e-01,  ..., 2.0243e-01,
           2.9004e-01, 2.8579e-01],
          [6.4928e-01, 4.0091e-02, 6.0461e-01,  ..., 8.9521e-01,
           1.4732e-01, 5.2009e-01]],

         [[9.6387e-01, 8.1122e-01, 8.2111e-01,  ..., 5.9161e-01,
           8.4201e-02, 9.6124e-01],
          [7.5391e-01, 4.6971e-01, 6.0552e-01,  ..., 7.6410e-01,
           7.2026e-01, 4.5284e-01],
          [4.0820e-01, 4.9234e-01, 9.4722e-01,  ..., 6.4714e-01,
           8.6126e-01, 2.0332e-01],
          ...,
          [5.9467e-01, 1.2304e-01, 6.6497e-01,  ..., 3.4640e-01,
           4.5509e-01, 1.3730e-01],
          [9.3832e-01, 8.8007e-01, 4.5791e-01,  ..., 9.0175e-01,
           6.9801e-01, 4.3821e-01],
          [8.3924e-01, 1.0453e-01, 4.1986e-01,  ..., 7.3791e-02,
           7.4764e-01, 9.0276e-01]],

         [[3.8147e-01, 6.8878e-01, 6.8589e-01,  ..., 8.2993e-01,
           6.0059e-01, 8.0483e-01],
          [6.9200e-01, 1.7879e-01, 1.8248e-01,  ..., 5.3704e-01,
           6.0779e-01, 5.0398e-01],
          [3.4858e-01, 4.6289e-01, 3.1095e-01,  ..., 7.5871e-02,
           9.0905e-01, 3.3679e-01],
          ...,
          [8.0516e-01, 5.2390e-01, 1.5602e-01,  ..., 9.0433e-01,
           9.0369e-01, 4.0084e-02],
          [9.3893e-01, 3.1561e-01, 3.6923e-01,  ..., 9.7043e-01,
           1.4148e-01, 4.7323e-01],
          [1.3030e-01, 2.4187e-01, 2.0589e-01,  ..., 8.2338e-01,
           1.8029e-02, 3.0410e-01]]],


        [[[4.1175e-01, 4.6564e-01, 2.9070e-01,  ..., 6.9964e-01,
           6.0950e-01, 6.3401e-01],
          [1.8692e-01, 2.6974e-01, 4.6509e-02,  ..., 3.8581e-01,
           6.7123e-02, 9.1324e-01],
          [8.4893e-01, 3.2627e-01, 6.9990e-02,  ..., 8.4085e-01,
           6.6903e-01, 5.1909e-01],
          ...,
          [1.4874e-01, 9.8107e-01, 8.4685e-01,  ..., 5.8961e-01,
           5.8247e-01, 2.7020e-01],
          [2.6768e-01, 8.1227e-01, 8.8008e-01,  ..., 1.0517e-01,
           5.7184e-01, 8.8592e-01],
          [1.2046e-01, 5.5227e-01, 4.5739e-01,  ..., 1.1009e-01,
           2.6166e-01, 6.2026e-01]],

         [[7.4853e-01, 3.4706e-01, 3.4507e-01,  ..., 8.6074e-02,
           2.4585e-01, 2.9994e-01],
          [5.8233e-01, 9.6389e-01, 3.6285e-01,  ..., 1.6389e-01,
           8.2183e-01, 1.1897e-02],
          [4.9708e-01, 2.6295e-01, 9.4397e-01,  ..., 8.6591e-01,
           5.2476e-01, 7.6837e-01],
          ...,
          [1.6862e-01, 4.1219e-01, 5.0140e-01,  ..., 4.7535e-01,
           5.9670e-01, 1.8508e-01],
          [5.4808e-01, 6.0047e-01, 3.8728e-01,  ..., 6.5431e-01,
           5.7151e-01, 9.8376e-01],
          [7.3813e-01, 8.1709e-01, 8.6275e-01,  ..., 4.8931e-01,
           6.2047e-01, 9.6349e-01]],

         [[6.4751e-01, 1.4092e-01, 8.9025e-01,  ..., 8.0915e-01,
           3.3230e-01, 4.7959e-01],
          [7.0253e-01, 2.7230e-01, 2.7322e-01,  ..., 3.6193e-01,
           1.6226e-01, 2.1400e-01],
          [4.0584e-01, 2.6503e-01, 1.9837e-01,  ..., 2.4325e-01,
           4.8673e-01, 4.1447e-01],
          ...,
          [2.2716e-02, 5.2414e-01, 4.3356e-01,  ..., 7.2903e-01,
           4.6478e-01, 9.8760e-02],
          [7.8683e-01, 1.4469e-01, 9.9313e-01,  ..., 2.5806e-01,
           4.6826e-01, 8.8959e-01],
          [7.6100e-01, 9.7466e-01, 6.8603e-01,  ..., 1.7176e-01,
           9.3416e-01, 5.1858e-01]],

         ...,

         [[1.0280e-01, 2.0100e-01, 6.9506e-02,  ..., 5.2056e-01,
           1.6320e-01, 1.2719e-01],
          [4.0256e-01, 4.4694e-01, 6.9178e-02,  ..., 5.7410e-01,
           8.9099e-01, 4.2717e-01],
          [5.2808e-01, 2.7298e-01, 4.6847e-01,  ..., 3.9249e-01,
           8.7577e-01, 3.1497e-01],
          ...,
          [9.6246e-01, 3.2642e-01, 5.1005e-01,  ..., 3.8270e-01,
           4.9032e-01, 3.9600e-01],
          [9.6254e-01, 6.0128e-01, 2.9773e-01,  ..., 3.6375e-01,
           4.8315e-01, 8.1879e-01],
          [6.1072e-02, 3.6500e-01, 4.1121e-02,  ..., 3.8640e-01,
           3.0294e-01, 8.2475e-01]],

         [[5.2052e-01, 3.7340e-01, 2.4942e-01,  ..., 1.0714e-01,
           1.5147e-01, 4.1494e-01],
          [4.9262e-02, 1.0814e-01, 2.9638e-01,  ..., 2.5054e-01,
           1.9769e-01, 7.5527e-01],
          [9.5301e-01, 7.0660e-01, 2.8926e-01,  ..., 2.2703e-02,
           6.0312e-01, 8.4905e-01],
          ...,
          [2.4563e-01, 7.0116e-01, 5.8020e-01,  ..., 2.9659e-01,
           7.3701e-01, 1.8558e-01],
          [2.9713e-01, 7.3502e-01, 1.4613e-01,  ..., 6.9245e-01,
           1.4003e-01, 9.4479e-01],
          [7.5446e-01, 2.2429e-02, 1.7892e-01,  ..., 5.1458e-01,
           8.9322e-02, 6.6442e-01]],

         [[3.4828e-01, 3.6638e-01, 7.4742e-01,  ..., 7.9756e-01,
           8.3520e-01, 4.6295e-01],
          [2.7202e-02, 1.3225e-01, 1.5049e-01,  ..., 4.5515e-01,
           5.1177e-01, 6.4591e-01],
          [8.6439e-01, 4.0568e-01, 8.2392e-01,  ..., 1.4406e-01,
           4.7656e-01, 6.8431e-01],
          ...,
          [5.5957e-01, 5.5680e-01, 6.3772e-01,  ..., 9.8806e-01,
           2.8413e-01, 6.4754e-01],
          [5.8798e-01, 7.7850e-01, 7.5652e-01,  ..., 7.9733e-01,
           3.4755e-01, 9.0201e-01],
          [4.8611e-02, 7.4592e-01, 7.5699e-01,  ..., 9.3584e-01,
           8.7489e-01, 2.2882e-01]]],


        [[[9.7232e-01, 4.1682e-02, 3.7974e-01,  ..., 2.2665e-01,
           1.1019e-01, 1.3099e-01],
          [9.0040e-01, 2.9429e-01, 5.7717e-01,  ..., 8.7496e-01,
           1.2486e-01, 9.2277e-01],
          [3.6970e-01, 3.1125e-01, 1.3011e-01,  ..., 7.9451e-01,
           4.6920e-01, 5.7466e-01],
          ...,
          [3.6108e-01, 8.2897e-01, 2.8512e-01,  ..., 1.8912e-01,
           8.9075e-01, 2.6381e-01],
          [8.8457e-01, 9.2998e-01, 7.1714e-01,  ..., 3.5730e-01,
           5.8537e-02, 6.6053e-02],
          [6.1089e-01, 1.0397e-01, 3.5063e-01,  ..., 6.5462e-01,
           2.1334e-01, 5.1114e-01]],

         [[1.7802e-01, 2.6163e-01, 6.1480e-01,  ..., 8.8235e-01,
           8.4769e-01, 3.2121e-01],
          [1.1582e-01, 2.9511e-01, 7.8316e-01,  ..., 7.1893e-01,
           3.9792e-01, 5.2124e-01],
          [3.1997e-01, 5.7591e-01, 7.5578e-01,  ..., 7.4127e-01,
           2.1423e-01, 7.9911e-01],
          ...,
          [6.4760e-01, 3.1695e-01, 4.6080e-01,  ..., 3.2406e-01,
           6.4746e-01, 9.6045e-01],
          [8.4008e-01, 5.9188e-01, 3.9499e-01,  ..., 8.5210e-01,
           9.7115e-01, 9.5252e-01],
          [4.9051e-01, 7.2464e-01, 7.1792e-01,  ..., 4.5852e-01,
           7.0940e-01, 4.9854e-01]],

         [[2.9243e-02, 8.1653e-01, 9.6124e-01,  ..., 5.3193e-01,
           7.1590e-01, 7.3530e-01],
          [5.3966e-01, 6.0035e-01, 6.6267e-01,  ..., 1.5251e-01,
           4.8245e-01, 7.9473e-01],
          [6.7731e-01, 4.0223e-01, 2.3121e-01,  ..., 6.7181e-01,
           5.7178e-01, 8.6269e-01],
          ...,
          [4.1991e-01, 4.7398e-01, 4.9153e-01,  ..., 9.3811e-01,
           3.5200e-01, 6.2800e-01],
          [9.9404e-01, 3.8607e-01, 7.1920e-02,  ..., 3.9728e-01,
           9.0874e-01, 2.6882e-01],
          [7.3187e-01, 1.9672e-01, 4.2090e-01,  ..., 8.8858e-01,
           8.7691e-02, 7.7188e-01]],

         ...,

         [[6.8931e-02, 3.9045e-01, 3.0225e-01,  ..., 9.1656e-01,
           2.3493e-01, 1.3892e-01],
          [7.7777e-01, 5.5599e-01, 3.1564e-02,  ..., 3.1999e-01,
           5.6359e-01, 9.2761e-01],
          [4.7487e-01, 1.6584e-01, 2.2705e-01,  ..., 6.9988e-01,
           3.1720e-01, 1.4186e-03],
          ...,
          [5.1032e-01, 6.5171e-02, 2.4226e-02,  ..., 5.8796e-01,
           4.2095e-01, 2.1656e-02],
          [7.8653e-01, 2.5686e-01, 2.6364e-01,  ..., 8.9418e-01,
           5.2359e-01, 5.5228e-01],
          [5.7060e-03, 4.5156e-01, 7.1479e-01,  ..., 3.5659e-01,
           3.2070e-01, 2.4954e-01]],

         [[9.1035e-01, 3.5678e-01, 7.5668e-01,  ..., 9.4764e-02,
           5.6769e-01, 9.5182e-01],
          [2.5211e-01, 1.1078e-01, 1.5975e-01,  ..., 1.4179e-01,
           7.5650e-01, 1.3359e-01],
          [3.5298e-01, 4.7880e-01, 4.4440e-01,  ..., 8.0024e-01,
           4.8791e-01, 7.7366e-02],
          ...,
          [9.3196e-01, 9.4736e-01, 1.8299e-01,  ..., 9.2107e-01,
           7.6392e-01, 5.9081e-01],
          [8.7347e-01, 1.7158e-01, 8.2955e-01,  ..., 2.9364e-01,
           7.8693e-01, 2.1788e-01],
          [3.0653e-01, 5.2782e-03, 8.5462e-01,  ..., 3.9423e-01,
           2.6947e-01, 7.0326e-01]],

         [[5.3176e-01, 9.9310e-01, 7.0318e-01,  ..., 5.4914e-01,
           5.4844e-01, 5.0481e-02],
          [3.5299e-01, 2.0600e-01, 1.7050e-01,  ..., 3.0093e-01,
           7.1128e-01, 8.2025e-01],
          [1.1650e-01, 6.0829e-01, 8.8322e-01,  ..., 1.8467e-01,
           9.2575e-01, 9.1347e-01],
          ...,
          [3.0954e-01, 5.3533e-02, 3.9033e-01,  ..., 4.6333e-01,
           9.6872e-01, 6.5749e-01],
          [6.7673e-01, 8.0931e-02, 4.7634e-01,  ..., 6.5630e-01,
           3.3656e-02, 8.4362e-01],
          [5.7390e-01, 8.5440e-01, 3.4604e-01,  ..., 4.8904e-01,
           1.5320e-01, 3.5265e-01]]]])
