tensor([[[[3.8867e-02, 9.8312e-01, 4.7989e-01,  ..., 6.5233e-01,
           4.5564e-01, 2.7428e-01],
          [5.2555e-01, 5.4260e-01, 1.1501e-01,  ..., 1.5575e-02,
           1.6312e-01, 8.3508e-01],
          [7.4585e-01, 6.5802e-01, 2.8560e-01,  ..., 8.6908e-01,
           7.3371e-01, 1.0483e-01],
          ...,
          [5.5708e-01, 4.6109e-01, 1.6381e-01,  ..., 6.5233e-01,
           3.2415e-02, 3.5410e-01],
          [5.6689e-01, 9.1274e-01, 9.3371e-01,  ..., 7.3053e-01,
           2.2009e-01, 6.5522e-01],
          [4.8529e-01, 3.5751e-01, 8.3383e-01,  ..., 1.6089e-01,
           4.7977e-01, 4.9216e-01]],

         [[6.0596e-01, 3.6367e-01, 2.3572e-01,  ..., 8.3660e-01,
           3.6181e-01, 1.5623e-01],
          [3.0750e-01, 8.9983e-01, 4.9620e-01,  ..., 3.6587e-01,
           9.7041e-01, 9.6567e-01],
          [8.2495e-01, 4.6520e-02, 2.5413e-01,  ..., 6.9805e-01,
           7.4964e-01, 4.5898e-01],
          ...,
          [1.3667e-01, 6.5280e-03, 8.8258e-01,  ..., 9.8095e-01,
           3.1652e-01, 5.7068e-01],
          [5.6768e-01, 1.2193e-01, 9.3165e-01,  ..., 7.7308e-01,
           1.0935e-01, 1.5202e-01],
          [6.8735e-02, 4.1099e-01, 9.9779e-01,  ..., 4.1110e-01,
           1.1178e-01, 9.5532e-02]],

         [[4.3101e-01, 2.1518e-01, 9.8240e-01,  ..., 3.4303e-01,
           8.1594e-01, 1.0913e-01],
          [9.8965e-01, 6.2453e-01, 2.9130e-01,  ..., 8.3580e-01,
           2.8414e-01, 7.1268e-01],
          [1.6186e-01, 9.7751e-01, 5.7622e-01,  ..., 1.2024e-01,
           6.4527e-01, 8.1578e-02],
          ...,
          [5.0667e-01, 7.2617e-01, 3.7974e-01,  ..., 9.9560e-01,
           1.6269e-01, 4.9238e-01],
          [2.7474e-01, 5.7073e-01, 6.3691e-01,  ..., 2.3875e-01,
           6.6825e-02, 2.7274e-01],
          [4.0730e-01, 8.6982e-02, 2.4383e-01,  ..., 3.9390e-01,
           8.2086e-01, 3.8672e-01]],

         ...,

         [[8.7143e-01, 7.6731e-01, 5.3192e-01,  ..., 2.9997e-01,
           5.9940e-01, 4.5030e-01],
          [9.9354e-02, 5.9153e-02, 2.6124e-01,  ..., 2.9679e-01,
           2.2420e-01, 2.5026e-01],
          [5.3583e-01, 1.3676e-01, 6.0231e-02,  ..., 5.6983e-01,
           9.9265e-01, 8.3661e-01],
          ...,
          [6.9541e-02, 3.0052e-01, 8.4542e-01,  ..., 7.0872e-01,
           5.5983e-01, 1.4302e-01],
          [4.8534e-01, 6.2645e-01, 5.1268e-02,  ..., 5.2842e-01,
           9.3468e-01, 1.7098e-01],
          [2.9879e-01, 4.2281e-01, 3.5403e-01,  ..., 8.5889e-01,
           4.5456e-01, 8.4196e-02]],

         [[9.4865e-01, 9.9295e-01, 6.6241e-01,  ..., 2.5557e-01,
           6.6013e-01, 8.2778e-01],
          [5.5242e-01, 1.4902e-03, 4.0698e-01,  ..., 1.2657e-01,
           1.7690e-02, 6.2556e-01],
          [7.9189e-01, 5.0205e-01, 5.8433e-01,  ..., 8.0266e-01,
           4.5048e-01, 4.7170e-01],
          ...,
          [5.8000e-01, 9.1129e-01, 9.1174e-01,  ..., 1.3985e-01,
           3.9210e-01, 3.3244e-01],
          [2.6719e-01, 3.2705e-01, 2.0694e-01,  ..., 1.0989e-01,
           5.8243e-01, 6.5891e-01],
          [7.4185e-01, 6.3009e-01, 1.1151e-01,  ..., 2.0342e-02,
           1.9898e-01, 7.5090e-01]],

         [[2.9955e-03, 9.5104e-01, 2.5211e-01,  ..., 3.7456e-02,
           3.0895e-01, 6.7699e-01],
          [2.1990e-01, 9.9943e-01, 7.6693e-01,  ..., 4.4802e-01,
           3.7459e-01, 6.7477e-01],
          [7.2707e-01, 6.1153e-01, 8.2011e-01,  ..., 1.8703e-02,
           5.3305e-02, 5.3835e-01],
          ...,
          [2.0348e-01, 4.6444e-01, 8.1309e-01,  ..., 9.6406e-01,
           5.6386e-01, 8.7286e-01],
          [9.3350e-01, 6.2058e-02, 3.1317e-01,  ..., 3.4085e-01,
           9.6921e-01, 7.0011e-01],
          [2.9618e-01, 7.8801e-01, 1.8226e-01,  ..., 9.3633e-01,
           9.9561e-01, 6.3689e-01]]],


        [[[5.9163e-01, 9.2478e-01, 1.3839e-01,  ..., 4.9565e-01,
           6.7524e-01, 7.1451e-01],
          [9.0786e-01, 2.1841e-01, 6.5327e-01,  ..., 4.5140e-01,
           1.9653e-01, 6.1608e-01],
          [9.6524e-01, 4.8816e-01, 6.8335e-01,  ..., 4.3083e-01,
           4.2765e-01, 8.2586e-01],
          ...,
          [8.0151e-01, 9.3098e-01, 4.5021e-01,  ..., 7.7254e-01,
           8.2258e-01, 5.6491e-01],
          [4.0148e-01, 3.4612e-01, 8.2044e-01,  ..., 3.8746e-01,
           2.7168e-01, 4.8221e-01],
          [8.5749e-01, 8.9437e-01, 8.4028e-01,  ..., 6.6356e-01,
           4.4901e-01, 4.4128e-01]],

         [[4.6254e-02, 5.6674e-01, 9.0259e-01,  ..., 4.3419e-01,
           4.5472e-01, 4.6266e-01],
          [5.1688e-01, 3.1488e-01, 1.7000e-01,  ..., 8.0456e-01,
           1.8941e-01, 1.6466e-01],
          [6.8041e-01, 1.7557e-01, 1.0618e-01,  ..., 7.1317e-01,
           4.3245e-01, 8.7235e-01],
          ...,
          [8.5454e-01, 1.4902e-02, 1.7664e-01,  ..., 9.2909e-01,
           1.1416e-01, 6.7038e-01],
          [7.3939e-01, 1.0280e-01, 2.7958e-01,  ..., 7.1354e-01,
           2.2493e-01, 1.3850e-01],
          [1.7624e-01, 1.3155e-01, 2.2056e-01,  ..., 2.1439e-02,
           3.4238e-01, 2.2941e-01]],

         [[6.8215e-01, 4.6387e-01, 8.9336e-02,  ..., 1.0502e-02,
           6.1297e-01, 5.7960e-01],
          [2.6653e-01, 6.5889e-02, 5.0934e-01,  ..., 9.1512e-01,
           9.6394e-01, 2.2311e-01],
          [2.4509e-01, 6.6068e-01, 1.0723e-01,  ..., 3.9706e-02,
           2.8588e-01, 6.7943e-01],
          ...,
          [1.3007e-02, 8.6012e-01, 7.0193e-01,  ..., 5.2321e-01,
           6.1381e-01, 7.8806e-01],
          [1.1493e-01, 1.9086e-01, 7.7499e-01,  ..., 9.5848e-01,
           6.9840e-01, 1.6286e-01],
          [7.3069e-01, 5.8485e-01, 8.7220e-02,  ..., 4.3609e-01,
           2.9642e-01, 7.2079e-01]],

         ...,

         [[1.2537e-01, 1.8742e-01, 9.2201e-01,  ..., 4.7823e-01,
           6.9923e-01, 2.7581e-01],
          [8.7118e-01, 3.3542e-01, 8.7140e-01,  ..., 8.5243e-01,
           7.0960e-01, 9.7932e-01],
          [3.7524e-02, 3.4039e-01, 4.6106e-01,  ..., 1.0381e-01,
           7.4653e-03, 9.6360e-01],
          ...,
          [6.8552e-01, 3.8979e-01, 3.4160e-01,  ..., 1.4843e-01,
           4.7894e-02, 2.1493e-01],
          [4.3959e-01, 5.1862e-01, 4.8662e-01,  ..., 4.7984e-01,
           1.8220e-01, 8.4145e-01],
          [5.7205e-01, 5.6127e-01, 8.9132e-01,  ..., 3.6312e-01,
           1.6347e-01, 6.0138e-01]],

         [[9.7128e-01, 8.0275e-01, 3.3004e-01,  ..., 8.4502e-01,
           1.0041e-01, 7.2637e-01],
          [5.1243e-01, 9.5038e-01, 4.9914e-01,  ..., 6.5291e-01,
           7.4253e-01, 3.0306e-01],
          [1.2813e-01, 4.2090e-01, 1.8233e-01,  ..., 4.2532e-01,
           4.8189e-01, 6.1590e-01],
          ...,
          [2.0778e-01, 5.9098e-01, 9.8040e-01,  ..., 4.0747e-01,
           8.9666e-01, 5.8148e-01],
          [8.0486e-01, 5.5260e-02, 2.2181e-01,  ..., 2.2230e-01,
           7.2194e-01, 1.5022e-02],
          [8.8127e-01, 8.6997e-02, 9.1086e-01,  ..., 2.0025e-01,
           7.8139e-01, 9.4278e-01]],

         [[8.1521e-01, 9.2427e-02, 9.3139e-01,  ..., 7.6336e-01,
           3.0493e-01, 3.5328e-01],
          [9.5529e-01, 5.3975e-01, 7.6296e-01,  ..., 7.1456e-02,
           4.3684e-01, 4.0102e-01],
          [8.6572e-01, 1.1717e-01, 2.7723e-02,  ..., 1.4901e-01,
           9.6851e-01, 1.2013e-01],
          ...,
          [9.1556e-02, 6.6765e-01, 1.7408e-01,  ..., 2.2483e-02,
           7.5992e-01, 5.6066e-01],
          [3.7509e-01, 1.6271e-01, 7.8842e-01,  ..., 1.5508e-01,
           9.1855e-01, 4.2059e-01],
          [9.9208e-01, 1.0073e-01, 8.6295e-01,  ..., 3.9732e-01,
           6.1304e-01, 7.7324e-01]]],


        [[[6.9839e-01, 8.5030e-01, 1.2298e-02,  ..., 7.4148e-01,
           8.9259e-01, 1.6770e-01],
          [8.6497e-01, 1.8607e-01, 4.0124e-02,  ..., 1.9112e-01,
           6.1440e-01, 8.4916e-01],
          [9.1650e-01, 9.9308e-01, 2.1162e-01,  ..., 3.2500e-01,
           3.2867e-01, 3.8151e-01],
          ...,
          [3.0567e-01, 9.6699e-01, 6.4984e-01,  ..., 9.4073e-01,
           2.2907e-01, 6.7533e-02],
          [2.1113e-01, 3.3633e-01, 3.9409e-01,  ..., 8.3733e-01,
           8.2737e-01, 3.2813e-01],
          [1.6468e-01, 2.5279e-01, 8.8334e-01,  ..., 1.7726e-01,
           6.8476e-01, 6.8110e-01]],

         [[1.3859e-01, 1.6399e-01, 9.2105e-01,  ..., 5.4820e-01,
           8.2901e-01, 1.0901e-01],
          [6.6944e-01, 1.1865e-01, 5.0040e-01,  ..., 6.2751e-01,
           1.5509e-01, 1.0513e-01],
          [9.0553e-01, 2.2243e-01, 6.0927e-01,  ..., 7.6553e-01,
           1.0590e-01, 8.5079e-01],
          ...,
          [3.7290e-01, 9.3808e-01, 2.6246e-01,  ..., 4.8871e-02,
           5.4193e-01, 7.8110e-01],
          [2.7708e-01, 4.1175e-01, 6.7133e-01,  ..., 9.8095e-02,
           7.8368e-01, 7.2720e-01],
          [8.8557e-01, 3.7476e-01, 6.6479e-01,  ..., 4.5711e-01,
           9.4340e-02, 2.9573e-01]],

         [[7.5170e-01, 7.4926e-01, 5.2811e-01,  ..., 7.5707e-01,
           3.2060e-01, 6.5076e-02],
          [4.5990e-01, 5.2413e-01, 5.6154e-01,  ..., 9.5447e-01,
           4.7405e-01, 7.1380e-01],
          [6.4715e-01, 5.1822e-01, 7.5832e-01,  ..., 3.6105e-01,
           3.4285e-02, 9.8421e-01],
          ...,
          [2.5432e-01, 4.6672e-01, 1.3963e-01,  ..., 4.0188e-01,
           9.9600e-01, 3.2341e-01],
          [9.9879e-01, 8.8318e-01, 7.5077e-01,  ..., 6.3138e-01,
           7.8198e-01, 6.0892e-01],
          [6.6094e-01, 5.5808e-01, 5.0863e-02,  ..., 1.8027e-01,
           2.7142e-01, 2.3895e-01]],

         ...,

         [[3.7975e-01, 4.8902e-01, 3.7618e-01,  ..., 1.2527e-01,
           7.0700e-01, 5.6407e-01],
          [7.3588e-02, 8.6256e-01, 3.4790e-01,  ..., 4.2406e-01,
           9.3996e-01, 7.0274e-01],
          [1.7919e-01, 4.4653e-01, 5.1899e-01,  ..., 1.8082e-01,
           5.7193e-01, 8.4338e-01],
          ...,
          [1.6637e-02, 9.2832e-01, 2.9617e-01,  ..., 5.3906e-02,
           8.7290e-01, 6.6430e-01],
          [6.1426e-01, 6.8022e-01, 3.1271e-01,  ..., 1.5737e-01,
           4.8109e-01, 1.1226e-02],
          [5.4862e-02, 6.9241e-01, 1.0517e-01,  ..., 2.2521e-01,
           1.1257e-01, 4.6816e-01]],

         [[9.4807e-01, 8.5617e-01, 8.5226e-01,  ..., 4.1937e-01,
           9.7090e-01, 5.8409e-01],
          [6.7346e-01, 5.4948e-01, 5.8472e-01,  ..., 5.9999e-01,
           1.6900e-02, 4.6977e-01],
          [5.6530e-01, 8.3061e-01, 6.0828e-01,  ..., 4.6428e-01,
           3.0060e-01, 9.9847e-01],
          ...,
          [2.9712e-01, 4.7722e-02, 7.7637e-01,  ..., 8.1811e-01,
           1.8623e-02, 2.2666e-01],
          [2.6577e-02, 8.1950e-01, 3.4455e-01,  ..., 3.4072e-01,
           9.9463e-01, 1.7793e-01],
          [4.1948e-01, 2.3144e-01, 1.4579e-01,  ..., 8.0159e-01,
           1.5558e-01, 3.7653e-01]],

         [[7.2544e-01, 6.9336e-01, 1.1504e-01,  ..., 9.3039e-01,
           3.9248e-01, 3.5171e-01],
          [4.0928e-01, 5.9762e-01, 8.1376e-01,  ..., 4.7673e-01,
           5.9540e-01, 9.6067e-01],
          [3.9805e-01, 8.7863e-01, 9.2514e-01,  ..., 9.7949e-01,
           2.6374e-01, 7.7848e-01],
          ...,
          [2.3795e-01, 5.7468e-01, 3.8800e-01,  ..., 2.1962e-01,
           3.0491e-01, 6.7414e-01],
          [6.7476e-01, 1.5459e-01, 7.0391e-01,  ..., 5.0401e-01,
           8.0489e-01, 6.4059e-01],
          [6.3000e-01, 4.7643e-01, 5.8789e-01,  ..., 3.6942e-01,
           3.2270e-02, 5.9125e-01]]],


        ...,


        [[[2.4269e-01, 1.0319e-01, 7.6591e-01,  ..., 2.2321e-01,
           1.5531e-02, 8.8340e-01],
          [8.0044e-01, 8.3035e-01, 6.2889e-01,  ..., 7.9052e-01,
           1.0435e-01, 5.2577e-01],
          [1.3196e-02, 2.1731e-01, 3.5000e-01,  ..., 5.7295e-02,
           9.7349e-01, 7.2240e-01],
          ...,
          [5.1430e-01, 6.6809e-01, 1.6927e-02,  ..., 8.5870e-01,
           3.3937e-01, 4.6216e-01],
          [5.3208e-01, 4.9305e-01, 5.2351e-01,  ..., 6.4222e-01,
           6.0325e-01, 9.2190e-01],
          [2.6220e-01, 2.8460e-01, 4.7024e-01,  ..., 7.4038e-02,
           4.1706e-02, 6.9008e-01]],

         [[7.6812e-01, 4.5194e-01, 4.8035e-01,  ..., 2.8380e-01,
           3.2521e-01, 4.0602e-01],
          [9.6499e-01, 7.8009e-01, 3.5651e-01,  ..., 2.5056e-01,
           4.7035e-01, 2.4756e-01],
          [9.1278e-01, 9.3433e-01, 6.4861e-02,  ..., 1.3575e-01,
           5.1219e-01, 4.1918e-01],
          ...,
          [9.1437e-01, 9.5639e-01, 3.6850e-01,  ..., 6.3604e-01,
           2.9407e-01, 7.1304e-01],
          [9.7262e-01, 1.9147e-01, 1.5057e-01,  ..., 5.8151e-01,
           6.1715e-01, 2.9614e-01],
          [4.1696e-01, 4.9474e-01, 3.9401e-01,  ..., 7.4232e-01,
           3.1964e-02, 8.4462e-01]],

         [[7.1235e-01, 5.6599e-01, 2.5314e-01,  ..., 4.5049e-01,
           6.4810e-01, 9.1449e-01],
          [3.9315e-01, 9.9205e-03, 4.1698e-01,  ..., 2.4850e-01,
           7.7563e-01, 9.1379e-01],
          [2.5792e-01, 6.8617e-01, 6.9876e-01,  ..., 6.2546e-01,
           6.7161e-01, 4.2707e-01],
          ...,
          [6.6690e-01, 2.6057e-01, 7.2111e-01,  ..., 1.8405e-01,
           8.1033e-01, 1.6217e-02],
          [7.6992e-01, 7.9278e-01, 5.2463e-01,  ..., 1.9639e-01,
           4.2721e-01, 4.6455e-01],
          [8.7840e-01, 5.0544e-01, 6.0857e-01,  ..., 7.6555e-01,
           4.5332e-01, 5.9158e-01]],

         ...,

         [[3.6703e-01, 5.5683e-01, 8.5813e-01,  ..., 5.6880e-01,
           2.9965e-01, 9.4465e-01],
          [1.7958e-01, 6.5810e-01, 5.3109e-01,  ..., 3.8542e-01,
           3.1016e-01, 1.2064e-01],
          [2.8840e-01, 9.8005e-01, 9.9063e-01,  ..., 9.0178e-01,
           9.4421e-02, 7.3533e-01],
          ...,
          [8.3620e-01, 8.4720e-01, 2.4563e-01,  ..., 9.8972e-01,
           5.6225e-01, 4.3211e-01],
          [3.6462e-01, 9.9156e-01, 3.2475e-02,  ..., 3.1660e-01,
           2.0153e-01, 9.2508e-01],
          [7.5885e-01, 2.6282e-03, 8.8859e-01,  ..., 2.2622e-01,
           7.3658e-01, 6.7456e-02]],

         [[5.2400e-01, 9.8867e-01, 6.7520e-01,  ..., 7.9280e-01,
           4.4029e-01, 5.1473e-01],
          [7.5096e-01, 6.3385e-01, 1.9600e-01,  ..., 6.7634e-01,
           7.1462e-02, 7.6711e-01],
          [3.4894e-01, 6.8042e-02, 7.1580e-01,  ..., 3.3453e-01,
           5.3294e-01, 1.8493e-01],
          ...,
          [8.4836e-02, 9.5999e-01, 4.9485e-01,  ..., 2.2728e-01,
           1.2881e-01, 9.5173e-01],
          [2.6043e-01, 8.7374e-01, 4.7649e-01,  ..., 4.0181e-01,
           4.0958e-01, 6.3562e-01],
          [5.4135e-01, 5.2412e-01, 9.9623e-01,  ..., 4.9931e-01,
           9.3856e-01, 8.9388e-01]],

         [[5.8086e-01, 6.7824e-02, 1.8508e-01,  ..., 1.0832e-01,
           7.4591e-01, 2.4446e-01],
          [7.3923e-01, 2.7277e-01, 9.9908e-01,  ..., 1.4735e-01,
           1.3201e-01, 7.9502e-01],
          [4.7232e-01, 1.4742e-01, 8.5814e-01,  ..., 7.3440e-01,
           2.0374e-01, 1.3090e-02],
          ...,
          [8.1044e-01, 3.4450e-01, 1.8598e-01,  ..., 8.1337e-01,
           1.5915e-01, 7.6616e-01],
          [8.4486e-01, 6.5949e-01, 5.9897e-01,  ..., 9.0650e-01,
           4.9366e-02, 8.3782e-01],
          [9.9615e-01, 2.2671e-01, 2.2423e-01,  ..., 7.3633e-01,
           1.1777e-01, 8.0469e-01]]],


        [[[4.2909e-01, 7.1341e-01, 4.1582e-01,  ..., 7.0557e-01,
           5.1239e-01, 1.3565e-01],
          [9.1877e-01, 5.7679e-02, 1.9746e-01,  ..., 9.9402e-01,
           9.8241e-01, 3.0678e-01],
          [6.8779e-01, 8.3244e-01, 5.3985e-01,  ..., 5.7594e-01,
           5.3286e-01, 5.9628e-02],
          ...,
          [6.7526e-01, 2.7338e-01, 9.6043e-01,  ..., 4.1923e-01,
           3.0114e-01, 6.4186e-01],
          [9.5472e-01, 9.4304e-01, 8.1140e-02,  ..., 2.2358e-01,
           6.7606e-01, 8.4105e-02],
          [8.1204e-01, 5.3616e-01, 2.8651e-02,  ..., 7.7534e-01,
           9.2655e-01, 5.1459e-01]],

         [[3.8776e-01, 9.8315e-01, 7.8137e-01,  ..., 1.0996e-01,
           3.0549e-01, 4.5695e-03],
          [4.3746e-01, 3.4643e-01, 4.4146e-01,  ..., 1.4710e-01,
           3.4300e-01, 5.8021e-01],
          [4.5772e-02, 3.4581e-01, 5.2366e-01,  ..., 4.7630e-01,
           1.5448e-01, 9.2285e-01],
          ...,
          [6.2812e-01, 5.6499e-02, 2.1228e-01,  ..., 7.6673e-01,
           2.5601e-01, 5.9257e-01],
          [8.9524e-01, 4.5304e-01, 9.9027e-01,  ..., 2.8240e-01,
           6.6566e-01, 7.5531e-01],
          [1.2642e-01, 5.8753e-01, 1.2341e-01,  ..., 7.4470e-02,
           5.5365e-01, 6.5485e-01]],

         [[4.3402e-01, 7.1608e-01, 4.2941e-01,  ..., 4.2543e-01,
           3.3490e-01, 5.9277e-01],
          [1.3197e-01, 5.1602e-02, 3.7004e-01,  ..., 9.7596e-01,
           6.4244e-01, 6.6159e-01],
          [4.3845e-01, 1.7533e-01, 3.9137e-01,  ..., 2.9426e-01,
           8.2907e-01, 4.8778e-01],
          ...,
          [3.1888e-01, 7.2766e-01, 6.7461e-01,  ..., 7.9284e-01,
           2.3002e-01, 6.6790e-01],
          [8.7633e-01, 5.3976e-01, 1.9572e-01,  ..., 2.9335e-01,
           4.6147e-01, 6.3184e-01],
          [7.3473e-01, 9.6411e-01, 5.5430e-01,  ..., 5.7750e-01,
           9.0131e-01, 5.6494e-01]],

         ...,

         [[7.3711e-01, 9.7847e-01, 1.0031e-01,  ..., 9.5095e-01,
           9.4147e-02, 2.2229e-01],
          [8.6614e-02, 7.8039e-01, 5.3377e-01,  ..., 3.1595e-01,
           7.6882e-02, 7.6833e-01],
          [9.5287e-02, 7.9737e-01, 9.3264e-01,  ..., 1.4278e-01,
           1.7006e-01, 8.9083e-01],
          ...,
          [8.2336e-01, 5.9420e-02, 5.3392e-01,  ..., 6.5939e-01,
           6.0503e-01, 3.8225e-01],
          [5.0428e-01, 2.6302e-01, 6.5440e-04,  ..., 2.6522e-01,
           8.7588e-01, 4.0711e-01],
          [6.1258e-01, 9.1552e-02, 2.9060e-01,  ..., 6.2083e-01,
           5.4833e-01, 1.3608e-01]],

         [[3.7491e-01, 8.0614e-01, 7.8095e-01,  ..., 1.5447e-01,
           4.8043e-02, 3.9666e-02],
          [8.2754e-01, 8.4019e-01, 3.6858e-01,  ..., 9.1719e-01,
           7.3753e-03, 3.8641e-01],
          [3.8346e-02, 9.0222e-01, 8.2679e-01,  ..., 5.9707e-01,
           2.7254e-01, 4.5136e-01],
          ...,
          [1.6142e-01, 8.4050e-01, 6.5774e-01,  ..., 2.8430e-01,
           2.2276e-01, 8.2953e-01],
          [9.0002e-01, 4.1332e-01, 9.7732e-01,  ..., 6.1926e-02,
           7.0139e-01, 3.0108e-01],
          [7.3691e-01, 8.7255e-01, 8.1925e-01,  ..., 9.0906e-02,
           9.3298e-01, 5.9018e-01]],

         [[1.0323e-01, 4.4243e-01, 7.7237e-01,  ..., 6.5122e-01,
           8.5887e-01, 1.7061e-02],
          [1.7544e-01, 1.0720e-01, 1.6201e-02,  ..., 4.1868e-01,
           7.2299e-01, 4.4614e-01],
          [9.5597e-01, 9.8697e-03, 4.6018e-01,  ..., 8.0970e-01,
           3.0698e-01, 7.1559e-01],
          ...,
          [5.7916e-01, 5.7509e-01, 6.0995e-01,  ..., 3.6621e-01,
           1.3013e-01, 5.7359e-01],
          [6.5943e-01, 2.4018e-01, 5.8437e-01,  ..., 2.0962e-01,
           3.2611e-01, 2.6743e-01],
          [5.9824e-01, 5.6381e-02, 6.1351e-01,  ..., 6.0646e-01,
           8.6517e-01, 2.2035e-01]]],


        [[[3.8005e-01, 5.5875e-01, 4.9331e-01,  ..., 8.5463e-01,
           2.2265e-01, 7.3148e-01],
          [2.9376e-01, 5.6559e-03, 2.7111e-02,  ..., 1.4498e-01,
           6.6423e-01, 7.9839e-01],
          [7.4831e-01, 9.3910e-01, 3.6043e-01,  ..., 1.3758e-02,
           8.3791e-01, 3.0608e-01],
          ...,
          [2.7997e-01, 4.5495e-01, 3.7717e-01,  ..., 5.9929e-01,
           1.6941e-03, 2.9934e-01],
          [6.3759e-01, 1.5518e-02, 7.5992e-01,  ..., 3.2674e-01,
           9.7117e-01, 1.8951e-01],
          [5.5030e-01, 4.6727e-01, 8.8697e-01,  ..., 4.1857e-01,
           3.2534e-01, 1.6883e-01]],

         [[1.8982e-01, 5.3230e-02, 1.4674e-01,  ..., 1.1132e-01,
           6.8372e-01, 4.5722e-01],
          [5.1860e-01, 8.4512e-01, 9.7025e-01,  ..., 8.5029e-01,
           3.4848e-01, 7.1083e-01],
          [4.1585e-01, 2.3026e-01, 3.4402e-01,  ..., 9.6728e-01,
           6.4080e-01, 6.5920e-02],
          ...,
          [9.5728e-01, 6.5369e-01, 2.1799e-01,  ..., 7.1490e-02,
           5.6844e-01, 4.9069e-01],
          [7.2808e-01, 7.9298e-01, 6.2471e-02,  ..., 3.3702e-01,
           1.7054e-01, 7.4813e-01],
          [6.8851e-01, 2.6076e-01, 9.6545e-01,  ..., 3.1249e-01,
           9.7446e-01, 7.9437e-01]],

         [[5.2839e-02, 7.1792e-01, 2.4517e-01,  ..., 4.7406e-01,
           1.8506e-01, 8.6542e-01],
          [2.6806e-02, 5.6961e-01, 1.9584e-01,  ..., 7.7069e-01,
           8.9062e-01, 7.6221e-01],
          [2.2087e-02, 2.2218e-01, 4.4215e-01,  ..., 8.1313e-01,
           7.7508e-01, 4.4279e-01],
          ...,
          [7.0489e-01, 7.0334e-01, 7.2962e-01,  ..., 3.1746e-01,
           5.9944e-02, 2.2686e-01],
          [4.5007e-01, 7.4102e-02, 7.3668e-01,  ..., 2.5264e-02,
           6.1319e-01, 2.0842e-01],
          [1.9993e-01, 2.5507e-01, 4.1908e-01,  ..., 8.0739e-01,
           5.3257e-01, 3.3937e-01]],

         ...,

         [[5.4404e-01, 3.4947e-01, 9.0031e-01,  ..., 7.9044e-01,
           7.6372e-01, 5.4922e-01],
          [9.5870e-01, 5.8411e-01, 3.1460e-01,  ..., 5.8585e-01,
           1.9542e-01, 2.9211e-01],
          [6.3139e-01, 9.0103e-01, 9.0640e-01,  ..., 3.7237e-01,
           4.4757e-01, 7.8902e-01],
          ...,
          [7.1958e-01, 2.5846e-01, 2.1910e-01,  ..., 5.6557e-01,
           1.0839e-02, 8.5324e-01],
          [9.3823e-01, 5.9752e-01, 8.6097e-01,  ..., 8.4777e-01,
           3.5114e-01, 3.5976e-01],
          [4.2962e-01, 2.2157e-01, 3.9621e-01,  ..., 6.3399e-01,
           5.5984e-01, 9.7287e-01]],

         [[5.4452e-01, 5.0260e-01, 2.6625e-01,  ..., 3.1419e-01,
           7.3587e-01, 7.6893e-01],
          [3.9112e-01, 9.3756e-02, 9.0644e-01,  ..., 5.2326e-01,
           6.0881e-01, 3.8632e-01],
          [2.3113e-01, 1.9342e-01, 1.6954e-01,  ..., 7.4576e-01,
           8.2922e-01, 6.1438e-01],
          ...,
          [8.5630e-03, 1.2726e-01, 2.8657e-01,  ..., 6.2558e-01,
           3.1514e-01, 6.7152e-01],
          [9.8308e-01, 1.0235e-01, 2.5188e-01,  ..., 7.9014e-02,
           8.1658e-01, 9.1893e-01],
          [6.2335e-01, 4.3553e-02, 4.1991e-01,  ..., 2.7038e-01,
           7.4435e-01, 2.4190e-02]],

         [[1.6951e-01, 2.5073e-01, 6.7912e-02,  ..., 1.2466e-01,
           1.5316e-01, 6.6928e-01],
          [9.4373e-01, 8.4624e-01, 6.9798e-01,  ..., 8.2717e-02,
           4.2573e-01, 3.3402e-01],
          [6.3356e-01, 6.2156e-01, 4.0827e-01,  ..., 2.6610e-01,
           3.7492e-01, 3.4386e-01],
          ...,
          [5.9119e-01, 4.6095e-01, 2.7426e-01,  ..., 7.1696e-01,
           7.5318e-01, 3.1478e-01],
          [3.8735e-01, 7.4811e-02, 4.6560e-01,  ..., 6.3284e-01,
           9.0873e-01, 5.4064e-02],
          [8.0831e-01, 1.2358e-01, 4.5458e-01,  ..., 9.6223e-01,
           5.0870e-01, 6.4127e-01]]]])
