tensor([[[[5.7761e-01, 3.4129e-01, 7.9229e-01,  ..., 1.1298e-01,
           2.5293e-01, 1.1975e-01],
          [8.4374e-01, 3.1298e-01, 8.9297e-01,  ..., 6.5147e-01,
           8.2522e-01, 2.4446e-01],
          [6.0795e-01, 7.3158e-01, 8.9376e-01,  ..., 2.2219e-01,
           7.6530e-01, 1.4189e-01],
          ...,
          [6.0324e-01, 3.4633e-02, 9.3013e-01,  ..., 9.1246e-01,
           9.7046e-02, 5.9466e-01],
          [3.0165e-02, 2.8470e-02, 2.0641e-01,  ..., 1.6491e-01,
           3.4289e-01, 2.7270e-01],
          [1.4970e-02, 7.5011e-02, 2.3187e-01,  ..., 5.9677e-01,
           8.3656e-01, 4.8002e-01]],

         [[2.7923e-01, 7.2007e-02, 8.8677e-02,  ..., 6.4026e-01,
           4.7236e-01, 1.9167e-01],
          [1.5845e-01, 8.0473e-01, 2.1380e-01,  ..., 6.7090e-01,
           7.8356e-02, 5.6632e-01],
          [5.3717e-01, 6.5507e-02, 8.4607e-01,  ..., 9.1652e-01,
           9.9403e-01, 8.0948e-01],
          ...,
          [2.8308e-01, 6.5888e-01, 6.8558e-01,  ..., 6.8373e-01,
           3.9797e-01, 5.4268e-01],
          [9.0193e-01, 6.6726e-01, 1.1090e-01,  ..., 8.9767e-01,
           2.7619e-01, 9.2863e-01],
          [6.1565e-02, 7.7877e-01, 9.9455e-01,  ..., 5.1277e-01,
           9.0620e-02, 3.8472e-01]],

         [[3.1280e-01, 3.7230e-01, 2.6150e-01,  ..., 7.6668e-01,
           8.0679e-01, 7.2187e-01],
          [1.2454e-01, 1.4054e-01, 8.0690e-01,  ..., 7.7765e-01,
           6.4327e-01, 5.0458e-01],
          [5.6300e-01, 7.9433e-01, 6.0717e-01,  ..., 7.7266e-01,
           1.6816e-02, 9.5357e-01],
          ...,
          [3.7534e-01, 7.6663e-01, 6.8056e-02,  ..., 7.5992e-01,
           9.0334e-02, 4.9162e-01],
          [7.6676e-02, 4.0954e-01, 2.6450e-01,  ..., 8.2231e-01,
           4.7723e-01, 8.3741e-01],
          [5.5161e-02, 3.6814e-01, 1.0878e-01,  ..., 9.7238e-01,
           2.2104e-01, 6.3515e-01]],

         ...,

         [[1.6844e-01, 9.2247e-01, 5.4528e-01,  ..., 4.8752e-01,
           4.7917e-02, 1.2017e-01],
          [4.4623e-01, 8.3042e-01, 3.6024e-01,  ..., 7.4304e-01,
           6.4928e-01, 5.2158e-01],
          [4.5596e-01, 5.0750e-02, 5.8789e-01,  ..., 5.7846e-01,
           2.3149e-01, 9.0400e-01],
          ...,
          [2.3467e-01, 4.5829e-01, 9.4623e-01,  ..., 9.4346e-03,
           5.5077e-01, 8.0658e-01],
          [1.5872e-02, 5.7197e-01, 5.5973e-01,  ..., 2.6536e-01,
           6.9930e-02, 1.4919e-04],
          [5.0115e-01, 9.7631e-01, 4.1991e-01,  ..., 1.4635e-01,
           2.2561e-01, 9.1534e-01]],

         [[4.1773e-01, 7.1188e-01, 9.9751e-01,  ..., 3.0380e-04,
           8.3823e-01, 2.7459e-01],
          [6.9883e-01, 8.6803e-01, 4.5718e-01,  ..., 7.4983e-01,
           5.9820e-01, 9.7448e-01],
          [2.9701e-01, 7.1701e-01, 8.6382e-01,  ..., 3.3501e-01,
           1.5847e-01, 9.4427e-01],
          ...,
          [6.5838e-01, 7.1244e-01, 9.1805e-01,  ..., 8.5830e-01,
           9.2126e-01, 2.2185e-01],
          [8.0927e-01, 1.1997e-01, 1.5609e-01,  ..., 4.0653e-01,
           1.6415e-01, 3.0457e-01],
          [9.5400e-02, 2.6046e-01, 4.4800e-01,  ..., 9.2570e-01,
           7.3791e-01, 6.6597e-01]],

         [[2.4459e-02, 7.0139e-01, 9.4057e-01,  ..., 1.1345e-01,
           6.5470e-01, 8.8869e-01],
          [8.3375e-01, 1.4956e-01, 4.1615e-01,  ..., 6.7067e-01,
           2.0980e-01, 2.3359e-01],
          [6.9035e-01, 7.7605e-01, 9.6942e-01,  ..., 5.1828e-01,
           6.5551e-01, 9.8427e-01],
          ...,
          [2.2534e-01, 9.3859e-01, 2.9006e-01,  ..., 9.5145e-01,
           3.9678e-01, 6.6721e-01],
          [4.5093e-01, 1.2523e-01, 6.2956e-01,  ..., 9.6934e-01,
           5.6051e-01, 2.9036e-01],
          [7.1851e-01, 1.3926e-01, 8.7004e-01,  ..., 9.2179e-01,
           9.5736e-01, 7.6763e-01]]],


        [[[2.8887e-01, 1.0608e-01, 9.2750e-01,  ..., 5.6502e-01,
           8.3247e-01, 5.2486e-01],
          [6.3843e-01, 9.1931e-01, 9.4491e-01,  ..., 3.4135e-01,
           2.6428e-01, 2.7859e-01],
          [3.9725e-01, 2.6743e-01, 3.1965e-01,  ..., 1.5122e-01,
           8.1133e-01, 6.5686e-01],
          ...,
          [1.8519e-01, 6.2211e-01, 9.3860e-01,  ..., 8.0112e-01,
           5.9795e-01, 9.4512e-01],
          [7.3255e-01, 5.9167e-01, 1.5222e-01,  ..., 1.6203e-01,
           7.9248e-01, 9.6811e-01],
          [1.6827e-01, 9.1955e-01, 1.0579e-01,  ..., 7.0350e-02,
           9.0477e-01, 3.9438e-01]],

         [[7.5524e-01, 8.3954e-01, 9.4468e-02,  ..., 2.4987e-01,
           7.2247e-01, 9.6880e-01],
          [7.2891e-01, 4.9876e-01, 2.8303e-01,  ..., 9.4873e-02,
           2.7586e-01, 5.0036e-01],
          [8.5786e-01, 5.0599e-02, 3.0694e-01,  ..., 4.8507e-01,
           7.6455e-01, 3.4619e-01],
          ...,
          [3.8595e-01, 3.0190e-01, 1.9653e-01,  ..., 1.6234e-01,
           2.6341e-01, 9.1088e-01],
          [4.5013e-01, 6.8053e-01, 4.9967e-01,  ..., 2.9794e-02,
           7.6349e-01, 5.4338e-01],
          [6.9924e-01, 8.7666e-01, 6.4100e-01,  ..., 2.6141e-03,
           7.0233e-01, 8.2178e-01]],

         [[5.8202e-01, 5.4941e-01, 7.6154e-01,  ..., 1.8310e-01,
           4.6411e-02, 8.7894e-01],
          [6.5829e-01, 2.4298e-01, 4.3126e-02,  ..., 4.6092e-02,
           9.6395e-01, 1.5223e-01],
          [1.5700e-01, 8.1750e-01, 3.9223e-01,  ..., 9.4289e-01,
           1.3699e-01, 4.4057e-01],
          ...,
          [4.1433e-02, 5.0744e-01, 8.3494e-01,  ..., 9.3504e-02,
           3.6178e-01, 4.0470e-01],
          [9.1901e-01, 8.9343e-02, 1.3229e-02,  ..., 6.0093e-01,
           6.0218e-01, 8.1193e-01],
          [4.1592e-01, 3.2886e-01, 7.6037e-01,  ..., 8.6840e-01,
           3.8751e-01, 1.4596e-01]],

         ...,

         [[7.2635e-01, 4.8464e-02, 3.7459e-02,  ..., 2.9807e-01,
           5.9451e-01, 2.8062e-01],
          [3.1435e-01, 1.6934e-01, 8.2599e-01,  ..., 6.8824e-01,
           7.9271e-01, 4.3846e-01],
          [5.4758e-01, 1.3271e-02, 8.4711e-01,  ..., 3.4590e-01,
           5.6377e-02, 8.0692e-01],
          ...,
          [7.3214e-01, 8.4985e-01, 8.3287e-01,  ..., 5.9079e-01,
           3.5543e-01, 3.0579e-02],
          [2.8070e-02, 3.2225e-01, 8.2734e-01,  ..., 2.1114e-01,
           8.3028e-01, 4.1764e-01],
          [8.0786e-01, 7.1372e-01, 8.9503e-01,  ..., 5.9204e-01,
           5.5928e-01, 6.5195e-01]],

         [[6.5499e-01, 8.6920e-01, 6.5528e-01,  ..., 5.1684e-01,
           7.5554e-01, 2.7530e-01],
          [1.0248e-01, 5.9287e-01, 9.1909e-02,  ..., 2.9692e-01,
           2.6742e-01, 6.2399e-01],
          [2.9169e-01, 4.3643e-01, 9.7984e-01,  ..., 3.4493e-01,
           2.6653e-01, 3.0466e-01],
          ...,
          [6.3732e-01, 5.5412e-01, 8.2046e-01,  ..., 2.5930e-01,
           7.1601e-01, 4.7770e-03],
          [8.7468e-01, 3.5038e-01, 1.5274e-01,  ..., 7.8331e-01,
           9.6990e-01, 6.8779e-01],
          [2.6199e-01, 6.4762e-01, 6.8912e-01,  ..., 1.7011e-01,
           7.0977e-01, 6.9356e-01]],

         [[5.4490e-01, 4.0281e-01, 4.2788e-01,  ..., 6.8763e-01,
           6.8761e-01, 6.7000e-01],
          [5.2038e-01, 9.2535e-01, 3.6631e-03,  ..., 4.7612e-01,
           1.6712e-01, 4.4124e-01],
          [5.6912e-01, 4.9326e-01, 9.7942e-02,  ..., 1.8223e-01,
           6.7662e-01, 4.8951e-02],
          ...,
          [8.6017e-02, 5.2274e-01, 2.0817e-01,  ..., 9.4044e-01,
           2.1239e-01, 9.6932e-01],
          [6.8503e-01, 6.0180e-01, 7.5936e-01,  ..., 6.2760e-01,
           8.1149e-01, 7.4260e-02],
          [8.5100e-01, 2.7080e-02, 6.0289e-01,  ..., 2.3674e-01,
           9.0816e-02, 3.5981e-01]]],


        [[[5.5421e-01, 4.5943e-01, 5.3291e-03,  ..., 2.7718e-01,
           4.3357e-01, 9.6804e-01],
          [2.6523e-02, 5.8283e-01, 9.8272e-01,  ..., 8.5530e-01,
           9.0984e-02, 3.1157e-01],
          [5.0331e-01, 4.1146e-01, 5.8038e-01,  ..., 4.7407e-01,
           6.1061e-01, 1.4377e-01],
          ...,
          [4.2539e-01, 8.3130e-01, 8.2683e-01,  ..., 8.4144e-02,
           9.8402e-02, 7.1529e-01],
          [6.2982e-01, 9.4943e-01, 5.3372e-01,  ..., 7.4941e-01,
           8.3296e-01, 9.4344e-01],
          [4.6293e-01, 4.4145e-01, 2.5155e-02,  ..., 5.1570e-01,
           9.1242e-01, 7.1419e-01]],

         [[3.8413e-01, 8.0169e-01, 8.7806e-01,  ..., 3.9301e-01,
           2.7910e-01, 7.5827e-01],
          [1.5963e-01, 4.5917e-01, 1.2480e-01,  ..., 9.9964e-01,
           7.0920e-01, 4.6201e-01],
          [6.1766e-01, 6.9166e-01, 5.8540e-01,  ..., 5.1381e-01,
           6.2700e-01, 2.3907e-01],
          ...,
          [6.3178e-01, 3.4868e-01, 2.2109e-01,  ..., 6.1345e-01,
           7.2775e-01, 9.7214e-01],
          [9.8488e-01, 3.9776e-01, 3.5755e-01,  ..., 9.2031e-01,
           2.2812e-01, 5.5304e-01],
          [3.5798e-01, 2.8664e-01, 9.5660e-01,  ..., 4.4933e-01,
           1.6195e-02, 2.5706e-01]],

         [[8.4059e-01, 2.7174e-01, 2.6201e-01,  ..., 9.1970e-01,
           4.1194e-01, 6.5243e-01],
          [8.6324e-01, 8.3591e-01, 7.0173e-01,  ..., 2.2998e-01,
           5.8175e-02, 4.2764e-01],
          [3.1535e-02, 2.0050e-01, 3.8833e-01,  ..., 9.1742e-01,
           7.5926e-01, 5.0942e-01],
          ...,
          [9.6587e-01, 6.4535e-01, 8.4758e-01,  ..., 7.2971e-01,
           4.4366e-01, 6.8594e-01],
          [9.5709e-03, 7.9836e-01, 2.7955e-01,  ..., 4.7721e-01,
           1.4120e-01, 2.0839e-01],
          [5.4890e-01, 5.1207e-01, 1.7777e-01,  ..., 3.7128e-02,
           7.8839e-01, 8.9368e-02]],

         ...,

         [[5.9061e-01, 3.2909e-01, 7.1789e-01,  ..., 4.9954e-01,
           6.7689e-01, 4.9515e-01],
          [6.7712e-01, 2.8303e-01, 9.4296e-01,  ..., 3.9475e-01,
           9.9574e-01, 3.7211e-01],
          [9.0395e-01, 8.4759e-01, 5.6931e-01,  ..., 1.4938e-01,
           5.1667e-01, 9.2087e-01],
          ...,
          [8.6458e-01, 1.5583e-01, 6.3238e-01,  ..., 4.1810e-01,
           6.2010e-01, 3.2819e-01],
          [8.8510e-01, 9.8421e-01, 2.7203e-01,  ..., 8.5744e-01,
           1.5796e-01, 5.4558e-01],
          [8.3279e-01, 9.3362e-01, 1.2866e-01,  ..., 3.8290e-01,
           3.1829e-02, 4.6325e-01]],

         [[2.2383e-01, 8.1277e-02, 2.2143e-01,  ..., 3.8830e-01,
           5.6467e-01, 9.3264e-01],
          [6.0241e-01, 7.2916e-01, 7.3436e-02,  ..., 9.1719e-02,
           7.1151e-01, 4.1444e-01],
          [7.8880e-01, 7.1533e-01, 2.8302e-01,  ..., 4.4264e-01,
           6.8596e-01, 4.8039e-02],
          ...,
          [1.2163e-01, 3.1641e-01, 4.0900e-01,  ..., 2.8365e-01,
           5.7459e-01, 3.7923e-01],
          [3.0933e-01, 3.2404e-01, 4.6884e-01,  ..., 9.4462e-01,
           7.0813e-01, 7.1559e-01],
          [5.4173e-01, 9.0499e-01, 4.9486e-01,  ..., 3.6295e-01,
           9.8521e-01, 5.1128e-01]],

         [[2.7314e-01, 2.3189e-01, 9.5976e-01,  ..., 9.2148e-01,
           1.1369e-01, 1.5174e-01],
          [8.6306e-01, 3.8983e-01, 4.9917e-01,  ..., 2.8697e-01,
           3.1532e-01, 3.3273e-01],
          [7.3260e-01, 1.9041e-01, 4.2224e-01,  ..., 1.1028e-01,
           4.2580e-01, 4.1391e-01],
          ...,
          [7.3480e-01, 7.0860e-01, 8.5818e-01,  ..., 8.4975e-01,
           9.3261e-01, 6.8578e-01],
          [3.9189e-01, 7.4530e-01, 8.6771e-01,  ..., 7.4951e-01,
           2.2387e-02, 4.8242e-02],
          [7.2650e-01, 2.1649e-01, 5.3155e-01,  ..., 2.5707e-01,
           4.2820e-01, 5.3506e-02]]],


        ...,


        [[[5.9976e-01, 9.4362e-01, 4.5128e-01,  ..., 4.5156e-01,
           9.1640e-01, 6.0825e-01],
          [6.7613e-01, 3.4557e-01, 9.4649e-01,  ..., 7.6012e-01,
           4.0906e-01, 1.5519e-03],
          [2.8848e-01, 8.4382e-01, 7.2746e-01,  ..., 2.1353e-01,
           4.4320e-01, 8.4380e-01],
          ...,
          [4.6190e-01, 8.3548e-01, 5.5413e-01,  ..., 9.0588e-01,
           2.7516e-01, 2.9430e-01],
          [4.7696e-01, 3.0313e-01, 1.5003e-01,  ..., 5.9891e-02,
           6.5775e-01, 1.8874e-01],
          [8.1044e-01, 7.3033e-01, 7.5292e-01,  ..., 3.4795e-01,
           3.3720e-02, 7.3019e-01]],

         [[7.5581e-01, 9.2403e-01, 2.1048e-01,  ..., 2.2140e-01,
           1.6738e-01, 1.4729e-01],
          [8.8147e-01, 9.9178e-01, 7.2608e-01,  ..., 6.0528e-01,
           3.3073e-01, 5.3797e-01],
          [8.2962e-01, 4.9913e-01, 6.2840e-01,  ..., 8.8974e-01,
           8.6464e-01, 4.7193e-01],
          ...,
          [7.3692e-01, 2.0955e-02, 2.0175e-01,  ..., 2.7858e-01,
           5.7296e-01, 9.5913e-01],
          [5.8266e-01, 3.6911e-01, 8.6427e-01,  ..., 7.1969e-01,
           9.9759e-01, 7.3265e-01],
          [9.8723e-01, 7.1561e-01, 6.3975e-01,  ..., 4.0263e-01,
           8.0452e-01, 9.6820e-01]],

         [[1.2216e-02, 4.1611e-01, 8.8768e-01,  ..., 4.7727e-01,
           9.5203e-02, 7.3186e-01],
          [5.6880e-01, 4.8579e-01, 6.0701e-01,  ..., 2.8781e-01,
           8.2429e-02, 5.6776e-02],
          [6.4018e-01, 1.9379e-03, 9.7677e-01,  ..., 6.3652e-01,
           2.1342e-01, 4.6621e-01],
          ...,
          [5.8816e-03, 8.6595e-01, 4.3165e-01,  ..., 4.4296e-01,
           8.1102e-01, 8.3229e-01],
          [4.0984e-01, 8.5080e-01, 2.1909e-01,  ..., 8.1226e-01,
           1.5498e-01, 4.1861e-01],
          [4.3413e-01, 8.9014e-01, 8.2035e-01,  ..., 9.6776e-01,
           4.3653e-01, 5.1692e-01]],

         ...,

         [[6.8206e-01, 8.2786e-01, 1.4417e-01,  ..., 5.4397e-01,
           4.0476e-01, 1.6152e-01],
          [2.1166e-01, 5.3361e-01, 3.9495e-01,  ..., 8.6297e-01,
           8.6012e-01, 1.5422e-01],
          [5.2171e-02, 2.6113e-01, 9.6147e-01,  ..., 1.0154e-01,
           6.0499e-01, 9.7514e-01],
          ...,
          [6.6777e-01, 2.3018e-01, 4.3561e-01,  ..., 6.2404e-01,
           1.0882e-01, 9.5430e-01],
          [5.7450e-01, 5.5556e-01, 2.3947e-01,  ..., 6.3797e-02,
           9.6486e-01, 2.3836e-01],
          [1.9713e-01, 2.9789e-01, 5.2377e-01,  ..., 6.7672e-01,
           4.9812e-01, 9.7919e-01]],

         [[2.3852e-01, 6.0921e-01, 8.4239e-01,  ..., 2.7968e-01,
           6.7969e-01, 1.4836e-01],
          [3.1807e-01, 5.3796e-01, 8.3197e-01,  ..., 3.0558e-01,
           2.8081e-01, 8.0334e-01],
          [3.6942e-01, 2.7529e-01, 3.0940e-01,  ..., 7.1250e-02,
           9.9339e-01, 3.7486e-01],
          ...,
          [1.6575e-01, 9.5769e-01, 9.1157e-02,  ..., 5.5095e-01,
           5.3170e-02, 6.1679e-01],
          [7.8475e-01, 3.6776e-01, 5.3963e-01,  ..., 5.1445e-02,
           2.0115e-01, 7.3106e-01],
          [7.7750e-01, 4.6253e-02, 3.5493e-01,  ..., 7.4704e-01,
           9.7786e-01, 8.8543e-01]],

         [[1.3541e-01, 2.5024e-02, 4.0366e-01,  ..., 7.1447e-01,
           2.6799e-01, 9.7326e-01],
          [2.5596e-01, 2.0841e-01, 8.0675e-01,  ..., 5.6230e-01,
           3.8007e-01, 3.3280e-01],
          [7.3709e-01, 4.0328e-02, 5.0862e-01,  ..., 7.3285e-01,
           3.5781e-01, 3.1404e-01],
          ...,
          [3.4199e-02, 6.3539e-01, 1.9368e-01,  ..., 1.8958e-01,
           7.7451e-01, 8.7031e-01],
          [5.8688e-01, 6.6640e-01, 7.6003e-01,  ..., 5.8359e-01,
           5.3290e-01, 1.9893e-01],
          [4.7032e-02, 8.2884e-01, 9.3764e-02,  ..., 6.4310e-01,
           9.9470e-01, 3.5671e-01]]],


        [[[1.8973e-01, 5.6555e-01, 6.2905e-02,  ..., 8.2695e-02,
           6.9486e-01, 4.8507e-01],
          [8.9823e-01, 7.6991e-01, 5.3755e-01,  ..., 1.1952e-01,
           5.6227e-01, 6.2452e-01],
          [7.1232e-01, 5.0168e-01, 4.4213e-01,  ..., 8.5901e-01,
           9.0640e-02, 9.5440e-01],
          ...,
          [3.5093e-01, 4.4149e-01, 4.0281e-01,  ..., 6.3709e-01,
           1.9048e-01, 7.8901e-01],
          [8.3654e-01, 5.8357e-02, 5.3723e-01,  ..., 1.1248e-01,
           1.3037e-01, 7.8434e-01],
          [9.9138e-01, 5.6355e-02, 1.2595e-01,  ..., 7.7064e-01,
           9.4436e-01, 1.0247e-01]],

         [[4.3591e-01, 8.4090e-01, 5.7885e-01,  ..., 3.2433e-01,
           6.5334e-01, 1.5165e-01],
          [5.7155e-01, 5.4117e-02, 6.5825e-01,  ..., 5.0969e-01,
           5.6127e-01, 8.1551e-01],
          [4.2908e-01, 6.0266e-01, 4.3051e-01,  ..., 5.2811e-01,
           2.1577e-02, 3.5392e-01],
          ...,
          [6.2672e-01, 3.6365e-01, 7.5591e-01,  ..., 4.8500e-01,
           3.7298e-01, 9.7856e-01],
          [4.1315e-01, 2.3693e-01, 6.7538e-01,  ..., 1.7273e-01,
           6.4813e-01, 5.7780e-01],
          [3.2042e-01, 6.2497e-01, 5.8396e-01,  ..., 6.9763e-02,
           4.0150e-02, 8.7462e-02]],

         [[8.6460e-01, 7.0410e-02, 6.3500e-02,  ..., 9.0167e-01,
           2.4590e-01, 3.9499e-01],
          [6.1313e-01, 9.7715e-01, 5.2306e-01,  ..., 5.7912e-01,
           2.5031e-01, 1.4101e-01],
          [1.1198e-01, 6.4286e-01, 3.4916e-01,  ..., 7.2831e-01,
           7.6994e-01, 5.6706e-01],
          ...,
          [3.0006e-01, 3.4192e-01, 9.9038e-01,  ..., 5.1093e-01,
           2.4302e-01, 5.0314e-02],
          [8.0230e-01, 1.3718e-01, 7.5226e-02,  ..., 5.6628e-01,
           9.0148e-01, 4.1409e-01],
          [6.8426e-01, 4.8128e-01, 2.1087e-01,  ..., 9.8227e-01,
           6.7683e-01, 8.8134e-01]],

         ...,

         [[9.6306e-01, 1.4691e-01, 7.9052e-01,  ..., 2.8522e-01,
           5.4260e-01, 4.9910e-01],
          [1.8679e-01, 3.1774e-01, 2.3897e-01,  ..., 4.5439e-01,
           6.7532e-01, 2.3656e-01],
          [5.4529e-02, 9.8780e-01, 2.2746e-01,  ..., 2.9884e-01,
           4.0709e-01, 4.4754e-01],
          ...,
          [3.5399e-01, 9.0640e-01, 8.3346e-01,  ..., 7.4948e-01,
           7.9876e-01, 6.6109e-01],
          [1.6900e-02, 5.0874e-01, 3.3709e-01,  ..., 8.3267e-01,
           9.3480e-02, 9.1251e-01],
          [3.3494e-01, 6.7545e-01, 1.2577e-01,  ..., 9.2606e-01,
           8.4782e-01, 7.1063e-02]],

         [[1.8536e-01, 6.7939e-01, 3.5754e-01,  ..., 8.1188e-02,
           3.2842e-01, 3.2117e-01],
          [5.1712e-01, 6.3236e-01, 9.2286e-01,  ..., 1.3327e-01,
           5.6234e-01, 7.3089e-01],
          [2.5727e-01, 9.5924e-01, 4.5248e-01,  ..., 8.7577e-01,
           2.3453e-01, 3.0977e-01],
          ...,
          [6.0092e-01, 2.3716e-02, 4.4135e-01,  ..., 3.5959e-01,
           8.0675e-01, 5.9932e-01],
          [2.4912e-01, 7.2228e-01, 8.0287e-01,  ..., 5.9359e-01,
           8.6937e-01, 3.3227e-01],
          [4.4982e-01, 6.8132e-01, 8.0971e-01,  ..., 8.4598e-01,
           2.9283e-01, 5.4980e-01]],

         [[5.5002e-01, 3.9104e-01, 8.3224e-01,  ..., 4.0205e-01,
           3.3750e-01, 6.2885e-01],
          [8.7052e-01, 3.5634e-01, 1.7838e-01,  ..., 5.4402e-01,
           9.9094e-01, 6.5686e-01],
          [2.8018e-01, 9.2767e-01, 5.3807e-02,  ..., 4.6373e-01,
           1.9757e-01, 8.7375e-01],
          ...,
          [1.8034e-01, 5.6170e-01, 7.8777e-01,  ..., 7.2212e-01,
           7.8397e-01, 4.6328e-01],
          [9.5873e-01, 4.1929e-01, 2.7786e-02,  ..., 2.2856e-01,
           4.8281e-01, 5.1836e-01],
          [6.0570e-01, 4.2403e-01, 8.0319e-01,  ..., 4.4369e-01,
           8.5269e-01, 8.9991e-01]]],


        [[[9.4149e-01, 5.1096e-01, 8.3918e-02,  ..., 5.2278e-01,
           2.6038e-01, 6.3041e-01],
          [3.6327e-01, 3.0307e-01, 1.1923e-02,  ..., 8.5080e-01,
           6.5614e-01, 3.4233e-01],
          [3.7820e-01, 2.4000e-01, 2.8135e-01,  ..., 3.0989e-02,
           1.2844e-01, 8.8698e-01],
          ...,
          [7.7358e-01, 5.1520e-01, 9.5087e-01,  ..., 1.3288e-02,
           3.3414e-01, 3.4724e-01],
          [5.7275e-01, 6.1878e-01, 8.0150e-01,  ..., 5.1160e-01,
           6.7879e-01, 7.2702e-01],
          [2.8580e-01, 7.7670e-01, 2.8997e-01,  ..., 5.2927e-01,
           3.3427e-01, 6.3569e-01]],

         [[7.1234e-01, 5.9470e-01, 7.2731e-01,  ..., 8.3755e-01,
           6.8741e-01, 5.2784e-01],
          [6.4987e-01, 6.1652e-01, 7.3712e-01,  ..., 5.9777e-01,
           9.7105e-01, 4.1276e-01],
          [5.4127e-01, 6.6808e-03, 9.6881e-01,  ..., 9.0619e-01,
           3.6180e-01, 6.4715e-01],
          ...,
          [3.7625e-01, 8.6378e-01, 1.2763e-01,  ..., 4.4333e-01,
           4.9142e-01, 6.9337e-01],
          [8.9704e-01, 6.7586e-01, 3.0687e-01,  ..., 5.7220e-01,
           6.6227e-01, 2.4437e-01],
          [9.8841e-01, 5.9785e-01, 2.8855e-01,  ..., 7.5102e-01,
           9.7385e-01, 2.9656e-01]],

         [[7.8539e-01, 4.9347e-01, 6.7464e-01,  ..., 7.1933e-01,
           2.7137e-01, 9.6895e-01],
          [6.9514e-01, 5.5963e-02, 7.2801e-01,  ..., 2.8510e-01,
           3.1189e-01, 5.7376e-01],
          [9.7982e-01, 1.7723e-01, 9.5550e-01,  ..., 9.1625e-01,
           5.2874e-01, 4.0242e-01],
          ...,
          [3.0777e-02, 6.3935e-01, 6.7370e-01,  ..., 2.9214e-01,
           4.4880e-01, 3.0505e-01],
          [2.1971e-01, 6.5041e-01, 1.6286e-01,  ..., 7.3259e-01,
           5.4811e-01, 7.8264e-01],
          [8.8137e-01, 3.9546e-01, 2.5666e-01,  ..., 8.9449e-01,
           9.7398e-01, 7.9228e-01]],

         ...,

         [[2.7410e-01, 6.8858e-01, 5.7378e-01,  ..., 1.3072e-01,
           8.1455e-01, 6.2653e-01],
          [7.1682e-01, 7.6269e-01, 1.7239e-01,  ..., 2.9940e-02,
           8.0158e-01, 9.3141e-01],
          [8.1976e-02, 7.2206e-01, 6.2048e-01,  ..., 7.4903e-01,
           8.3360e-01, 6.8933e-01],
          ...,
          [2.2570e-01, 3.9024e-01, 5.4683e-02,  ..., 6.1767e-01,
           3.2577e-01, 2.5564e-01],
          [7.3972e-01, 2.5557e-01, 6.6121e-01,  ..., 8.3323e-01,
           3.3827e-01, 5.7151e-01],
          [5.1846e-01, 2.9805e-01, 4.0362e-01,  ..., 6.1643e-01,
           1.1488e-01, 7.7768e-01]],

         [[4.8415e-01, 2.2120e-01, 2.4851e-02,  ..., 2.0265e-01,
           5.6353e-01, 8.3317e-01],
          [3.2634e-01, 5.7331e-01, 3.7184e-01,  ..., 7.1368e-01,
           7.0786e-01, 5.1514e-01],
          [2.9056e-01, 6.6590e-01, 2.3855e-01,  ..., 2.0288e-01,
           6.2191e-01, 7.6351e-01],
          ...,
          [6.6708e-01, 7.9057e-01, 4.7703e-02,  ..., 2.5299e-01,
           6.3654e-01, 1.3359e-01],
          [5.4580e-01, 4.0987e-01, 1.4462e-01,  ..., 1.9005e-01,
           9.7477e-01, 2.0990e-01],
          [7.4558e-01, 3.2339e-02, 6.3989e-01,  ..., 9.8631e-01,
           5.3471e-03, 5.6126e-01]],

         [[4.0726e-01, 4.4974e-01, 2.3713e-02,  ..., 9.6944e-01,
           2.4600e-01, 4.9167e-01],
          [2.7104e-01, 1.7990e-01, 7.4412e-01,  ..., 1.9698e-01,
           2.1983e-01, 2.0562e-01],
          [4.7102e-01, 3.3507e-01, 6.8900e-01,  ..., 6.2402e-02,
           1.7025e-01, 4.5885e-01],
          ...,
          [9.0652e-02, 1.5075e-01, 7.0093e-01,  ..., 1.8399e-01,
           8.0785e-01, 4.8946e-02],
          [1.5972e-01, 2.8548e-01, 9.0756e-01,  ..., 4.0536e-01,
           4.7988e-01, 3.9134e-01],
          [5.5376e-01, 9.4001e-02, 7.9940e-01,  ..., 5.1260e-06,
           8.4136e-01, 1.8438e-01]]]])
