tensor([[[[4.5952e-01, 8.3946e-01, 5.2622e-02,  ..., 4.1788e-02,
           4.4555e-01, 8.7760e-01],
          [5.7483e-01, 9.9173e-01, 7.2169e-01,  ..., 6.1886e-01,
           5.6700e-01, 5.4494e-01],
          [3.0503e-01, 2.7547e-01, 8.2743e-01,  ..., 2.8020e-01,
           6.4613e-02, 9.4592e-01],
          ...,
          [4.6149e-01, 3.3102e-01, 2.0507e-01,  ..., 4.9856e-01,
           1.0940e-01, 9.5294e-01],
          [2.3614e-01, 5.3417e-01, 2.8197e-02,  ..., 1.9624e-01,
           4.8167e-01, 9.8430e-01],
          [2.9897e-01, 2.6265e-02, 1.8534e-01,  ..., 4.9047e-01,
           3.8210e-01, 8.6380e-02]],

         [[4.0620e-01, 7.5195e-02, 1.7814e-01,  ..., 3.0379e-01,
           8.2309e-01, 4.2982e-01],
          [2.7195e-01, 4.8919e-01, 3.6445e-01,  ..., 9.6712e-01,
           8.0850e-01, 7.1903e-01],
          [1.2764e-01, 8.8539e-01, 6.0450e-01,  ..., 3.5739e-01,
           6.5586e-01, 9.8677e-03],
          ...,
          [9.2629e-01, 7.3978e-01, 7.6758e-01,  ..., 7.3123e-01,
           5.6354e-01, 8.4408e-01],
          [5.7635e-01, 8.5529e-01, 8.3360e-01,  ..., 5.4685e-01,
           5.3030e-01, 5.6799e-01],
          [4.1875e-01, 2.5899e-01, 5.6739e-03,  ..., 6.2913e-01,
           8.6133e-01, 5.7991e-01]],

         [[6.2039e-01, 7.9621e-01, 5.0540e-01,  ..., 9.4946e-01,
           5.3315e-01, 3.5743e-01],
          [2.3416e-01, 9.0354e-01, 9.3568e-01,  ..., 4.6814e-01,
           1.4353e-01, 6.6646e-01],
          [2.9595e-01, 2.4695e-01, 2.8086e-02,  ..., 1.7721e-01,
           2.6881e-01, 4.4090e-01],
          ...,
          [7.2546e-01, 9.6470e-01, 1.8470e-01,  ..., 6.4660e-01,
           1.3987e-01, 3.3380e-01],
          [8.8800e-01, 6.0701e-01, 3.2850e-01,  ..., 4.4956e-02,
           5.5538e-01, 1.0186e-02],
          [2.9749e-02, 1.9645e-01, 3.4384e-01,  ..., 2.9045e-01,
           7.4136e-02, 3.7041e-01]],

         ...,

         [[4.8826e-02, 2.8125e-01, 5.3327e-01,  ..., 6.9792e-01,
           5.0508e-01, 2.5774e-01],
          [5.4764e-01, 9.8490e-01, 6.3261e-01,  ..., 4.4094e-01,
           6.7983e-01, 1.2037e-02],
          [9.9752e-01, 3.0451e-02, 7.6514e-01,  ..., 6.6541e-01,
           9.8531e-01, 3.8683e-01],
          ...,
          [8.6022e-01, 8.2824e-01, 2.7302e-01,  ..., 6.5149e-02,
           5.7050e-02, 9.1321e-01],
          [2.1251e-01, 2.6011e-01, 8.2357e-01,  ..., 1.2988e-01,
           5.3307e-01, 1.2913e-01],
          [1.0119e-01, 1.1921e-01, 2.2888e-01,  ..., 6.6601e-01,
           7.3562e-01, 7.3478e-01]],

         [[6.4090e-01, 6.1026e-01, 3.3161e-02,  ..., 3.9999e-01,
           8.3010e-01, 4.9068e-01],
          [3.1262e-01, 7.5545e-01, 4.3957e-02,  ..., 1.5408e-01,
           2.7994e-01, 1.4349e-02],
          [7.1702e-01, 2.6014e-01, 3.8744e-02,  ..., 4.0045e-01,
           9.3351e-02, 4.2631e-02],
          ...,
          [9.1598e-01, 9.3240e-01, 2.3790e-01,  ..., 2.7142e-01,
           6.7633e-01, 2.4402e-01],
          [7.9919e-01, 5.0446e-01, 8.9408e-02,  ..., 9.1566e-01,
           6.4047e-01, 7.7004e-01],
          [7.0283e-02, 6.4984e-01, 8.4757e-01,  ..., 1.1451e-01,
           7.6522e-01, 7.6558e-01]],

         [[8.1390e-01, 2.4167e-01, 6.8462e-01,  ..., 2.0542e-01,
           9.9452e-01, 5.2140e-01],
          [2.3101e-01, 3.3377e-01, 4.9520e-01,  ..., 6.8102e-02,
           4.9121e-01, 4.3761e-01],
          [2.4986e-01, 7.3473e-02, 4.2927e-01,  ..., 4.8327e-01,
           6.5099e-01, 9.3250e-02],
          ...,
          [6.0016e-01, 9.5750e-02, 5.5993e-01,  ..., 2.6013e-01,
           2.2652e-01, 5.7367e-01],
          [2.6671e-01, 4.6302e-01, 6.2764e-01,  ..., 4.6269e-01,
           7.7263e-01, 5.1494e-01],
          [3.1012e-01, 6.6791e-01, 6.4812e-01,  ..., 4.6747e-01,
           5.3039e-01, 4.4173e-01]]],


        [[[6.6019e-01, 6.1423e-01, 7.5607e-01,  ..., 1.5063e-01,
           9.8190e-01, 8.9401e-01],
          [3.5766e-01, 8.6326e-01, 8.2803e-01,  ..., 3.3855e-03,
           8.0211e-01, 8.7590e-01],
          [3.1952e-01, 4.7495e-01, 1.7448e-01,  ..., 9.0938e-02,
           9.4970e-01, 1.8223e-01],
          ...,
          [6.6200e-01, 3.2726e-01, 5.5284e-01,  ..., 5.8590e-01,
           2.6991e-01, 2.3173e-01],
          [8.0113e-01, 4.2277e-01, 4.3152e-01,  ..., 6.3161e-01,
           6.9807e-02, 3.0827e-01],
          [5.1401e-01, 4.5378e-02, 1.8522e-01,  ..., 1.5178e-01,
           7.2483e-01, 8.9631e-01]],

         [[9.6934e-01, 3.0833e-01, 5.1584e-01,  ..., 4.2320e-01,
           9.3602e-02, 8.7355e-01],
          [5.6882e-01, 2.0658e-01, 7.8053e-01,  ..., 7.4692e-01,
           1.6381e-02, 9.6642e-03],
          [4.1570e-01, 1.9677e-01, 6.3871e-01,  ..., 4.9043e-02,
           1.3629e-01, 7.3247e-01],
          ...,
          [7.8716e-01, 4.9029e-01, 7.8728e-01,  ..., 9.8545e-01,
           5.8815e-01, 6.5622e-02],
          [2.7165e-01, 9.2899e-02, 5.3024e-01,  ..., 5.3854e-03,
           6.0771e-01, 9.7254e-01],
          [2.5046e-01, 3.8036e-01, 7.9437e-01,  ..., 2.9001e-01,
           6.2460e-01, 7.8348e-01]],

         [[3.4789e-01, 3.1295e-01, 3.9875e-01,  ..., 4.4493e-01,
           8.3303e-01, 5.9246e-01],
          [1.2175e-01, 5.9688e-01, 3.7086e-01,  ..., 3.0683e-01,
           4.9500e-01, 9.4106e-01],
          [9.8452e-01, 1.1833e-01, 7.1783e-01,  ..., 3.2863e-01,
           2.1062e-01, 5.5783e-01],
          ...,
          [6.9773e-02, 5.5365e-01, 6.1022e-01,  ..., 9.5765e-01,
           4.8790e-01, 7.1891e-02],
          [3.1174e-02, 7.7108e-02, 2.0718e-01,  ..., 7.1154e-02,
           3.7293e-01, 9.3461e-01],
          [8.6169e-01, 3.9802e-01, 3.9698e-01,  ..., 8.6128e-01,
           8.2628e-01, 2.6693e-01]],

         ...,

         [[9.2406e-02, 8.1491e-01, 4.3704e-01,  ..., 7.1705e-01,
           6.0987e-01, 3.2355e-01],
          [2.1434e-01, 2.8344e-01, 9.8949e-01,  ..., 7.9568e-01,
           3.8856e-01, 5.9652e-01],
          [6.7897e-01, 1.0884e-01, 4.2284e-01,  ..., 3.6067e-01,
           3.1883e-02, 3.7723e-01],
          ...,
          [7.3010e-01, 9.2020e-01, 4.0929e-02,  ..., 9.7091e-01,
           7.0110e-01, 2.7561e-01],
          [2.6940e-01, 1.6074e-01, 4.5659e-01,  ..., 6.8714e-01,
           2.2063e-01, 6.0127e-01],
          [1.9208e-01, 4.2023e-01, 8.4219e-01,  ..., 9.7401e-01,
           7.1035e-02, 5.4898e-01]],

         [[6.9049e-01, 5.2436e-01, 8.4500e-01,  ..., 6.3000e-01,
           4.2837e-01, 1.1739e-01],
          [7.5026e-01, 6.9455e-01, 7.8241e-01,  ..., 8.3975e-01,
           3.8397e-01, 4.1600e-01],
          [4.3885e-01, 8.0595e-01, 6.4629e-01,  ..., 4.4860e-01,
           8.7061e-01, 4.5593e-01],
          ...,
          [4.0699e-01, 3.0208e-01, 2.4029e-01,  ..., 5.3633e-01,
           5.3183e-01, 2.2098e-01],
          [3.3569e-01, 8.8384e-01, 1.8095e-01,  ..., 7.3273e-01,
           8.9692e-01, 6.0877e-01],
          [9.4225e-01, 9.3654e-01, 8.1728e-01,  ..., 9.2533e-02,
           3.8023e-01, 2.1228e-02]],

         [[6.7001e-01, 3.6294e-01, 3.6071e-01,  ..., 4.2079e-01,
           4.7651e-01, 6.4175e-01],
          [1.3780e-01, 3.6540e-02, 9.2888e-01,  ..., 2.5493e-01,
           3.3008e-01, 8.8841e-01],
          [6.2869e-01, 5.3735e-01, 3.3787e-01,  ..., 4.5606e-01,
           8.2469e-01, 8.5860e-01],
          ...,
          [5.6812e-01, 8.3991e-01, 4.8018e-01,  ..., 7.6338e-01,
           9.8506e-01, 1.8844e-01],
          [8.2378e-01, 3.9787e-01, 5.0166e-01,  ..., 9.5624e-01,
           2.1516e-01, 1.4307e-01],
          [6.4656e-01, 7.8276e-01, 2.5393e-01,  ..., 9.8118e-02,
           1.3714e-01, 5.5706e-01]]],


        [[[2.6890e-01, 6.9885e-01, 5.8830e-01,  ..., 9.9038e-01,
           5.0187e-01, 2.4883e-01],
          [4.1364e-01, 9.5663e-01, 5.1964e-01,  ..., 3.6357e-01,
           9.6050e-01, 7.6599e-01],
          [2.6116e-01, 9.4096e-01, 3.0423e-01,  ..., 9.3031e-01,
           3.9261e-01, 4.1337e-01],
          ...,
          [7.1961e-01, 6.2220e-01, 7.9437e-01,  ..., 8.0209e-01,
           4.8280e-02, 9.8519e-01],
          [2.8019e-01, 9.4953e-01, 4.6211e-02,  ..., 2.3661e-01,
           8.8427e-01, 4.6190e-01],
          [7.6584e-01, 7.5652e-02, 2.5027e-01,  ..., 6.1774e-01,
           8.7762e-01, 6.4089e-02]],

         [[9.9726e-01, 5.0781e-01, 1.7563e-01,  ..., 6.6093e-01,
           4.2797e-01, 3.5271e-01],
          [1.9222e-01, 6.8779e-01, 7.2313e-01,  ..., 5.5716e-01,
           4.0454e-01, 7.9494e-01],
          [9.8241e-01, 3.2198e-01, 7.4469e-02,  ..., 9.0217e-01,
           1.2419e-02, 7.5610e-01],
          ...,
          [8.2891e-01, 7.4549e-01, 5.0038e-02,  ..., 3.8852e-02,
           9.9188e-01, 5.7457e-01],
          [1.5118e-01, 1.8569e-01, 7.6073e-01,  ..., 4.6892e-01,
           7.6481e-01, 3.5147e-01],
          [1.5547e-01, 4.7072e-01, 1.1468e-01,  ..., 8.8816e-01,
           1.0885e-01, 8.9897e-01]],

         [[3.0732e-01, 9.8605e-01, 8.0602e-01,  ..., 2.8927e-01,
           9.2397e-01, 8.4454e-02],
          [6.4474e-01, 1.3988e-01, 3.1544e-02,  ..., 3.0669e-01,
           5.5160e-01, 9.2811e-02],
          [4.5392e-01, 5.7635e-01, 2.1973e-01,  ..., 5.8216e-01,
           2.6543e-01, 9.1783e-01],
          ...,
          [8.6734e-01, 5.7879e-01, 5.2815e-01,  ..., 2.8601e-01,
           3.5942e-01, 2.4295e-01],
          [1.8334e-01, 5.1053e-01, 8.3907e-02,  ..., 7.9504e-01,
           9.8314e-01, 2.3352e-01],
          [1.9590e-01, 3.6440e-01, 5.7956e-01,  ..., 4.7157e-02,
           7.8555e-01, 3.4908e-01]],

         ...,

         [[1.0206e-01, 1.1575e-01, 5.7272e-01,  ..., 2.5464e-01,
           8.0032e-01, 4.9771e-02],
          [3.1093e-01, 5.8863e-02, 1.7420e-01,  ..., 1.8281e-02,
           7.4416e-01, 8.4903e-01],
          [6.2810e-01, 7.2182e-02, 1.4107e-01,  ..., 9.4684e-01,
           8.5747e-01, 9.8750e-01],
          ...,
          [8.7317e-02, 9.5096e-02, 5.3471e-02,  ..., 6.4502e-01,
           7.4527e-01, 5.5310e-01],
          [5.6891e-02, 4.6605e-01, 6.2264e-01,  ..., 4.9761e-01,
           7.2860e-01, 1.4341e-02],
          [1.1400e-02, 8.6758e-01, 8.2377e-01,  ..., 7.4725e-01,
           8.8080e-01, 3.1246e-01]],

         [[2.0696e-01, 6.7633e-01, 6.8924e-01,  ..., 3.6205e-01,
           8.2926e-01, 1.2125e-02],
          [1.5646e-02, 6.6927e-01, 3.0943e-01,  ..., 1.0204e-01,
           4.2204e-01, 7.3727e-01],
          [9.3462e-01, 2.7947e-01, 2.7189e-02,  ..., 5.0493e-01,
           3.4394e-01, 4.5079e-01],
          ...,
          [6.2303e-01, 2.6215e-01, 3.2946e-01,  ..., 1.0542e-02,
           5.4121e-01, 4.6784e-01],
          [6.5344e-03, 3.7638e-01, 8.5224e-01,  ..., 3.7804e-01,
           6.9544e-01, 5.1432e-01],
          [1.8735e-02, 1.7505e-01, 2.0982e-01,  ..., 3.0709e-01,
           4.7576e-01, 7.4385e-01]],

         [[9.0213e-01, 6.3311e-01, 1.8051e-01,  ..., 4.2722e-01,
           6.1246e-01, 9.5569e-01],
          [1.8915e-01, 3.4599e-01, 8.2565e-01,  ..., 2.7668e-01,
           1.3569e-01, 6.1190e-01],
          [6.4277e-01, 1.7309e-01, 4.7695e-01,  ..., 1.2785e-01,
           9.4809e-01, 6.7114e-01],
          ...,
          [2.6142e-01, 5.9357e-01, 5.8908e-01,  ..., 4.2494e-01,
           3.2329e-01, 3.1719e-02],
          [9.0542e-01, 5.3659e-02, 4.4240e-01,  ..., 5.0486e-02,
           5.0975e-01, 6.3565e-01],
          [1.6251e-01, 4.1732e-01, 9.8330e-01,  ..., 2.3088e-01,
           7.0757e-01, 8.2910e-02]]],


        ...,


        [[[1.7375e-01, 1.6118e-01, 8.9826e-01,  ..., 4.2652e-01,
           5.0253e-01, 6.1063e-01],
          [9.3944e-01, 7.6677e-01, 9.0007e-01,  ..., 7.9315e-01,
           2.3643e-01, 7.6793e-01],
          [1.4369e-01, 4.8054e-01, 5.2721e-01,  ..., 8.4286e-01,
           4.3988e-02, 8.0969e-02],
          ...,
          [7.3486e-01, 1.0259e-01, 8.6524e-01,  ..., 4.8089e-01,
           3.8707e-01, 3.7748e-01],
          [6.7879e-01, 3.3107e-01, 5.3881e-01,  ..., 5.1102e-01,
           8.8986e-01, 2.9638e-01],
          [2.5276e-01, 6.8402e-01, 2.8985e-01,  ..., 3.4773e-01,
           3.3588e-01, 7.8656e-01]],

         [[9.7855e-02, 4.3558e-01, 3.9962e-01,  ..., 5.5863e-01,
           3.6293e-01, 3.1592e-02],
          [6.8790e-01, 5.4268e-01, 3.8508e-01,  ..., 9.0271e-01,
           5.2967e-01, 6.6479e-02],
          [7.7424e-01, 8.0180e-01, 6.4671e-01,  ..., 4.9751e-01,
           6.6701e-02, 8.1712e-01],
          ...,
          [5.7208e-01, 7.5913e-01, 8.8265e-01,  ..., 7.3152e-01,
           1.2612e-01, 5.6382e-01],
          [4.2197e-01, 5.5114e-01, 2.1453e-01,  ..., 2.8332e-01,
           4.8290e-01, 2.0305e-01],
          [5.1534e-01, 4.5387e-01, 6.5733e-03,  ..., 3.0885e-01,
           1.1485e-01, 6.4427e-01]],

         [[1.1341e-01, 6.3673e-01, 5.0904e-01,  ..., 4.8832e-01,
           1.9561e-01, 2.9762e-01],
          [6.8257e-01, 4.2616e-01, 4.9421e-01,  ..., 4.2495e-02,
           5.2983e-01, 4.1801e-01],
          [9.0202e-01, 5.2576e-01, 1.3398e-01,  ..., 4.9466e-01,
           3.0564e-02, 8.0580e-01],
          ...,
          [5.4301e-01, 3.2153e-01, 2.9816e-01,  ..., 1.1917e-02,
           2.3579e-01, 8.3297e-01],
          [2.2022e-01, 8.6941e-02, 3.5488e-01,  ..., 2.5343e-01,
           1.4306e-01, 3.1364e-01],
          [4.6220e-01, 7.7048e-01, 9.8591e-02,  ..., 2.5008e-01,
           1.2544e-01, 3.5477e-01]],

         ...,

         [[2.4021e-01, 3.9757e-01, 9.3681e-01,  ..., 1.4471e-01,
           9.5174e-01, 1.9144e-01],
          [5.9241e-01, 1.8246e-03, 9.5045e-01,  ..., 6.3932e-01,
           2.7294e-01, 1.7308e-01],
          [7.1869e-01, 7.9628e-01, 3.7737e-01,  ..., 1.9182e-01,
           7.4832e-01, 2.3119e-02],
          ...,
          [2.1875e-02, 6.3672e-01, 1.6449e-01,  ..., 9.4922e-01,
           3.6765e-01, 2.6143e-02],
          [6.3334e-01, 6.4152e-01, 1.1862e-01,  ..., 8.4881e-01,
           8.8298e-01, 8.0548e-01],
          [1.8856e-01, 2.3129e-01, 6.4363e-01,  ..., 1.8285e-01,
           8.7057e-01, 2.1637e-01]],

         [[2.2408e-01, 6.2077e-01, 6.3518e-01,  ..., 2.8531e-01,
           2.3423e-01, 7.1089e-01],
          [2.9812e-01, 5.6331e-01, 8.3854e-01,  ..., 1.9944e-01,
           1.0058e-01, 8.1603e-01],
          [1.7987e-01, 2.1753e-01, 7.2854e-01,  ..., 7.6824e-01,
           9.7369e-02, 9.2116e-01],
          ...,
          [8.7504e-01, 4.3756e-01, 2.8425e-01,  ..., 1.8152e-01,
           7.5176e-01, 5.8585e-01],
          [3.3176e-01, 1.6837e-01, 4.2143e-01,  ..., 9.0794e-01,
           2.2795e-01, 7.9094e-01],
          [6.6518e-01, 2.8890e-01, 2.3343e-01,  ..., 6.9654e-01,
           6.0415e-01, 8.2154e-01]],

         [[8.8210e-01, 4.9518e-01, 9.0866e-01,  ..., 1.7090e-01,
           6.5888e-01, 5.2842e-01],
          [3.7453e-02, 1.5476e-01, 9.0706e-01,  ..., 8.5684e-02,
           7.9948e-01, 2.3790e-01],
          [4.0824e-01, 9.0389e-01, 9.2183e-01,  ..., 4.0315e-01,
           5.0783e-01, 5.0677e-01],
          ...,
          [7.4904e-01, 6.9419e-01, 9.5344e-01,  ..., 7.9205e-01,
           8.5359e-02, 5.4370e-01],
          [2.1332e-01, 6.2160e-01, 3.6447e-01,  ..., 3.0935e-01,
           2.7501e-02, 9.5349e-01],
          [7.0578e-01, 2.5446e-01, 7.6595e-02,  ..., 6.7255e-01,
           7.5948e-01, 3.7893e-01]]],


        [[[9.5126e-02, 3.4369e-01, 8.0308e-01,  ..., 4.4753e-01,
           8.8396e-02, 7.3950e-01],
          [3.1217e-01, 1.3095e-01, 2.5494e-01,  ..., 9.1412e-01,
           7.3922e-01, 3.7281e-01],
          [9.2030e-01, 3.7326e-01, 3.2557e-01,  ..., 1.2458e-01,
           7.4602e-03, 9.0710e-01],
          ...,
          [2.4067e-01, 1.1191e-01, 9.6884e-01,  ..., 1.3749e-01,
           5.8342e-01, 7.2287e-01],
          [6.0084e-01, 2.1602e-01, 3.0594e-01,  ..., 3.9933e-01,
           5.6183e-01, 1.7538e-01],
          [8.6181e-01, 7.3860e-01, 3.7509e-01,  ..., 6.1679e-01,
           1.0356e-01, 3.9591e-01]],

         [[1.8945e-01, 9.2490e-01, 2.0614e-01,  ..., 7.3019e-01,
           6.2306e-01, 1.2697e-01],
          [3.6185e-01, 2.9845e-01, 1.3255e-01,  ..., 3.8159e-01,
           4.8836e-01, 5.8368e-01],
          [9.7811e-01, 7.2229e-01, 6.3905e-01,  ..., 3.4441e-01,
           1.7341e-01, 3.8302e-01],
          ...,
          [1.3732e-01, 2.3357e-03, 8.9264e-01,  ..., 7.4497e-01,
           6.6804e-02, 3.3679e-01],
          [7.2224e-01, 1.0098e-01, 2.3482e-01,  ..., 7.6821e-01,
           3.0404e-01, 4.2461e-02],
          [5.7879e-01, 9.1555e-01, 2.3722e-01,  ..., 7.0429e-01,
           2.4977e-01, 8.5099e-01]],

         [[1.1203e-01, 1.4970e-01, 5.4552e-02,  ..., 9.1453e-01,
           4.2683e-01, 2.3697e-01],
          [5.2292e-01, 8.8063e-01, 4.2921e-01,  ..., 6.5213e-01,
           7.0448e-01, 4.9500e-01],
          [9.3055e-01, 9.8142e-01, 4.0732e-01,  ..., 6.2481e-01,
           1.2360e-02, 9.9911e-01],
          ...,
          [6.2776e-01, 5.3152e-01, 2.9744e-01,  ..., 9.5134e-01,
           4.8620e-01, 8.0881e-01],
          [1.3817e-01, 9.3758e-01, 2.1452e-02,  ..., 8.3360e-01,
           1.0988e-02, 4.0585e-01],
          [9.5204e-02, 3.4105e-01, 1.2795e-01,  ..., 3.8208e-01,
           9.6392e-01, 4.5878e-01]],

         ...,

         [[3.8780e-01, 1.3240e-01, 8.8663e-01,  ..., 2.7287e-01,
           6.3746e-01, 7.4675e-01],
          [8.3984e-01, 5.6176e-01, 1.7297e-01,  ..., 1.7198e-01,
           6.1209e-01, 2.0903e-01],
          [3.2811e-01, 4.5541e-01, 9.4999e-01,  ..., 5.7758e-01,
           8.1189e-01, 1.4113e-01],
          ...,
          [8.1724e-01, 9.7694e-01, 4.8012e-01,  ..., 9.3510e-01,
           9.4862e-01, 8.0162e-02],
          [9.5956e-01, 8.0970e-01, 2.0998e-01,  ..., 1.3304e-01,
           5.1894e-01, 8.8742e-01],
          [1.2002e-01, 5.8879e-01, 6.1144e-01,  ..., 1.5949e-01,
           1.7075e-01, 6.6375e-01]],

         [[4.5145e-01, 7.0502e-01, 5.1484e-01,  ..., 5.9748e-01,
           6.1888e-01, 2.4897e-04],
          [9.1549e-01, 2.3758e-02, 6.3317e-01,  ..., 8.6460e-01,
           2.6655e-01, 7.4334e-01],
          [2.8111e-01, 2.5124e-01, 8.9641e-01,  ..., 8.8208e-02,
           4.5848e-01, 9.6700e-01],
          ...,
          [3.3314e-01, 1.2683e-01, 9.8964e-01,  ..., 5.0401e-02,
           7.5547e-01, 9.0074e-01],
          [9.6630e-01, 2.0375e-01, 6.3886e-01,  ..., 1.2441e-01,
           5.2774e-01, 1.4575e-01],
          [8.1174e-01, 6.7273e-01, 2.5434e-01,  ..., 1.3956e-01,
           3.4727e-01, 8.9339e-01]],

         [[8.9438e-01, 7.1249e-01, 2.0168e-01,  ..., 8.9177e-01,
           2.7948e-01, 4.3650e-01],
          [8.8391e-01, 5.2295e-01, 3.1033e-01,  ..., 8.4671e-01,
           7.7062e-01, 3.3356e-01],
          [1.9492e-02, 7.4845e-01, 2.4071e-01,  ..., 8.9374e-01,
           4.1212e-01, 5.0299e-01],
          ...,
          [1.7831e-01, 1.6032e-01, 4.4300e-01,  ..., 2.7973e-01,
           5.6933e-01, 6.7467e-01],
          [8.2407e-01, 2.1243e-01, 7.1462e-01,  ..., 1.0201e-01,
           5.1614e-01, 7.3720e-01],
          [8.2835e-02, 4.2542e-01, 2.5948e-01,  ..., 8.9706e-01,
           6.6252e-01, 9.7366e-01]]],


        [[[7.9256e-01, 2.2449e-02, 4.8058e-03,  ..., 6.7107e-01,
           4.7746e-01, 3.1484e-01],
          [8.5537e-01, 9.0035e-01, 1.1732e-01,  ..., 6.0688e-01,
           7.6613e-01, 7.6695e-01],
          [6.3292e-01, 1.7145e-01, 5.6650e-02,  ..., 3.0970e-01,
           5.8723e-01, 9.5222e-01],
          ...,
          [5.4377e-01, 6.0792e-01, 3.3884e-01,  ..., 1.6311e-01,
           6.0260e-01, 1.4609e-01],
          [8.5332e-01, 7.0217e-01, 5.6811e-01,  ..., 8.6609e-01,
           9.2239e-01, 3.2787e-01],
          [5.7313e-01, 6.3495e-01, 7.8827e-01,  ..., 8.9982e-01,
           4.5920e-01, 9.8640e-01]],

         [[1.4705e-01, 4.5951e-01, 3.8856e-01,  ..., 5.5545e-01,
           3.8096e-01, 7.1927e-01],
          [3.5762e-01, 1.7007e-01, 5.6577e-01,  ..., 6.1566e-04,
           2.6117e-01, 2.6852e-01],
          [9.5525e-02, 2.2713e-01, 5.8473e-01,  ..., 8.0921e-01,
           7.3265e-01, 2.3981e-01],
          ...,
          [4.6502e-01, 3.8320e-01, 6.5917e-01,  ..., 3.7655e-01,
           9.9163e-01, 3.7414e-02],
          [1.5075e-01, 9.1158e-01, 5.5491e-01,  ..., 5.3876e-01,
           2.2790e-01, 1.1782e-01],
          [8.0084e-01, 3.4529e-01, 2.2746e-02,  ..., 1.6577e-01,
           3.6307e-01, 4.3365e-01]],

         [[8.9731e-01, 7.5704e-01, 5.3544e-01,  ..., 9.5016e-01,
           4.4397e-01, 6.2086e-01],
          [3.3506e-01, 6.1957e-01, 1.9357e-01,  ..., 8.8572e-01,
           7.3498e-01, 5.6057e-01],
          [3.2472e-01, 3.5245e-01, 7.2915e-01,  ..., 8.0643e-01,
           6.0963e-01, 1.8189e-02],
          ...,
          [1.2828e-01, 1.6615e-02, 8.9549e-01,  ..., 5.1923e-01,
           5.0826e-01, 2.9016e-01],
          [4.9590e-01, 3.7877e-01, 1.5076e-02,  ..., 1.1285e-01,
           8.3753e-01, 3.8557e-01],
          [5.4425e-01, 8.8018e-01, 2.8707e-01,  ..., 7.4824e-01,
           1.2886e-01, 1.0233e-01]],

         ...,

         [[2.4024e-01, 4.6024e-01, 9.1245e-01,  ..., 4.6747e-01,
           6.7615e-01, 8.5987e-01],
          [7.8694e-02, 9.0819e-01, 3.0169e-02,  ..., 4.6747e-01,
           3.0099e-02, 6.7498e-01],
          [1.0070e-01, 1.0841e-01, 1.6364e-01,  ..., 5.8118e-01,
           7.2200e-01, 3.8385e-01],
          ...,
          [6.0567e-02, 8.6428e-01, 5.2369e-01,  ..., 7.5665e-01,
           4.9440e-01, 4.7182e-01],
          [5.0497e-02, 3.5418e-01, 7.7305e-02,  ..., 6.7156e-01,
           2.8183e-01, 9.7621e-01],
          [3.7847e-01, 3.2798e-01, 5.6467e-01,  ..., 3.4710e-01,
           2.2014e-01, 3.9810e-01]],

         [[9.8307e-01, 3.1131e-01, 2.0445e-01,  ..., 2.9875e-01,
           7.3802e-01, 5.8151e-01],
          [3.7742e-01, 9.4918e-01, 4.1819e-01,  ..., 4.0457e-01,
           7.0239e-01, 5.1620e-01],
          [7.4084e-01, 1.7604e-02, 7.8193e-01,  ..., 3.6191e-01,
           8.8299e-01, 4.1403e-02],
          ...,
          [6.6688e-01, 1.0306e-01, 6.1762e-01,  ..., 4.1079e-01,
           3.5736e-01, 5.7284e-01],
          [2.5935e-01, 2.0380e-01, 3.3413e-01,  ..., 1.2597e-01,
           3.3353e-01, 7.8067e-01],
          [7.1295e-01, 5.0222e-01, 5.2651e-01,  ..., 8.9877e-01,
           1.3070e-01, 9.7805e-01]],

         [[4.7705e-01, 7.0319e-01, 7.1406e-01,  ..., 2.2844e-01,
           9.9140e-01, 8.8933e-01],
          [5.3952e-01, 9.0050e-01, 9.9123e-01,  ..., 9.8563e-01,
           9.9513e-01, 5.8892e-01],
          [6.2062e-01, 9.8848e-01, 5.3632e-01,  ..., 8.0040e-01,
           9.4888e-01, 1.8159e-01],
          ...,
          [2.8032e-01, 9.9715e-01, 2.9911e-01,  ..., 3.8002e-01,
           3.3815e-02, 5.0135e-01],
          [8.9635e-01, 7.4604e-01, 4.3492e-01,  ..., 4.3854e-02,
           6.4677e-01, 1.7181e-01],
          [5.8531e-02, 6.6049e-01, 2.4410e-01,  ..., 4.2152e-02,
           3.8602e-03, 3.0848e-01]]]])
