tensor([[[[5.5133e-02, 2.6697e-01, 4.8291e-01,  ..., 4.0324e-01,
           7.3874e-02, 8.6796e-01],
          [1.4187e-02, 8.0806e-01, 4.9331e-01,  ..., 6.8918e-01,
           3.8735e-01, 3.2683e-01],
          [8.8181e-01, 6.1834e-01, 7.0495e-01,  ..., 8.8252e-02,
           7.3415e-01, 7.8428e-02],
          ...,
          [6.5487e-01, 7.2083e-01, 3.5682e-01,  ..., 2.1731e-01,
           1.5849e-01, 9.1367e-01],
          [4.7710e-01, 6.7532e-02, 6.5518e-01,  ..., 4.8806e-01,
           1.3583e-01, 4.8959e-01],
          [7.1262e-01, 4.0513e-01, 6.1753e-01,  ..., 1.3945e-01,
           7.7849e-01, 9.5791e-01]],

         [[1.0774e-01, 1.7009e-01, 4.3139e-01,  ..., 2.5041e-01,
           4.9949e-01, 6.3130e-01],
          [4.3215e-01, 1.7665e-01, 2.8737e-01,  ..., 5.7531e-01,
           6.7976e-01, 3.0666e-01],
          [6.8577e-01, 9.4094e-01, 7.0676e-01,  ..., 9.0605e-01,
           8.5736e-01, 3.0182e-01],
          ...,
          [4.9012e-01, 3.5955e-01, 7.6895e-01,  ..., 2.1551e-01,
           1.2905e-01, 7.2584e-01],
          [5.3133e-02, 3.8821e-01, 7.0385e-02,  ..., 7.2508e-01,
           4.7583e-01, 3.9993e-01],
          [8.2151e-01, 2.2078e-01, 4.5762e-01,  ..., 2.0716e-01,
           3.4683e-01, 7.0348e-01]],

         [[7.1148e-01, 4.7550e-03, 5.4888e-01,  ..., 5.5368e-01,
           1.8918e-01, 6.7049e-01],
          [6.2364e-01, 9.9826e-01, 4.4333e-02,  ..., 6.4973e-01,
           9.0966e-01, 4.3515e-01],
          [8.9671e-02, 3.6488e-01, 5.7981e-01,  ..., 8.1481e-01,
           2.1694e-01, 6.8860e-01],
          ...,
          [6.9921e-01, 3.9501e-01, 7.7421e-01,  ..., 4.7278e-01,
           3.1253e-01, 2.0916e-01],
          [7.5864e-01, 3.7145e-01, 5.2137e-01,  ..., 5.0850e-01,
           1.0722e-01, 6.4879e-01],
          [3.3356e-01, 7.0397e-03, 5.0215e-01,  ..., 3.7603e-01,
           2.1778e-01, 3.2155e-01]],

         ...,

         [[9.0490e-01, 6.3265e-01, 6.4632e-01,  ..., 1.6059e-02,
           6.5241e-01, 8.8432e-01],
          [1.6387e-01, 1.3668e-01, 4.1879e-01,  ..., 7.4293e-01,
           9.5839e-01, 7.1385e-01],
          [9.0116e-01, 7.2573e-01, 5.3119e-01,  ..., 8.7123e-01,
           7.9830e-02, 8.2615e-01],
          ...,
          [7.6773e-01, 7.3899e-01, 7.0694e-01,  ..., 6.3823e-01,
           1.1096e-01, 2.5881e-01],
          [1.0199e-01, 2.1851e-01, 7.0074e-01,  ..., 3.9067e-01,
           4.4569e-01, 7.0642e-01],
          [9.7910e-01, 9.1078e-01, 6.4606e-01,  ..., 5.2602e-01,
           1.6746e-01, 9.3014e-01]],

         [[2.1904e-01, 5.7474e-01, 9.9621e-01,  ..., 5.9745e-01,
           3.5538e-01, 5.0992e-03],
          [9.9054e-01, 3.2848e-01, 9.2807e-01,  ..., 1.6348e-02,
           5.8495e-01, 4.4176e-01],
          [9.5469e-01, 2.0611e-01, 8.3339e-01,  ..., 4.4450e-01,
           2.3215e-02, 3.9576e-01],
          ...,
          [7.4653e-01, 2.1362e-01, 6.7014e-01,  ..., 9.1742e-01,
           4.2574e-01, 9.6730e-01],
          [5.4457e-01, 8.7849e-03, 3.8631e-01,  ..., 2.7562e-01,
           1.0176e-01, 7.4747e-01],
          [1.8508e-01, 9.7529e-01, 6.6035e-01,  ..., 6.0752e-01,
           3.1046e-01, 6.3637e-01]],

         [[1.8607e-02, 4.3422e-01, 8.3467e-01,  ..., 8.5629e-01,
           7.4689e-01, 8.8896e-01],
          [5.0049e-01, 4.6021e-01, 4.9450e-01,  ..., 2.5482e-01,
           6.7224e-01, 6.7277e-01],
          [3.8406e-02, 5.9746e-02, 6.5343e-01,  ..., 9.7750e-01,
           6.4252e-02, 1.3577e-01],
          ...,
          [9.0783e-01, 6.8983e-01, 8.2069e-01,  ..., 2.8277e-01,
           2.3606e-01, 4.0076e-01],
          [3.1905e-01, 3.2862e-01, 4.7411e-01,  ..., 5.4057e-02,
           9.8678e-01, 4.0543e-01],
          [7.9308e-01, 7.3026e-01, 5.1171e-01,  ..., 3.5483e-01,
           5.3860e-02, 1.8306e-01]]],


        [[[3.3495e-01, 5.0955e-01, 8.7199e-01,  ..., 4.1922e-02,
           4.9171e-01, 4.9133e-02],
          [5.0032e-01, 3.3968e-01, 6.6893e-01,  ..., 3.5651e-01,
           1.4413e-01, 6.6747e-01],
          [9.7608e-01, 5.2653e-01, 6.2191e-01,  ..., 4.3127e-01,
           2.1773e-01, 1.8735e-01],
          ...,
          [2.6807e-01, 2.7171e-01, 5.9019e-02,  ..., 8.7856e-01,
           6.3215e-01, 2.0807e-01],
          [6.1361e-01, 9.2200e-01, 5.2285e-01,  ..., 3.6578e-01,
           6.1041e-01, 1.0172e-02],
          [7.1561e-01, 7.4825e-01, 1.7260e-01,  ..., 9.9518e-01,
           5.8478e-01, 9.8011e-01]],

         [[5.2412e-01, 7.7710e-01, 9.3329e-02,  ..., 6.6993e-01,
           7.0200e-01, 2.5129e-01],
          [6.6625e-01, 8.1268e-01, 9.5715e-01,  ..., 3.2296e-01,
           7.4115e-01, 7.9892e-01],
          [4.7372e-01, 1.3586e-01, 7.3107e-01,  ..., 2.9879e-01,
           1.2713e-01, 2.1729e-01],
          ...,
          [2.2767e-01, 7.2074e-01, 7.4642e-01,  ..., 4.4965e-01,
           8.4119e-01, 4.8319e-01],
          [4.5136e-02, 4.1794e-01, 3.0206e-01,  ..., 5.4181e-01,
           5.0924e-01, 4.6584e-01],
          [5.1099e-01, 1.3106e-01, 8.8729e-01,  ..., 5.9819e-01,
           2.6627e-01, 4.7198e-01]],

         [[1.1164e-01, 7.8709e-01, 4.3895e-01,  ..., 3.0717e-01,
           7.6481e-01, 9.4360e-01],
          [5.0978e-02, 8.6618e-02, 7.4461e-01,  ..., 6.8564e-01,
           5.6725e-01, 5.3016e-01],
          [8.4805e-01, 6.1966e-01, 7.5944e-01,  ..., 4.7647e-01,
           6.6522e-01, 9.1568e-01],
          ...,
          [9.8866e-01, 5.7915e-01, 9.6078e-02,  ..., 5.4648e-02,
           8.7317e-01, 3.6870e-01],
          [5.8596e-01, 3.0322e-01, 6.7302e-01,  ..., 3.4478e-01,
           6.8789e-01, 8.3464e-01],
          [3.7010e-01, 7.7918e-01, 9.7200e-01,  ..., 8.8350e-01,
           6.3647e-01, 7.0556e-01]],

         ...,

         [[6.5702e-01, 7.2687e-01, 1.6910e-01,  ..., 7.0714e-01,
           4.8256e-01, 4.4788e-01],
          [3.2978e-01, 5.0475e-01, 6.9844e-01,  ..., 8.9973e-01,
           5.3933e-01, 9.4366e-01],
          [1.1962e-02, 2.8042e-01, 7.7957e-01,  ..., 8.2651e-01,
           1.7728e-01, 2.8735e-01],
          ...,
          [2.6449e-01, 8.2075e-01, 1.0709e-01,  ..., 3.3590e-01,
           3.2312e-01, 6.4321e-01],
          [5.9905e-01, 1.9481e-02, 1.7521e-02,  ..., 5.1779e-03,
           7.8169e-01, 7.2859e-01],
          [9.2550e-01, 3.5899e-01, 5.6185e-01,  ..., 1.3096e-01,
           8.0642e-01, 2.1760e-01]],

         [[3.9682e-02, 3.1896e-01, 1.7765e-01,  ..., 8.4638e-01,
           5.9279e-02, 3.3622e-01],
          [5.3949e-01, 2.3453e-01, 8.6349e-01,  ..., 7.1594e-01,
           2.3665e-01, 5.0831e-01],
          [7.6794e-01, 7.2269e-01, 1.8963e-01,  ..., 8.4329e-01,
           7.1011e-01, 9.7453e-01],
          ...,
          [5.9785e-01, 7.5117e-02, 4.4464e-01,  ..., 2.3026e-01,
           2.3531e-01, 9.7501e-01],
          [8.7258e-01, 8.6705e-02, 1.4664e-01,  ..., 6.5979e-01,
           9.8521e-01, 1.2215e-02],
          [2.9136e-02, 1.2439e-02, 2.2348e-01,  ..., 3.0675e-01,
           7.7443e-01, 9.9193e-01]],

         [[4.6959e-01, 8.6842e-01, 1.9885e-01,  ..., 8.2639e-01,
           1.7332e-01, 9.0454e-01],
          [8.7879e-01, 3.2028e-01, 6.7610e-01,  ..., 6.7026e-01,
           3.9638e-01, 3.1118e-01],
          [3.8336e-01, 1.4598e-01, 2.5512e-01,  ..., 7.0841e-01,
           1.1558e-01, 8.5321e-01],
          ...,
          [2.4431e-01, 3.9232e-01, 2.4691e-01,  ..., 9.7399e-01,
           1.8768e-01, 8.3527e-01],
          [4.7230e-03, 6.0907e-01, 4.5192e-01,  ..., 6.1305e-02,
           6.8683e-01, 8.8227e-03],
          [8.1572e-01, 5.1514e-01, 3.4651e-01,  ..., 1.9269e-01,
           2.4689e-01, 8.1358e-01]]],


        [[[3.2312e-01, 8.9514e-01, 4.9902e-01,  ..., 3.9348e-01,
           4.2093e-02, 8.5609e-02],
          [7.6547e-01, 6.3793e-01, 3.8657e-02,  ..., 4.6889e-01,
           7.6195e-01, 8.3317e-01],
          [5.8468e-01, 9.3543e-01, 4.8332e-01,  ..., 5.0708e-01,
           7.5727e-01, 5.8209e-02],
          ...,
          [1.0631e-01, 1.7497e-01, 1.7486e-01,  ..., 8.3749e-02,
           6.4842e-01, 3.3021e-01],
          [9.4071e-01, 1.3493e-01, 2.3202e-01,  ..., 9.0098e-01,
           1.3311e-01, 5.5769e-01],
          [6.8375e-01, 8.5265e-01, 6.8224e-01,  ..., 2.9385e-01,
           8.0311e-01, 8.4993e-01]],

         [[1.8924e-01, 2.6796e-01, 2.5136e-01,  ..., 4.2545e-01,
           9.0390e-01, 7.3017e-01],
          [8.5672e-01, 2.8742e-01, 1.3197e-01,  ..., 2.5370e-01,
           4.2078e-02, 5.1841e-01],
          [7.2991e-01, 9.0377e-01, 2.8002e-01,  ..., 1.1406e-01,
           2.0747e-01, 7.8165e-01],
          ...,
          [6.7689e-01, 1.0792e-01, 5.0917e-01,  ..., 7.6673e-01,
           1.8263e-01, 8.8459e-03],
          [4.4181e-01, 2.0089e-01, 3.6213e-01,  ..., 1.2622e-01,
           7.0275e-01, 1.7691e-03],
          [6.6973e-02, 7.1542e-01, 7.4423e-01,  ..., 7.5525e-01,
           9.6372e-01, 6.3446e-02]],

         [[9.8213e-01, 9.2333e-01, 5.9190e-01,  ..., 5.5372e-01,
           1.9991e-02, 9.9005e-01],
          [3.5594e-01, 7.8361e-01, 9.4151e-01,  ..., 6.0567e-01,
           9.5433e-01, 1.9506e-01],
          [5.5060e-01, 7.6586e-01, 3.7401e-01,  ..., 1.3294e-01,
           5.8457e-01, 5.0957e-02],
          ...,
          [4.6424e-01, 8.2437e-01, 3.7905e-01,  ..., 9.4445e-01,
           2.7227e-01, 6.3780e-01],
          [9.5897e-01, 6.1369e-01, 3.8345e-01,  ..., 4.3113e-01,
           7.9653e-01, 7.6558e-01],
          [2.7073e-01, 7.0106e-01, 4.2687e-01,  ..., 7.7106e-01,
           9.2776e-01, 3.2474e-01]],

         ...,

         [[9.8597e-01, 6.2230e-01, 7.3529e-01,  ..., 3.6175e-01,
           7.7072e-01, 9.6023e-01],
          [3.3112e-01, 5.6334e-01, 5.2852e-01,  ..., 5.8637e-01,
           8.4045e-01, 6.8496e-01],
          [2.5625e-01, 1.8779e-02, 1.1383e-01,  ..., 4.8836e-01,
           2.9559e-01, 7.0846e-01],
          ...,
          [7.2272e-01, 9.9247e-01, 9.2365e-01,  ..., 2.7150e-01,
           3.8704e-01, 2.0061e-01],
          [4.7804e-01, 9.8781e-01, 9.3584e-01,  ..., 7.1917e-01,
           1.7522e-01, 1.1005e-01],
          [5.4121e-01, 3.6373e-01, 3.5384e-02,  ..., 4.8874e-01,
           9.2009e-01, 4.7719e-01]],

         [[7.8926e-01, 1.3495e-01, 1.0716e-02,  ..., 2.6392e-01,
           2.1905e-01, 9.5135e-01],
          [2.9684e-01, 7.9506e-01, 1.0529e-01,  ..., 3.2522e-02,
           7.0213e-01, 8.8386e-01],
          [3.6872e-01, 4.7626e-02, 4.8688e-01,  ..., 3.9756e-01,
           7.1934e-01, 2.7696e-01],
          ...,
          [9.0086e-01, 9.6624e-01, 9.7898e-01,  ..., 5.2701e-01,
           6.4013e-01, 7.8612e-01],
          [6.8023e-01, 4.1917e-01, 8.3673e-01,  ..., 9.9150e-01,
           6.6693e-02, 8.7534e-01],
          [9.1380e-01, 5.6340e-01, 2.3997e-01,  ..., 1.3391e-01,
           6.3989e-01, 9.3861e-01]],

         [[1.8964e-01, 9.0319e-01, 4.4055e-01,  ..., 1.8380e-01,
           8.1205e-01, 3.1830e-01],
          [4.8260e-01, 6.5055e-01, 5.4572e-02,  ..., 8.0559e-01,
           2.5209e-01, 2.9112e-01],
          [2.7718e-01, 3.1197e-01, 4.5742e-01,  ..., 3.2364e-01,
           7.0175e-01, 6.2116e-01],
          ...,
          [1.1850e-01, 7.9561e-01, 8.2491e-01,  ..., 2.1174e-02,
           6.5773e-01, 9.5280e-01],
          [7.3723e-03, 4.9997e-01, 4.4202e-01,  ..., 1.0093e-01,
           1.8908e-01, 3.2681e-01],
          [5.5937e-01, 2.3377e-01, 4.6052e-01,  ..., 1.9204e-01,
           5.5116e-02, 6.6875e-01]]],


        ...,


        [[[4.3527e-01, 7.4360e-01, 2.1346e-02,  ..., 6.7930e-01,
           7.6244e-01, 3.7469e-01],
          [4.6570e-01, 4.3045e-01, 8.5235e-02,  ..., 8.5957e-01,
           4.1501e-01, 2.1824e-01],
          [1.1707e-02, 2.0625e-01, 3.3071e-02,  ..., 1.3195e-01,
           5.3222e-01, 7.6440e-01],
          ...,
          [1.2001e-01, 8.4782e-01, 4.6206e-01,  ..., 5.7837e-01,
           4.3620e-01, 5.2548e-01],
          [1.2021e-01, 8.7045e-01, 9.2405e-01,  ..., 9.0988e-01,
           7.5092e-01, 3.2397e-02],
          [3.0110e-01, 3.1418e-01, 4.1914e-01,  ..., 6.4146e-01,
           1.3042e-01, 5.2482e-01]],

         [[1.7497e-01, 4.9924e-01, 8.5568e-01,  ..., 8.2465e-01,
           8.4077e-01, 5.8914e-01],
          [1.7279e-01, 4.8502e-01, 9.0159e-01,  ..., 2.2139e-01,
           9.1665e-01, 6.5448e-01],
          [7.2088e-01, 6.0540e-02, 5.9401e-01,  ..., 3.2986e-01,
           6.2328e-01, 2.6253e-01],
          ...,
          [2.8142e-01, 4.4816e-01, 5.2422e-02,  ..., 5.7864e-01,
           8.6610e-01, 8.7318e-01],
          [8.8251e-01, 4.7020e-01, 5.8606e-01,  ..., 2.4468e-01,
           5.4650e-01, 4.7206e-01],
          [1.8396e-02, 7.7054e-01, 3.6258e-01,  ..., 9.9914e-01,
           7.6285e-01, 7.1874e-03]],

         [[1.8577e-01, 1.6470e-01, 8.5328e-01,  ..., 3.9928e-01,
           3.0021e-01, 8.4824e-01],
          [7.9075e-01, 7.4115e-01, 7.9995e-01,  ..., 9.2953e-01,
           7.0586e-01, 2.4090e-01],
          [4.8671e-01, 9.5213e-01, 8.4925e-01,  ..., 9.6073e-01,
           3.0061e-01, 6.8125e-01],
          ...,
          [9.6652e-01, 9.0122e-01, 4.5865e-01,  ..., 1.9735e-01,
           7.9102e-01, 8.3295e-01],
          [5.6139e-01, 3.7359e-01, 2.0779e-01,  ..., 8.1477e-01,
           7.2404e-01, 3.9630e-02],
          [4.3919e-01, 8.2480e-01, 7.7050e-01,  ..., 3.3636e-01,
           1.9701e-01, 7.4113e-02]],

         ...,

         [[6.7115e-02, 6.0901e-01, 6.2257e-01,  ..., 7.7165e-01,
           5.5559e-01, 1.7139e-01],
          [6.9876e-01, 2.0696e-02, 1.4237e-01,  ..., 6.9136e-01,
           7.5022e-01, 5.6078e-01],
          [6.7453e-01, 8.0727e-01, 8.9289e-01,  ..., 2.0436e-01,
           7.3021e-01, 6.3671e-01],
          ...,
          [4.7556e-01, 4.6101e-01, 8.6243e-01,  ..., 6.1246e-01,
           4.9227e-01, 9.3593e-01],
          [9.8099e-01, 2.1054e-01, 5.9145e-01,  ..., 8.5593e-01,
           6.4890e-01, 4.7790e-01],
          [2.2739e-01, 3.3285e-01, 9.2510e-02,  ..., 8.7988e-01,
           5.4395e-01, 3.8503e-01]],

         [[3.5685e-01, 8.6551e-01, 7.4202e-01,  ..., 6.1572e-01,
           1.6021e-01, 1.7140e-01],
          [8.9789e-01, 3.6651e-01, 5.9659e-01,  ..., 3.3013e-01,
           3.3228e-01, 8.3553e-01],
          [4.8293e-01, 3.1298e-01, 4.7991e-01,  ..., 5.5720e-01,
           3.4107e-01, 6.1402e-01],
          ...,
          [8.0671e-01, 7.9733e-02, 7.3566e-01,  ..., 5.2707e-02,
           2.0446e-01, 5.0850e-02],
          [4.0698e-01, 4.2387e-01, 1.9284e-01,  ..., 1.4162e-01,
           1.9201e-01, 6.8681e-01],
          [4.9195e-01, 3.3161e-01, 3.4287e-01,  ..., 9.3638e-01,
           3.8504e-01, 5.8019e-01]],

         [[6.8718e-01, 3.5125e-02, 9.4051e-01,  ..., 9.4738e-01,
           7.1249e-01, 6.7236e-01],
          [8.7413e-01, 1.0852e-01, 7.9779e-01,  ..., 6.4515e-01,
           8.2008e-01, 4.2140e-01],
          [4.3073e-01, 9.8708e-01, 3.2120e-01,  ..., 1.7201e-01,
           5.7446e-01, 8.3002e-01],
          ...,
          [5.8526e-01, 8.3869e-01, 4.3171e-01,  ..., 1.6709e-01,
           5.0839e-01, 4.6369e-01],
          [8.8971e-01, 9.8702e-02, 9.1492e-01,  ..., 8.1568e-01,
           7.5438e-01, 8.4173e-01],
          [2.9734e-01, 7.9745e-01, 1.3794e-02,  ..., 3.3900e-01,
           3.0252e-02, 3.7635e-02]]],


        [[[8.7371e-01, 7.2487e-01, 7.1622e-01,  ..., 7.0623e-01,
           4.5767e-01, 7.6135e-01],
          [8.7808e-01, 2.3581e-02, 1.1725e-01,  ..., 1.2172e-01,
           7.1479e-01, 7.0769e-01],
          [1.0479e-01, 7.3958e-01, 8.7061e-01,  ..., 7.0919e-01,
           3.9294e-01, 3.7393e-01],
          ...,
          [9.1618e-01, 8.0235e-01, 4.9789e-01,  ..., 6.4034e-01,
           8.6360e-01, 4.2255e-01],
          [8.4875e-01, 7.6355e-01, 4.8296e-01,  ..., 2.8845e-01,
           6.0187e-01, 1.0009e-01],
          [5.8746e-01, 3.6004e-01, 6.5373e-01,  ..., 7.0281e-01,
           1.3819e-01, 9.6253e-01]],

         [[4.7868e-01, 4.6690e-01, 3.4664e-01,  ..., 2.7922e-02,
           8.1339e-01, 3.5045e-01],
          [4.1446e-01, 7.5109e-01, 9.8193e-01,  ..., 9.4169e-02,
           3.3692e-01, 3.8599e-01],
          [6.5890e-01, 1.3478e-01, 7.7499e-01,  ..., 4.1197e-01,
           4.2711e-01, 1.4815e-01],
          ...,
          [1.4527e-01, 1.2109e-01, 4.5521e-01,  ..., 8.2024e-02,
           8.1701e-02, 2.6270e-02],
          [8.0204e-02, 3.2405e-01, 6.9301e-01,  ..., 4.0947e-02,
           8.9058e-01, 2.7769e-01],
          [9.0503e-01, 9.3426e-02, 5.9434e-01,  ..., 6.1104e-01,
           5.9380e-01, 1.5155e-01]],

         [[3.2602e-01, 3.7002e-01, 3.8070e-01,  ..., 8.8762e-01,
           2.6622e-01, 7.1118e-01],
          [5.0252e-01, 5.4613e-01, 1.8940e-01,  ..., 1.1786e-02,
           1.2832e-01, 8.6976e-01],
          [8.2574e-01, 8.6210e-01, 9.6119e-01,  ..., 4.7754e-02,
           7.6042e-01, 6.6862e-01],
          ...,
          [4.9368e-01, 1.0595e-01, 7.4377e-01,  ..., 5.7636e-01,
           3.8463e-01, 4.8807e-01],
          [9.6342e-01, 2.5809e-01, 5.7127e-01,  ..., 7.5590e-01,
           7.2224e-01, 5.3606e-01],
          [6.8370e-01, 4.5620e-01, 6.3102e-01,  ..., 1.4889e-01,
           8.3787e-01, 7.0274e-01]],

         ...,

         [[6.1439e-01, 8.4554e-01, 6.0827e-01,  ..., 3.1703e-03,
           1.7449e-01, 5.2463e-01],
          [5.9350e-01, 1.8176e-01, 1.0183e-01,  ..., 1.9616e-01,
           9.4730e-01, 7.8868e-01],
          [6.5017e-02, 3.3730e-01, 1.0300e-01,  ..., 5.8922e-01,
           8.6514e-01, 8.0630e-01],
          ...,
          [8.2601e-01, 9.7076e-02, 8.6102e-01,  ..., 1.4391e-01,
           2.5387e-02, 1.5660e-01],
          [5.0147e-01, 6.3543e-01, 6.1503e-01,  ..., 4.6272e-01,
           9.0444e-01, 8.5741e-01],
          [5.2139e-01, 7.5608e-01, 3.2225e-02,  ..., 5.1545e-01,
           8.1481e-01, 9.1523e-01]],

         [[6.2730e-01, 3.7725e-01, 5.4734e-01,  ..., 7.3782e-01,
           3.7337e-01, 1.9894e-01],
          [7.0225e-01, 2.4664e-01, 1.2380e-01,  ..., 1.0490e-01,
           5.7834e-01, 2.9215e-01],
          [7.6204e-01, 8.5066e-01, 9.6449e-01,  ..., 9.0498e-01,
           4.5058e-01, 9.5389e-01],
          ...,
          [3.4970e-01, 3.0554e-01, 7.9898e-01,  ..., 9.9439e-01,
           9.0491e-01, 3.0353e-01],
          [8.0581e-02, 8.2817e-01, 9.1049e-01,  ..., 3.3059e-01,
           5.2953e-01, 6.1119e-01],
          [2.7442e-01, 7.9292e-01, 6.9082e-01,  ..., 4.3495e-01,
           3.9295e-01, 9.7637e-01]],

         [[7.8144e-01, 4.2951e-01, 2.5400e-01,  ..., 1.2953e-01,
           3.3814e-01, 5.3517e-01],
          [6.8178e-01, 2.5772e-01, 6.9022e-01,  ..., 8.7455e-02,
           8.2292e-01, 2.3611e-01],
          [5.1020e-01, 3.0107e-01, 8.4651e-01,  ..., 3.0202e-01,
           8.9552e-01, 3.8885e-01],
          ...,
          [7.7213e-01, 1.6653e-01, 3.2739e-01,  ..., 1.4125e-01,
           8.3640e-01, 9.3379e-01],
          [1.5862e-01, 3.7015e-01, 6.4953e-01,  ..., 8.0960e-01,
           5.5584e-01, 6.3128e-01],
          [5.9397e-01, 9.6174e-01, 5.1927e-01,  ..., 2.6252e-02,
           2.4689e-01, 6.5775e-02]]],


        [[[2.2150e-01, 7.1368e-01, 7.8353e-03,  ..., 2.1568e-01,
           2.9652e-01, 7.2428e-01],
          [6.1500e-01, 8.5131e-01, 8.6388e-01,  ..., 5.9834e-01,
           7.6765e-01, 8.4297e-01],
          [9.0187e-01, 8.5829e-01, 7.9185e-01,  ..., 6.5656e-01,
           5.8672e-01, 7.1382e-01],
          ...,
          [6.0767e-01, 9.4579e-01, 7.3734e-01,  ..., 9.8149e-01,
           3.9096e-01, 4.6123e-01],
          [9.8064e-01, 2.8135e-02, 3.1502e-01,  ..., 5.8381e-01,
           9.7626e-01, 7.7678e-01],
          [5.9045e-01, 8.6751e-01, 9.1826e-01,  ..., 6.9867e-01,
           8.2635e-01, 8.5694e-01]],

         [[2.5871e-01, 3.8653e-01, 4.1021e-02,  ..., 6.6308e-01,
           5.2868e-01, 2.4404e-01],
          [2.6366e-01, 2.2933e-01, 5.5440e-01,  ..., 7.9833e-01,
           6.0388e-01, 6.7108e-01],
          [9.5680e-01, 3.4047e-01, 7.7829e-01,  ..., 1.1845e-01,
           5.8739e-02, 4.5569e-01],
          ...,
          [4.3397e-01, 6.3302e-01, 6.9948e-01,  ..., 1.2655e-01,
           6.3281e-01, 2.7391e-02],
          [3.2364e-01, 5.7797e-01, 4.9894e-01,  ..., 9.3248e-02,
           4.9696e-01, 5.3707e-01],
          [4.1223e-01, 2.6399e-01, 2.7880e-01,  ..., 6.4647e-01,
           2.7560e-01, 7.8283e-01]],

         [[8.6705e-01, 4.5227e-02, 1.4033e-02,  ..., 9.7416e-02,
           2.1885e-01, 7.6653e-01],
          [6.3611e-01, 4.0060e-01, 1.7551e-01,  ..., 5.1452e-01,
           9.3517e-01, 8.3305e-01],
          [4.8355e-01, 3.8172e-01, 7.0051e-01,  ..., 6.0118e-01,
           2.3195e-01, 9.8409e-01],
          ...,
          [2.7175e-01, 6.1706e-01, 7.5577e-01,  ..., 5.8405e-01,
           4.5813e-03, 4.5118e-01],
          [9.6196e-01, 6.3365e-01, 6.7023e-01,  ..., 7.1604e-01,
           2.0875e-01, 6.2229e-01],
          [7.0040e-01, 5.0724e-01, 4.4426e-01,  ..., 9.7258e-01,
           6.4398e-03, 3.1754e-03]],

         ...,

         [[1.2568e-01, 4.2944e-01, 7.4657e-01,  ..., 4.8015e-01,
           7.6622e-01, 1.7290e-01],
          [8.8874e-01, 7.2430e-01, 9.8864e-01,  ..., 3.1526e-01,
           3.3924e-01, 3.2359e-01],
          [7.9797e-01, 2.0839e-01, 9.3776e-02,  ..., 6.9513e-02,
           6.7526e-01, 1.6384e-02],
          ...,
          [2.6486e-01, 6.6090e-01, 3.8323e-01,  ..., 4.7139e-01,
           1.8266e-01, 4.8967e-01],
          [1.5670e-01, 6.4907e-01, 5.3930e-01,  ..., 8.7401e-01,
           3.8693e-01, 6.7789e-01],
          [8.3066e-02, 9.9807e-01, 9.9649e-01,  ..., 6.6041e-01,
           9.1833e-02, 1.8586e-01]],

         [[9.5698e-01, 7.7948e-01, 2.4397e-01,  ..., 4.9814e-01,
           2.5450e-01, 6.3423e-01],
          [1.8993e-01, 6.1381e-01, 2.5131e-01,  ..., 5.8018e-01,
           9.4532e-01, 9.9046e-01],
          [9.8403e-02, 4.8952e-01, 1.0405e-01,  ..., 2.0569e-01,
           6.5188e-01, 7.0839e-02],
          ...,
          [6.5531e-01, 4.0977e-01, 5.9112e-01,  ..., 6.3907e-01,
           1.9942e-01, 7.4433e-01],
          [9.5642e-01, 6.9773e-01, 4.2574e-01,  ..., 7.4045e-01,
           7.4050e-01, 6.5005e-04],
          [8.0539e-01, 8.6665e-01, 8.1737e-01,  ..., 7.6027e-01,
           1.4755e-01, 9.9107e-01]],

         [[5.6558e-02, 7.7525e-01, 5.4552e-01,  ..., 8.0884e-01,
           1.2786e-01, 2.7802e-01],
          [8.2643e-01, 9.2901e-01, 8.0482e-01,  ..., 9.1530e-01,
           8.4636e-01, 1.9058e-01],
          [5.1510e-01, 7.0374e-01, 4.2678e-01,  ..., 8.8755e-01,
           9.0614e-01, 4.8424e-01],
          ...,
          [5.0134e-01, 4.4313e-02, 7.9854e-01,  ..., 3.0522e-01,
           2.2359e-01, 6.9512e-01],
          [2.0402e-01, 9.3495e-01, 1.6807e-01,  ..., 2.2326e-01,
           3.3397e-01, 8.5686e-02],
          [8.7582e-01, 8.0527e-01, 8.8065e-01,  ..., 3.8691e-01,
           7.6252e-01, 3.6782e-01]]]])
