tensor([[[[0.1538, 0.9433, 0.4299,  ..., 0.5824, 0.3593, 0.8416],
          [0.2209, 0.8246, 0.3595,  ..., 0.9768, 0.0423, 0.8227],
          [0.8231, 0.6819, 0.4194,  ..., 0.8089, 0.3968, 0.0610],
          ...,
          [0.0575, 0.0461, 0.2963,  ..., 0.1220, 0.5306, 0.6478],
          [0.5594, 0.9397, 0.9792,  ..., 0.6595, 0.9534, 0.4779],
          [0.9595, 0.0093, 0.5019,  ..., 0.3129, 0.4161, 0.2013]],

         [[0.9958, 0.9556, 0.7576,  ..., 0.7701, 0.3558, 0.3737],
          [0.1867, 0.7937, 0.2859,  ..., 0.8848, 0.8877, 0.3085],
          [0.7017, 0.0751, 0.7826,  ..., 0.7141, 0.8091, 0.4293],
          ...,
          [0.3548, 0.5379, 0.7237,  ..., 0.5325, 0.8218, 0.9726],
          [0.6576, 0.5270, 0.8280,  ..., 0.5416, 0.6172, 0.2431],
          [0.5609, 0.6304, 0.0383,  ..., 0.1143, 0.1229, 0.2512]],

         [[0.5851, 0.1284, 0.7541,  ..., 0.2989, 0.1227, 0.9739],
          [0.9537, 0.1406, 0.5780,  ..., 0.1111, 0.2818, 0.2543],
          [0.0887, 0.0518, 0.6937,  ..., 0.6632, 0.7404, 0.4093],
          ...,
          [0.1037, 0.8758, 0.7512,  ..., 0.6227, 0.1112, 0.8470],
          [0.6707, 0.8337, 0.6936,  ..., 0.3141, 0.7239, 0.3060],
          [0.5261, 0.4899, 0.8982,  ..., 0.5939, 0.2665, 0.3493]],

         ...,

         [[0.5212, 0.0840, 0.9662,  ..., 0.8079, 0.6255, 0.8269],
          [0.8125, 0.9882, 0.4363,  ..., 0.9547, 0.2286, 0.2820],
          [0.8232, 0.0642, 0.6899,  ..., 0.1418, 0.2116, 0.0464],
          ...,
          [0.8248, 0.1272, 0.2473,  ..., 0.9485, 0.4159, 0.6842],
          [0.4049, 0.0758, 0.4725,  ..., 0.2499, 0.2323, 0.4286],
          [0.7268, 0.7241, 0.1658,  ..., 0.2563, 0.4657, 0.5333]],

         [[0.9244, 0.1774, 0.9854,  ..., 0.0199, 0.8921, 0.8125],
          [0.1940, 0.1183, 0.1620,  ..., 0.8374, 0.9514, 0.5731],
          [0.8730, 0.0895, 0.2023,  ..., 0.8674, 0.2289, 0.7454],
          ...,
          [0.1758, 0.6167, 0.5659,  ..., 0.3467, 0.2401, 0.1146],
          [0.3801, 0.9772, 0.7134,  ..., 0.7710, 0.3537, 0.1300],
          [0.9179, 0.7552, 0.5493,  ..., 0.6858, 0.9397, 0.8044]],

         [[0.5285, 0.8044, 0.2306,  ..., 0.8299, 0.5075, 0.3919],
          [0.0055, 0.0105, 0.5727,  ..., 0.0941, 0.4792, 0.9858],
          [0.3701, 0.0403, 0.8287,  ..., 0.3134, 0.8947, 0.9730],
          ...,
          [0.7913, 0.8611, 0.0155,  ..., 0.2568, 0.9526, 0.9523],
          [0.4475, 0.0165, 0.4527,  ..., 0.7911, 0.4431, 0.1025],
          [0.3531, 0.5657, 0.3961,  ..., 0.7328, 0.0158, 0.3474]]],


        [[[0.5526, 0.5657, 0.2307,  ..., 0.4881, 0.1936, 0.9369],
          [0.0690, 0.9063, 0.1984,  ..., 0.7504, 0.9208, 0.7685],
          [0.5025, 0.4168, 0.3314,  ..., 0.0741, 0.1860, 0.4038],
          ...,
          [0.2697, 0.3062, 0.8117,  ..., 0.0249, 0.4313, 0.8335],
          [0.6214, 0.0503, 0.1055,  ..., 0.2434, 0.6280, 0.9162],
          [0.2232, 0.7797, 0.2097,  ..., 0.2241, 0.7767, 0.8851]],

         [[0.7030, 0.2370, 0.1557,  ..., 0.2983, 0.4581, 0.6896],
          [0.7538, 0.2423, 0.3131,  ..., 0.9110, 0.1050, 0.1524],
          [0.5254, 0.8357, 0.5233,  ..., 0.9521, 0.4203, 0.6439],
          ...,
          [0.9036, 0.2722, 0.3314,  ..., 0.5949, 0.8404, 0.7282],
          [0.1227, 0.2232, 0.3064,  ..., 0.8450, 0.2603, 0.1827],
          [0.9106, 0.8338, 0.1318,  ..., 0.6947, 0.4335, 0.2017]],

         [[0.7217, 0.3249, 0.3327,  ..., 0.1573, 0.2585, 0.4383],
          [0.8032, 0.2099, 0.3639,  ..., 0.8327, 0.8389, 0.6521],
          [0.8079, 0.3390, 0.6920,  ..., 0.4093, 0.0177, 0.8106],
          ...,
          [0.0654, 0.0598, 0.4855,  ..., 0.7446, 0.2892, 0.8849],
          [0.5414, 0.0578, 0.5874,  ..., 0.6154, 0.0864, 0.4999],
          [0.8026, 0.3168, 0.2638,  ..., 0.7203, 0.0624, 0.2455]],

         ...,

         [[0.6128, 0.6829, 0.5725,  ..., 0.5703, 0.9231, 0.7776],
          [0.3785, 0.7607, 0.7102,  ..., 0.8241, 0.1153, 0.1665],
          [0.7733, 0.9719, 0.6871,  ..., 0.1868, 0.7358, 0.3383],
          ...,
          [0.8364, 0.2452, 0.0797,  ..., 0.0129, 0.6690, 0.6075],
          [0.8798, 0.2775, 0.3071,  ..., 0.0538, 0.0350, 0.7876],
          [0.4368, 0.7581, 0.9766,  ..., 0.5958, 0.0470, 0.5792]],

         [[0.5857, 0.2992, 0.7061,  ..., 0.4611, 0.7462, 0.1129],
          [0.8104, 0.2750, 0.4448,  ..., 0.1204, 0.5224, 0.2952],
          [0.6990, 0.6663, 0.7877,  ..., 0.4407, 0.8262, 0.9395],
          ...,
          [0.4374, 0.2254, 0.0514,  ..., 0.3287, 0.0612, 0.8412],
          [0.2720, 0.3317, 0.5244,  ..., 0.5928, 0.4528, 0.7221],
          [0.6250, 0.4908, 0.8008,  ..., 0.2819, 0.4247, 0.1334]],

         [[0.0785, 0.1399, 0.6996,  ..., 0.8721, 0.3958, 0.1710],
          [0.9891, 0.4253, 0.9685,  ..., 0.9718, 0.4571, 0.2402],
          [0.6584, 0.4618, 0.4908,  ..., 0.1102, 0.3765, 0.4645],
          ...,
          [0.9186, 0.3797, 0.9914,  ..., 0.7058, 0.5013, 0.6257],
          [0.2979, 0.8422, 0.3509,  ..., 0.3546, 0.2115, 0.0177],
          [0.1502, 0.2258, 0.6297,  ..., 0.1134, 0.4340, 0.8049]]],


        [[[0.0128, 0.9565, 0.7904,  ..., 0.2250, 0.0306, 0.8252],
          [0.8938, 0.7094, 0.3130,  ..., 0.9587, 0.8383, 0.7152],
          [0.2158, 0.2089, 0.2528,  ..., 0.0743, 0.2395, 0.7613],
          ...,
          [0.4873, 0.6666, 0.4585,  ..., 0.9598, 0.8253, 0.4919],
          [0.0607, 0.3321, 0.9964,  ..., 0.6917, 0.2691, 0.0021],
          [0.2855, 0.3945, 0.6329,  ..., 0.2196, 0.5333, 0.1070]],

         [[0.8947, 0.2403, 0.3455,  ..., 0.6560, 0.7404, 0.0365],
          [0.7273, 0.7493, 0.0732,  ..., 0.1575, 0.8716, 0.8097],
          [0.4167, 0.9165, 0.6210,  ..., 0.6699, 0.3194, 0.1135],
          ...,
          [0.9626, 0.1235, 0.4724,  ..., 0.9697, 0.0936, 0.8872],
          [0.0517, 0.6696, 0.5782,  ..., 0.6853, 0.7361, 0.8224],
          [0.2817, 0.5921, 0.1414,  ..., 0.9750, 0.4767, 0.1792]],

         [[0.3349, 0.0439, 0.6478,  ..., 0.4458, 0.3758, 0.9292],
          [0.9487, 0.6891, 0.4695,  ..., 0.5974, 0.6528, 0.2718],
          [0.8019, 0.3049, 0.3030,  ..., 0.1877, 0.2051, 0.3972],
          ...,
          [0.4270, 0.3577, 0.0806,  ..., 0.0474, 0.9027, 0.3873],
          [0.2866, 0.4591, 0.8874,  ..., 0.1158, 0.0977, 0.2551],
          [0.8322, 0.3944, 0.2373,  ..., 0.3169, 0.2763, 0.2948]],

         ...,

         [[0.3410, 0.6608, 0.6714,  ..., 0.1942, 0.4663, 0.4457],
          [0.5217, 0.0621, 0.4735,  ..., 0.5461, 0.2032, 0.9813],
          [0.9573, 0.8113, 0.7656,  ..., 0.1601, 0.6476, 0.7022],
          ...,
          [0.0407, 0.6743, 0.1429,  ..., 0.5569, 0.6190, 0.8711],
          [0.1914, 0.6543, 0.8088,  ..., 0.3512, 0.2364, 0.0159],
          [0.5392, 0.8518, 0.7162,  ..., 0.7775, 0.9541, 0.4188]],

         [[0.1080, 0.2198, 0.5167,  ..., 0.3177, 0.1719, 0.6139],
          [0.1304, 0.6667, 0.3411,  ..., 0.8583, 0.6807, 0.8382],
          [0.8064, 0.3442, 0.8751,  ..., 0.1877, 0.7594, 0.9375],
          ...,
          [0.9128, 0.1894, 0.8611,  ..., 0.6386, 0.7022, 0.7957],
          [0.4298, 0.0345, 0.1922,  ..., 0.1035, 0.2060, 0.3835],
          [0.4947, 0.5649, 0.5391,  ..., 0.8296, 0.1731, 0.0899]],

         [[0.2206, 0.9956, 0.6071,  ..., 0.1557, 0.8157, 0.1126],
          [0.3726, 0.9519, 0.6650,  ..., 0.6828, 0.9103, 0.5710],
          [0.2663, 0.8975, 0.7201,  ..., 0.7576, 0.3719, 0.4307],
          ...,
          [0.1847, 0.1860, 0.9868,  ..., 0.7870, 0.7583, 0.7701],
          [0.6583, 0.5220, 0.3734,  ..., 0.5395, 0.4711, 0.5387],
          [0.7544, 0.9047, 0.3013,  ..., 0.8687, 0.5781, 0.7234]]],


        ...,


        [[[0.1537, 0.4435, 0.9594,  ..., 0.0394, 0.3139, 0.1483],
          [0.8053, 0.2288, 0.4164,  ..., 0.2955, 0.8738, 0.3925],
          [0.0678, 0.2307, 0.0111,  ..., 0.7146, 0.6871, 0.5807],
          ...,
          [0.1516, 0.0888, 0.3710,  ..., 0.7999, 0.3389, 0.7266],
          [0.9110, 0.8219, 0.1904,  ..., 0.0797, 0.9750, 0.9463],
          [0.5105, 0.2084, 0.0494,  ..., 0.1884, 0.1917, 0.3106]],

         [[0.1893, 0.6478, 0.8720,  ..., 0.7564, 0.8645, 0.5166],
          [0.4242, 0.2003, 0.8786,  ..., 0.8554, 0.0560, 0.1020],
          [0.2039, 0.2226, 0.6427,  ..., 0.1285, 0.4375, 0.9839],
          ...,
          [0.5721, 0.2403, 0.8033,  ..., 0.9426, 0.8300, 0.7474],
          [0.5543, 0.3526, 0.6916,  ..., 0.9536, 0.8370, 0.0053],
          [0.6723, 0.7360, 0.7285,  ..., 0.8969, 0.5708, 0.7498]],

         [[0.8077, 0.9238, 0.0053,  ..., 0.8013, 0.8584, 0.5901],
          [0.2792, 0.0182, 0.6619,  ..., 0.9474, 0.3052, 0.5395],
          [0.8764, 0.5905, 0.9945,  ..., 0.2439, 0.5228, 0.7947],
          ...,
          [0.1838, 0.0263, 0.8583,  ..., 0.9673, 0.5111, 0.1835],
          [0.2469, 0.5195, 0.6074,  ..., 0.2459, 0.7687, 0.5083],
          [0.1874, 0.0511, 0.4368,  ..., 0.9001, 0.1346, 0.8779]],

         ...,

         [[0.7299, 0.1621, 0.6760,  ..., 0.0106, 0.1620, 0.3922],
          [0.0963, 0.4211, 0.4556,  ..., 0.0475, 0.9965, 0.9483],
          [0.3568, 0.3219, 0.4061,  ..., 0.9235, 0.7268, 0.8411],
          ...,
          [0.5200, 0.4104, 0.2981,  ..., 0.1875, 0.0922, 0.0122],
          [0.8676, 0.0390, 0.7062,  ..., 0.9983, 0.5258, 0.2964],
          [0.4831, 0.6269, 0.3515,  ..., 0.7998, 0.8558, 0.2100]],

         [[0.1809, 0.3294, 0.5263,  ..., 0.6322, 0.0878, 0.1913],
          [0.1180, 0.5748, 0.9310,  ..., 0.8551, 0.6367, 0.3357],
          [0.5042, 0.1582, 0.0949,  ..., 0.4344, 0.3223, 0.2809],
          ...,
          [0.7536, 0.7882, 0.0012,  ..., 0.3518, 0.9035, 0.3987],
          [0.2515, 0.3606, 0.9498,  ..., 0.5824, 0.7158, 0.4314],
          [0.2682, 0.7499, 0.4267,  ..., 0.8905, 0.3433, 0.2584]],

         [[0.1587, 0.1761, 0.3384,  ..., 0.6199, 0.3826, 0.6145],
          [0.8193, 0.0758, 0.2068,  ..., 0.4697, 0.1043, 0.0431],
          [0.8625, 0.5553, 0.4212,  ..., 0.6074, 0.6769, 0.8711],
          ...,
          [0.0220, 0.7762, 0.0994,  ..., 0.4960, 0.7725, 0.7363],
          [0.1094, 0.5907, 0.2771,  ..., 0.3019, 0.0482, 0.4291],
          [0.9040, 0.5245, 0.9508,  ..., 0.5433, 0.7018, 0.9891]]],


        [[[0.8718, 0.6920, 0.9907,  ..., 0.7447, 0.2784, 0.4433],
          [0.6159, 0.2605, 0.7863,  ..., 0.7427, 0.5293, 0.6477],
          [0.9782, 0.6435, 0.0556,  ..., 0.6765, 0.2508, 0.8640],
          ...,
          [0.1709, 0.1500, 0.8083,  ..., 0.0653, 0.9972, 0.8175],
          [0.4485, 0.5782, 0.3640,  ..., 0.1276, 0.7632, 0.7570],
          [0.7448, 0.6895, 0.3519,  ..., 0.4718, 0.6808, 0.5030]],

         [[0.5044, 0.4043, 0.6913,  ..., 0.8383, 0.0765, 0.3107],
          [0.0445, 0.5879, 0.4983,  ..., 0.6349, 0.9854, 0.1481],
          [0.4257, 0.5141, 0.4500,  ..., 0.8993, 0.9479, 0.1175],
          ...,
          [0.5973, 0.1094, 0.4950,  ..., 0.9827, 0.3760, 0.3208],
          [0.3017, 0.6789, 0.6603,  ..., 0.4524, 0.1825, 0.7561],
          [0.0752, 0.4430, 0.1344,  ..., 0.0346, 0.9592, 0.3000]],

         [[0.1793, 0.2341, 0.1982,  ..., 0.0658, 0.3481, 0.0461],
          [0.2857, 0.5677, 0.0379,  ..., 0.8720, 0.5541, 0.4530],
          [0.9489, 0.0675, 0.9676,  ..., 0.4844, 0.8913, 0.3964],
          ...,
          [0.2197, 0.7372, 0.9936,  ..., 0.6215, 0.7106, 0.8915],
          [0.6399, 0.4378, 0.3766,  ..., 0.5035, 0.0743, 0.0625],
          [0.4839, 0.4450, 0.1168,  ..., 0.2074, 0.8834, 0.1173]],

         ...,

         [[0.2058, 0.8158, 0.4025,  ..., 0.2432, 0.6503, 0.3009],
          [0.4463, 0.6534, 0.1550,  ..., 0.1266, 0.2420, 0.2010],
          [0.4821, 0.5817, 0.9390,  ..., 0.8904, 0.1141, 0.8208],
          ...,
          [0.8324, 0.4612, 0.8688,  ..., 0.9276, 0.9078, 0.9712],
          [0.6684, 0.8878, 0.0853,  ..., 0.9913, 0.7114, 0.7335],
          [0.9745, 0.7894, 0.3234,  ..., 0.3992, 0.7046, 0.8504]],

         [[0.5246, 0.7018, 0.4228,  ..., 0.9870, 0.7329, 0.9059],
          [0.9726, 0.5759, 0.3411,  ..., 0.4078, 0.6502, 0.8061],
          [0.7575, 0.8353, 0.5290,  ..., 0.1963, 0.4918, 0.6585],
          ...,
          [0.1336, 0.0696, 0.3862,  ..., 0.5919, 0.0230, 0.2789],
          [0.5150, 0.5127, 0.4337,  ..., 0.2884, 0.1262, 0.0056],
          [0.6089, 0.8175, 0.5273,  ..., 0.0260, 0.6993, 0.8745]],

         [[0.8845, 0.4742, 0.6121,  ..., 0.1310, 0.1649, 0.4183],
          [0.5261, 0.1515, 0.9118,  ..., 0.4448, 0.9007, 0.4214],
          [0.8834, 0.6219, 0.2011,  ..., 0.7309, 0.0912, 0.7407],
          ...,
          [0.1657, 0.5657, 0.4695,  ..., 0.9447, 0.4242, 0.5562],
          [0.6161, 0.6241, 0.4497,  ..., 0.4913, 0.1764, 0.9836],
          [0.5962, 0.4728, 0.3487,  ..., 0.1372, 0.9244, 0.3213]]],


        [[[0.8805, 0.4125, 0.9206,  ..., 0.4368, 0.9545, 0.3715],
          [0.3400, 0.4998, 0.4572,  ..., 0.4735, 0.7409, 0.0943],
          [0.1264, 0.4560, 0.9552,  ..., 0.4938, 0.7624, 0.7022],
          ...,
          [0.7531, 0.5227, 0.8489,  ..., 0.9064, 0.3711, 0.4038],
          [0.5449, 0.0135, 0.2887,  ..., 0.0628, 0.3933, 0.7531],
          [0.2202, 0.5730, 0.6977,  ..., 0.4298, 0.8264, 0.3028]],

         [[0.6066, 0.6116, 0.6405,  ..., 0.3631, 0.2644, 0.2106],
          [0.4235, 0.9605, 0.3958,  ..., 0.9253, 0.7812, 0.2274],
          [0.5424, 0.3159, 0.0038,  ..., 0.8925, 0.5001, 0.0999],
          ...,
          [0.4174, 0.6773, 0.9628,  ..., 0.2272, 0.2938, 0.0012],
          [0.4002, 0.9223, 0.2201,  ..., 0.9558, 0.6230, 0.1810],
          [0.6101, 0.5882, 0.1370,  ..., 0.0915, 0.4851, 0.3661]],

         [[0.3589, 0.5631, 0.6314,  ..., 0.5923, 0.4577, 0.4557],
          [0.7973, 0.8840, 0.9625,  ..., 0.9132, 0.2757, 0.2498],
          [0.3043, 0.2233, 0.8082,  ..., 0.2618, 0.7495, 0.8089],
          ...,
          [0.0791, 0.5946, 0.1437,  ..., 0.5204, 0.6126, 0.9786],
          [0.1558, 0.4989, 0.0764,  ..., 0.7904, 0.5185, 0.8112],
          [0.1840, 0.6992, 0.3988,  ..., 0.5244, 0.1898, 0.7413]],

         ...,

         [[0.1736, 0.1914, 0.3914,  ..., 0.2553, 0.1017, 0.0981],
          [0.1927, 0.8485, 0.4635,  ..., 0.3706, 0.8111, 0.6380],
          [0.4289, 0.4693, 0.7243,  ..., 0.0982, 0.8209, 0.4603],
          ...,
          [0.1170, 0.2726, 0.2782,  ..., 0.1197, 0.4790, 0.2162],
          [0.4659, 0.1851, 0.7066,  ..., 0.2603, 0.6212, 0.5504],
          [0.4244, 0.8268, 0.9076,  ..., 0.9474, 0.7187, 0.6006]],

         [[0.5750, 0.4728, 0.2694,  ..., 0.4015, 0.2760, 0.5854],
          [0.0040, 0.4978, 0.3945,  ..., 0.5314, 0.7661, 0.7067],
          [0.8323, 0.9654, 0.2038,  ..., 0.1412, 0.7610, 0.7796],
          ...,
          [0.2838, 0.0561, 0.3901,  ..., 0.3590, 0.2992, 0.9670],
          [0.4540, 0.1276, 0.1532,  ..., 0.3895, 0.7080, 0.5066],
          [0.3501, 0.1788, 0.3344,  ..., 0.8680, 0.4910, 0.0842]],

         [[0.2666, 0.8856, 0.9699,  ..., 0.8991, 0.3922, 0.8222],
          [0.7649, 0.2821, 0.3174,  ..., 0.6940, 0.1737, 0.1165],
          [0.4152, 0.4048, 0.4360,  ..., 0.7737, 0.3705, 0.3829],
          ...,
          [0.8914, 0.8133, 0.5958,  ..., 0.1067, 0.7113, 0.8550],
          [0.0374, 0.9639, 0.4064,  ..., 0.1791, 0.6108, 0.9950],
          [0.8378, 0.1160, 0.0391,  ..., 0.6678, 0.0547, 0.8570]]]])
