tensor([[[[6.4568e-01, 6.0234e-03, 3.0135e-01,  ..., 1.8103e-01,
           6.2430e-01, 8.9306e-01],
          [3.8194e-01, 1.6590e-02, 5.4362e-02,  ..., 9.9327e-01,
           4.6321e-01, 7.6016e-01],
          [4.0802e-01, 8.8120e-01, 1.4083e-01,  ..., 2.7508e-01,
           2.4013e-01, 3.4671e-01],
          ...,
          [1.9549e-01, 8.6244e-01, 3.3426e-01,  ..., 1.6571e-01,
           4.4484e-01, 7.7239e-01],
          [7.8811e-01, 4.2630e-01, 8.3435e-01,  ..., 2.0114e-01,
           4.8895e-01, 7.5679e-01],
          [8.8477e-02, 9.5271e-01, 4.9246e-01,  ..., 9.4072e-01,
           8.5601e-01, 9.0328e-01]],

         [[5.7382e-01, 5.8645e-01, 3.3681e-01,  ..., 2.8854e-01,
           2.0803e-01, 3.2164e-01],
          [8.0096e-01, 4.6940e-01, 5.6375e-02,  ..., 4.5106e-01,
           4.4033e-01, 9.7106e-01],
          [3.7741e-01, 9.9008e-01, 9.7264e-01,  ..., 4.7443e-01,
           4.0070e-01, 5.1763e-01],
          ...,
          [2.7332e-01, 2.8421e-01, 1.6541e-01,  ..., 9.9654e-01,
           2.8532e-01, 7.6359e-01],
          [4.3907e-01, 8.0882e-01, 1.5140e-01,  ..., 4.9820e-01,
           7.1795e-01, 7.6789e-01],
          [9.9221e-01, 9.8898e-01, 9.2887e-02,  ..., 7.8059e-01,
           2.7821e-01, 4.3963e-01]],

         [[7.1237e-01, 1.1813e-01, 2.1445e-01,  ..., 5.2312e-01,
           9.2959e-01, 9.9816e-01],
          [6.5347e-01, 3.4176e-01, 2.9220e-01,  ..., 7.8021e-01,
           4.6149e-01, 7.8348e-01],
          [7.0191e-01, 4.3432e-01, 5.1210e-01,  ..., 6.7672e-01,
           4.2082e-01, 7.7713e-01],
          ...,
          [5.6937e-02, 6.8796e-01, 7.3372e-01,  ..., 2.6327e-01,
           9.6730e-01, 8.5658e-01],
          [9.6846e-03, 6.5185e-01, 8.8922e-01,  ..., 5.8346e-01,
           7.0560e-01, 6.3277e-01],
          [4.5907e-01, 6.4995e-01, 4.2394e-01,  ..., 7.4075e-01,
           5.2407e-01, 6.9130e-01]],

         ...,

         [[4.6342e-01, 5.8033e-01, 9.1545e-01,  ..., 5.9610e-02,
           9.3097e-01, 4.8329e-01],
          [3.3099e-01, 4.8711e-01, 8.0980e-01,  ..., 1.4663e-01,
           4.7969e-02, 4.2345e-01],
          [4.1185e-01, 4.3583e-01, 4.4077e-01,  ..., 9.5438e-01,
           8.3025e-01, 3.2249e-01],
          ...,
          [9.4942e-01, 2.5025e-01, 3.2727e-01,  ..., 9.9959e-01,
           3.4531e-02, 6.5235e-01],
          [3.6450e-01, 2.9018e-01, 9.7460e-01,  ..., 6.3445e-01,
           6.8687e-01, 3.0493e-02],
          [5.5319e-01, 5.3600e-01, 1.1659e-01,  ..., 7.0627e-01,
           7.1120e-01, 2.3194e-01]],

         [[3.3851e-01, 5.1291e-01, 6.1847e-01,  ..., 6.9430e-01,
           1.3964e-01, 3.3260e-01],
          [8.6595e-01, 7.7145e-01, 6.8642e-01,  ..., 6.8916e-01,
           8.9990e-02, 2.6905e-01],
          [8.9034e-02, 2.3841e-01, 2.3606e-01,  ..., 3.0335e-01,
           2.9421e-01, 9.8672e-01],
          ...,
          [6.0554e-01, 1.2841e-01, 3.1853e-01,  ..., 3.6190e-01,
           4.9478e-01, 4.2747e-01],
          [6.7490e-01, 1.2717e-01, 6.1804e-01,  ..., 2.4589e-01,
           3.0327e-01, 7.5161e-01],
          [8.6278e-02, 9.4578e-01, 1.5975e-01,  ..., 7.0527e-01,
           2.1326e-01, 5.5521e-01]],

         [[5.2186e-01, 9.2847e-02, 6.4238e-01,  ..., 5.5210e-01,
           8.5634e-01, 8.6188e-01],
          [2.7028e-01, 4.5593e-01, 3.8008e-01,  ..., 6.8791e-01,
           5.6708e-01, 3.7501e-01],
          [9.4884e-03, 4.6113e-01, 3.3375e-01,  ..., 5.7512e-01,
           5.6412e-01, 6.1340e-01],
          ...,
          [1.4151e-01, 5.0800e-01, 5.3342e-01,  ..., 5.4036e-01,
           1.1707e-01, 7.3146e-01],
          [8.3034e-01, 9.1245e-01, 6.2508e-01,  ..., 1.3787e-01,
           1.4398e-01, 2.0788e-01],
          [2.4312e-01, 7.6430e-01, 3.6797e-01,  ..., 4.6903e-01,
           7.1145e-01, 4.2861e-01]]],


        [[[4.6767e-01, 5.1157e-01, 6.1117e-01,  ..., 8.6395e-01,
           2.6729e-01, 1.4334e-01],
          [2.9521e-01, 4.0912e-01, 8.5621e-01,  ..., 1.1143e-01,
           8.3916e-01, 3.3768e-01],
          [3.4033e-01, 2.8583e-01, 2.1934e-01,  ..., 2.8761e-01,
           5.7224e-01, 1.8012e-01],
          ...,
          [4.7329e-01, 8.8743e-01, 5.5981e-01,  ..., 2.0746e-01,
           3.8349e-01, 6.7989e-01],
          [5.3268e-01, 4.4905e-01, 7.6900e-01,  ..., 9.9872e-01,
           3.3039e-01, 2.7997e-01],
          [3.4266e-01, 4.6846e-01, 5.1446e-01,  ..., 9.7978e-02,
           1.7406e-01, 5.6917e-01]],

         [[6.9696e-01, 6.8188e-01, 5.2277e-01,  ..., 2.4598e-01,
           3.1867e-01, 8.1146e-01],
          [1.3944e-01, 8.9415e-01, 9.1844e-01,  ..., 3.9559e-01,
           7.3405e-01, 5.1580e-01],
          [1.1461e-01, 2.4206e-01, 1.9448e-01,  ..., 6.1661e-01,
           5.3698e-01, 3.5887e-01],
          ...,
          [2.4539e-01, 3.7308e-01, 2.6329e-01,  ..., 3.3317e-01,
           4.5848e-01, 8.9709e-01],
          [5.4396e-01, 1.4399e-01, 6.1268e-01,  ..., 8.1518e-01,
           6.1239e-01, 7.4493e-01],
          [6.5987e-02, 7.2578e-01, 4.4780e-02,  ..., 6.8106e-01,
           7.0870e-01, 9.6116e-01]],

         [[8.2050e-01, 6.3676e-01, 3.7514e-01,  ..., 2.1434e-01,
           3.0567e-01, 1.1257e-01],
          [7.0100e-01, 7.5738e-01, 2.9679e-01,  ..., 4.9904e-01,
           3.5097e-01, 6.3607e-01],
          [6.7337e-01, 1.7554e-01, 2.2819e-01,  ..., 5.4438e-01,
           6.2433e-01, 2.9373e-02],
          ...,
          [7.4452e-01, 5.8887e-02, 7.8936e-02,  ..., 5.9130e-01,
           3.0879e-01, 1.9166e-01],
          [7.6472e-01, 3.8489e-01, 1.8744e-01,  ..., 4.6467e-01,
           7.7476e-01, 4.4070e-01],
          [8.4625e-01, 7.2304e-01, 4.6301e-01,  ..., 1.9011e-02,
           7.8156e-02, 5.3794e-01]],

         ...,

         [[7.8963e-01, 7.5695e-01, 6.3019e-01,  ..., 5.1082e-01,
           3.1676e-01, 9.7554e-01],
          [5.9315e-01, 2.9389e-02, 8.2702e-01,  ..., 5.7296e-01,
           9.1142e-01, 5.3350e-02],
          [6.4726e-01, 8.5466e-01, 6.7220e-01,  ..., 8.9534e-01,
           2.4166e-01, 1.2497e-01],
          ...,
          [3.3584e-01, 5.2478e-01, 9.0257e-01,  ..., 5.0762e-01,
           7.0899e-01, 9.5817e-01],
          [2.3769e-01, 3.5580e-02, 9.3786e-01,  ..., 2.4133e-01,
           8.1073e-01, 3.6832e-02],
          [8.7237e-01, 7.6233e-01, 9.7440e-02,  ..., 3.5588e-01,
           8.5814e-01, 2.8531e-02]],

         [[8.7887e-01, 1.4235e-01, 3.1113e-01,  ..., 9.9513e-01,
           4.3132e-02, 3.7871e-01],
          [6.6648e-01, 1.1571e-01, 8.7505e-01,  ..., 9.4756e-01,
           6.5604e-01, 1.1646e-01],
          [4.7902e-01, 7.3978e-01, 3.9906e-01,  ..., 8.6539e-01,
           6.3068e-01, 4.1330e-01],
          ...,
          [4.7782e-01, 7.4835e-01, 4.0981e-01,  ..., 5.4015e-01,
           4.3425e-01, 1.6451e-01],
          [1.8929e-01, 4.3386e-01, 3.3436e-01,  ..., 2.1562e-01,
           7.1796e-03, 1.9753e-01],
          [6.0360e-01, 8.7471e-01, 6.2977e-01,  ..., 3.6278e-01,
           9.9016e-01, 1.1520e-01]],

         [[2.1405e-01, 8.3390e-01, 1.2288e-01,  ..., 2.3229e-01,
           6.4228e-01, 4.0289e-02],
          [4.3279e-01, 2.6447e-01, 9.0261e-01,  ..., 3.9093e-01,
           6.7865e-01, 6.8263e-01],
          [6.7674e-02, 7.7310e-01, 1.7887e-01,  ..., 6.1863e-01,
           8.7929e-02, 2.7226e-01],
          ...,
          [8.4538e-01, 5.8036e-02, 3.0591e-01,  ..., 9.3430e-01,
           9.5475e-01, 7.5332e-01],
          [9.1750e-01, 7.3022e-01, 5.4431e-01,  ..., 3.0064e-01,
           3.1841e-01, 7.1212e-01],
          [3.0408e-01, 1.6065e-02, 8.4498e-01,  ..., 5.0649e-01,
           7.8018e-01, 8.3316e-01]]],


        [[[8.4954e-01, 7.7338e-01, 7.4048e-01,  ..., 9.2045e-01,
           6.6281e-01, 4.1385e-01],
          [2.1415e-01, 8.2699e-01, 2.6518e-01,  ..., 3.0406e-01,
           1.4684e-01, 1.7459e-01],
          [8.3060e-01, 2.1020e-01, 6.8767e-01,  ..., 3.3426e-01,
           1.4672e-01, 5.7507e-01],
          ...,
          [8.0894e-01, 5.4122e-01, 5.5921e-01,  ..., 1.6378e-02,
           9.2806e-01, 5.3803e-01],
          [4.7530e-01, 4.5802e-01, 1.0162e-01,  ..., 3.6080e-01,
           2.9642e-01, 4.6363e-01],
          [7.6131e-01, 1.0553e-01, 4.8506e-01,  ..., 8.6161e-01,
           2.9943e-01, 2.2471e-01]],

         [[5.1350e-01, 2.4101e-01, 2.5070e-01,  ..., 8.4010e-01,
           1.2531e-01, 5.6720e-01],
          [3.2228e-01, 3.2352e-02, 2.8960e-01,  ..., 7.3640e-01,
           9.7882e-01, 6.7785e-01],
          [8.0918e-01, 3.4244e-01, 3.8882e-01,  ..., 9.9077e-01,
           3.1800e-01, 2.2018e-01],
          ...,
          [6.4135e-02, 9.0220e-01, 9.5599e-01,  ..., 2.7043e-01,
           6.1247e-01, 6.8671e-01],
          [3.0486e-01, 7.6738e-01, 7.6579e-01,  ..., 6.6579e-01,
           3.3961e-01, 5.4394e-01],
          [1.8733e-01, 8.9861e-01, 2.9785e-01,  ..., 6.4448e-01,
           8.6810e-01, 2.7443e-01]],

         [[2.7739e-01, 7.3814e-01, 5.5014e-01,  ..., 3.0223e-01,
           4.4509e-01, 2.5692e-01],
          [5.4751e-01, 3.0265e-01, 8.0670e-01,  ..., 2.7435e-02,
           6.2153e-01, 2.9584e-01],
          [5.4189e-01, 8.5122e-01, 9.7642e-01,  ..., 2.2977e-01,
           9.5709e-01, 2.5942e-01],
          ...,
          [3.3087e-01, 2.4692e-01, 8.3154e-01,  ..., 8.8715e-01,
           9.9376e-01, 8.3043e-01],
          [8.1576e-01, 1.7696e-02, 6.6778e-01,  ..., 2.5733e-01,
           3.0340e-01, 4.6976e-01],
          [9.1325e-01, 9.5855e-01, 4.3038e-01,  ..., 1.9630e-01,
           5.6617e-01, 6.2573e-01]],

         ...,

         [[6.1249e-01, 4.2369e-01, 9.4129e-01,  ..., 7.8267e-01,
           4.3306e-01, 1.6277e-01],
          [3.7309e-01, 2.5704e-01, 9.7699e-01,  ..., 2.0510e-01,
           6.6899e-01, 7.7835e-01],
          [6.2494e-01, 2.4307e-01, 3.3039e-01,  ..., 9.8212e-01,
           4.5333e-01, 8.1146e-01],
          ...,
          [7.0825e-01, 5.5377e-01, 2.4166e-02,  ..., 8.1351e-01,
           3.9359e-01, 9.2242e-01],
          [9.2094e-01, 4.2854e-01, 7.4320e-01,  ..., 1.6378e-01,
           1.2379e-01, 2.7043e-01],
          [5.6344e-02, 9.3401e-01, 3.4613e-01,  ..., 5.3993e-01,
           8.1958e-01, 6.5596e-01]],

         [[6.0910e-01, 2.0595e-01, 1.0508e-01,  ..., 7.7285e-01,
           1.8922e-01, 5.9353e-01],
          [1.6525e-01, 5.2488e-01, 8.1690e-01,  ..., 8.8709e-01,
           9.0553e-01, 8.0828e-01],
          [9.0324e-01, 7.1390e-01, 7.9017e-01,  ..., 4.6024e-01,
           1.6195e-01, 8.9794e-01],
          ...,
          [3.9822e-01, 7.9000e-01, 2.5805e-01,  ..., 8.1798e-01,
           3.9018e-03, 6.4156e-01],
          [7.4995e-01, 4.9966e-01, 1.4432e-02,  ..., 9.6100e-01,
           2.8301e-01, 4.8589e-01],
          [4.8012e-01, 9.2066e-01, 6.5151e-01,  ..., 9.3583e-01,
           5.8449e-01, 5.4183e-01]],

         [[8.3231e-01, 5.4031e-01, 2.0839e-01,  ..., 2.4758e-01,
           1.3670e-03, 1.5556e-01],
          [2.8117e-01, 2.4861e-01, 5.8626e-01,  ..., 7.0159e-01,
           4.8562e-01, 6.6072e-01],
          [1.8289e-01, 9.1486e-02, 5.4478e-02,  ..., 3.7880e-01,
           6.4899e-02, 8.2201e-01],
          ...,
          [3.5941e-01, 6.6986e-01, 3.4808e-01,  ..., 4.9570e-01,
           8.1368e-01, 2.8495e-01],
          [7.2423e-01, 9.8280e-01, 8.0474e-01,  ..., 5.1500e-01,
           6.3920e-01, 7.5320e-01],
          [2.3282e-01, 7.1631e-01, 2.2124e-02,  ..., 7.8998e-01,
           2.8268e-01, 8.3530e-01]]],


        ...,


        [[[2.2736e-01, 9.3183e-02, 7.8571e-01,  ..., 8.1867e-01,
           4.7850e-01, 9.6584e-01],
          [7.6688e-01, 9.7118e-01, 5.0238e-01,  ..., 2.2408e-01,
           3.5937e-01, 8.2957e-01],
          [5.8399e-01, 8.3865e-01, 9.6723e-01,  ..., 1.9891e-02,
           5.5391e-01, 2.9802e-01],
          ...,
          [2.7199e-01, 1.8419e-01, 8.1425e-01,  ..., 5.9894e-01,
           4.5443e-01, 7.8810e-02],
          [9.9208e-01, 8.6949e-01, 4.0605e-01,  ..., 2.1849e-01,
           5.1068e-01, 2.8395e-01],
          [5.5299e-01, 1.9620e-01, 6.6011e-01,  ..., 8.5303e-01,
           9.2182e-01, 4.5971e-01]],

         [[2.4702e-01, 4.4513e-01, 5.1097e-02,  ..., 9.5794e-01,
           1.2820e-01, 9.0570e-01],
          [1.6235e-01, 7.6995e-01, 9.4511e-01,  ..., 3.7581e-02,
           4.0407e-01, 1.3314e-01],
          [5.1325e-01, 2.4078e-01, 5.9240e-01,  ..., 6.9412e-01,
           7.8050e-01, 1.0682e-01],
          ...,
          [9.1919e-02, 8.7572e-01, 4.1152e-01,  ..., 5.9651e-01,
           9.1617e-01, 4.2272e-01],
          [7.4440e-01, 6.4860e-01, 4.5425e-01,  ..., 5.7386e-01,
           9.5369e-01, 6.7688e-01],
          [4.4516e-01, 7.6856e-01, 1.0149e-01,  ..., 9.6710e-01,
           7.4842e-01, 8.8463e-01]],

         [[2.1486e-02, 3.4386e-01, 5.1132e-01,  ..., 7.2696e-01,
           4.2310e-02, 6.3048e-01],
          [7.0906e-01, 3.1453e-01, 8.9279e-01,  ..., 2.4826e-01,
           7.1262e-01, 4.8285e-01],
          [2.7725e-01, 7.8050e-01, 8.7217e-01,  ..., 3.8672e-03,
           5.8871e-01, 1.9586e-01],
          ...,
          [6.5334e-01, 4.9110e-01, 6.3374e-01,  ..., 5.0776e-01,
           6.0425e-01, 9.8721e-01],
          [8.9109e-01, 4.9743e-01, 9.4804e-01,  ..., 8.0520e-01,
           8.3124e-01, 4.5673e-01],
          [3.6503e-01, 9.9927e-01, 1.9273e-01,  ..., 2.2714e-01,
           7.3425e-01, 6.3056e-01]],

         ...,

         [[9.4248e-02, 6.0638e-01, 3.0236e-01,  ..., 6.9157e-01,
           6.2923e-01, 6.4368e-01],
          [1.1193e-01, 9.0877e-01, 9.0397e-01,  ..., 4.2937e-01,
           7.3741e-01, 5.7956e-01],
          [4.1359e-02, 5.4441e-01, 7.0948e-02,  ..., 5.2287e-01,
           9.5218e-01, 7.9560e-01],
          ...,
          [3.8670e-01, 1.4804e-01, 3.1360e-01,  ..., 9.9940e-01,
           8.8345e-01, 1.1125e-01],
          [5.0618e-02, 2.5727e-01, 2.8090e-01,  ..., 3.6382e-01,
           1.4833e-01, 6.9673e-01],
          [9.0931e-01, 1.9873e-01, 1.9205e-01,  ..., 5.8687e-01,
           5.2107e-01, 8.4053e-01]],

         [[7.5199e-01, 6.4209e-01, 2.5365e-01,  ..., 7.4737e-01,
           9.4263e-01, 3.7441e-02],
          [8.9411e-01, 5.5302e-01, 3.0902e-01,  ..., 1.5065e-01,
           9.2956e-01, 5.8927e-01],
          [8.2661e-01, 1.4181e-01, 3.2141e-01,  ..., 3.6665e-01,
           1.1829e-01, 6.4692e-01],
          ...,
          [4.8966e-01, 8.3023e-02, 8.6335e-01,  ..., 8.7956e-01,
           5.1965e-01, 2.7799e-01],
          [3.2312e-01, 6.2662e-01, 9.3103e-01,  ..., 2.1282e-01,
           9.9798e-01, 6.4621e-01],
          [2.5497e-01, 6.7352e-01, 3.6592e-01,  ..., 7.5233e-01,
           7.4875e-01, 8.7586e-01]],

         [[6.6603e-01, 3.6228e-01, 3.5434e-01,  ..., 1.9978e-01,
           7.9078e-01, 8.0383e-01],
          [7.8251e-01, 2.5228e-01, 6.2317e-01,  ..., 4.3823e-01,
           7.0221e-02, 4.7318e-01],
          [9.3913e-01, 6.9698e-02, 4.5726e-02,  ..., 5.8752e-01,
           5.3044e-01, 9.6277e-01],
          ...,
          [8.8265e-01, 8.8780e-01, 9.0524e-01,  ..., 3.1062e-01,
           9.0983e-01, 2.4745e-01],
          [2.4760e-01, 5.7426e-01, 9.0650e-01,  ..., 1.2391e-01,
           4.2113e-01, 8.3627e-01],
          [1.2228e-03, 8.6805e-01, 1.5606e-01,  ..., 5.8437e-01,
           8.4809e-01, 3.5551e-02]]],


        [[[8.1011e-01, 9.1342e-01, 1.0064e-01,  ..., 8.5913e-01,
           4.2149e-01, 5.4594e-01],
          [9.9928e-02, 8.3715e-01, 4.8939e-01,  ..., 2.9008e-01,
           9.9659e-02, 6.0462e-01],
          [8.6275e-01, 3.2311e-01, 8.5733e-01,  ..., 4.1023e-02,
           3.9691e-01, 7.3571e-02],
          ...,
          [5.4835e-01, 8.3306e-01, 2.2383e-02,  ..., 4.8862e-01,
           8.8088e-01, 4.9800e-01],
          [5.1356e-01, 2.5003e-01, 9.6935e-01,  ..., 4.8532e-01,
           9.5174e-01, 7.5246e-02],
          [8.7747e-01, 2.2795e-01, 3.8608e-01,  ..., 9.6660e-01,
           2.0588e-01, 5.8180e-01]],

         [[2.4400e-01, 6.0068e-01, 9.2726e-01,  ..., 8.6401e-01,
           2.5864e-01, 1.1766e-01],
          [3.9767e-01, 2.7987e-01, 7.6646e-01,  ..., 6.7404e-01,
           2.4809e-01, 3.6256e-01],
          [8.7014e-01, 1.4790e-02, 7.2596e-01,  ..., 1.2275e-01,
           1.1524e-01, 6.5769e-01],
          ...,
          [3.4830e-01, 6.7168e-01, 8.2887e-01,  ..., 8.3589e-01,
           9.0722e-01, 8.6603e-01],
          [7.5670e-01, 7.0677e-02, 8.1516e-01,  ..., 5.2683e-01,
           1.2036e-02, 4.3433e-01],
          [6.8215e-02, 4.8955e-01, 1.6300e-01,  ..., 6.1609e-01,
           8.7183e-01, 5.5143e-01]],

         [[6.7361e-01, 6.9391e-01, 2.2616e-01,  ..., 7.0118e-01,
           5.0170e-01, 8.1629e-01],
          [7.7552e-02, 2.9504e-01, 9.8711e-01,  ..., 9.1835e-01,
           8.3574e-01, 1.0061e-01],
          [5.6843e-01, 4.3174e-01, 6.5269e-01,  ..., 3.3936e-01,
           8.2354e-01, 5.0291e-01],
          ...,
          [6.9270e-01, 2.7086e-01, 3.0483e-01,  ..., 8.0297e-01,
           7.7131e-01, 2.1873e-01],
          [7.3886e-01, 8.3668e-01, 3.3123e-01,  ..., 6.3385e-01,
           2.1399e-01, 1.4336e-02],
          [8.9102e-01, 2.2258e-01, 5.0315e-02,  ..., 2.7446e-01,
           1.5906e-01, 7.3869e-02]],

         ...,

         [[6.6740e-01, 6.9138e-02, 6.7522e-01,  ..., 6.8076e-01,
           3.7553e-01, 3.1971e-01],
          [2.4480e-01, 5.3784e-01, 1.8750e-03,  ..., 9.5110e-01,
           3.6586e-01, 8.2684e-01],
          [6.0527e-01, 3.9598e-01, 9.1614e-01,  ..., 3.4423e-01,
           1.6784e-01, 1.1546e-01],
          ...,
          [3.3011e-01, 2.7705e-01, 5.1925e-01,  ..., 7.2014e-01,
           9.3866e-01, 9.7149e-01],
          [9.1438e-01, 1.2395e-01, 1.1682e-01,  ..., 6.3215e-01,
           1.0137e-01, 8.4871e-01],
          [7.6197e-01, 5.7873e-01, 1.5591e-01,  ..., 7.0674e-03,
           5.4184e-01, 1.1357e-01]],

         [[8.0618e-03, 3.5036e-01, 9.6415e-01,  ..., 6.2732e-01,
           6.9275e-02, 7.1312e-01],
          [7.0662e-01, 1.4875e-01, 4.5728e-02,  ..., 8.5179e-01,
           8.0772e-01, 3.7306e-01],
          [7.5154e-01, 9.6930e-01, 7.8796e-01,  ..., 2.3004e-01,
           6.9193e-01, 8.8799e-01],
          ...,
          [2.3510e-01, 3.9038e-01, 4.5206e-01,  ..., 7.6128e-01,
           9.8238e-01, 8.0129e-01],
          [5.2903e-01, 6.4766e-01, 6.8586e-01,  ..., 1.1415e-01,
           3.1902e-01, 6.7168e-01],
          [2.4590e-01, 3.1020e-01, 2.0883e-01,  ..., 7.7774e-01,
           8.7033e-01, 2.6882e-01]],

         [[4.8002e-03, 8.4249e-01, 5.2353e-01,  ..., 7.2376e-01,
           2.0410e-02, 7.9594e-01],
          [6.0114e-02, 9.1983e-01, 1.1733e-01,  ..., 6.0292e-01,
           2.0589e-01, 2.0276e-01],
          [7.4967e-01, 3.1171e-01, 3.1473e-01,  ..., 2.9674e-01,
           4.8040e-01, 6.8671e-01],
          ...,
          [1.7401e-01, 3.1756e-02, 5.3200e-01,  ..., 3.9742e-01,
           1.6262e-02, 5.7801e-01],
          [6.2060e-01, 1.7757e-01, 9.2093e-01,  ..., 5.9359e-02,
           7.9461e-01, 4.6930e-02],
          [6.4267e-01, 1.0504e-01, 1.0274e-03,  ..., 9.2691e-01,
           6.1046e-01, 3.1043e-02]]],


        [[[5.7297e-01, 9.1145e-01, 7.0780e-01,  ..., 9.1007e-01,
           6.9074e-01, 6.8869e-01],
          [4.0721e-01, 8.8218e-01, 1.4856e-01,  ..., 9.8852e-01,
           8.0267e-01, 8.3536e-02],
          [9.6468e-01, 5.5524e-01, 5.9205e-01,  ..., 7.3919e-02,
           1.2768e-01, 6.8428e-01],
          ...,
          [6.5584e-01, 3.0160e-01, 1.1633e-01,  ..., 1.0928e-01,
           9.5346e-01, 5.1131e-01],
          [7.6495e-01, 5.9356e-01, 1.2342e-01,  ..., 5.1508e-01,
           1.5934e-01, 5.1049e-01],
          [3.3959e-02, 8.5901e-01, 6.1235e-01,  ..., 2.5237e-01,
           8.6630e-01, 8.0418e-01]],

         [[4.6426e-01, 9.4310e-01, 5.2304e-02,  ..., 9.1932e-01,
           9.9367e-01, 8.1533e-02],
          [4.4316e-01, 7.5744e-01, 1.5092e-01,  ..., 2.9985e-01,
           2.4331e-01, 6.6284e-01],
          [5.3094e-01, 3.2914e-01, 9.5395e-02,  ..., 1.3228e-01,
           4.2133e-01, 1.9693e-01],
          ...,
          [7.4851e-01, 8.0665e-01, 1.5363e-01,  ..., 5.0189e-01,
           4.6694e-01, 2.9623e-01],
          [4.1332e-01, 2.4476e-01, 2.3825e-02,  ..., 7.6372e-01,
           9.4470e-01, 1.3511e-01],
          [7.8154e-01, 5.0395e-01, 7.5549e-01,  ..., 9.6422e-01,
           5.8536e-01, 4.2808e-04]],

         [[2.5254e-01, 5.0646e-01, 3.8369e-01,  ..., 6.5685e-01,
           1.4848e-01, 7.5373e-01],
          [3.9355e-01, 7.6285e-01, 4.8903e-01,  ..., 5.8591e-01,
           1.8928e-01, 2.6786e-01],
          [7.5815e-02, 5.8614e-01, 4.8486e-01,  ..., 8.7479e-01,
           3.0205e-01, 6.5163e-01],
          ...,
          [1.4836e-01, 3.9535e-01, 2.6762e-01,  ..., 2.7188e-01,
           2.5283e-01, 4.4600e-01],
          [8.3371e-01, 7.7941e-01, 2.2509e-01,  ..., 2.2824e-01,
           2.5215e-01, 5.8051e-01],
          [2.3967e-02, 1.5591e-01, 1.9426e-01,  ..., 4.3597e-01,
           8.6027e-01, 4.0592e-01]],

         ...,

         [[8.9552e-01, 6.0952e-01, 4.9639e-01,  ..., 5.6713e-01,
           5.5458e-01, 4.8930e-01],
          [1.8134e-01, 1.5069e-01, 5.5451e-01,  ..., 2.8234e-01,
           6.6395e-01, 6.8020e-01],
          [4.5969e-01, 7.7067e-01, 3.8610e-01,  ..., 3.1698e-01,
           5.0375e-01, 5.6836e-01],
          ...,
          [1.5450e-01, 2.5225e-01, 1.1033e-01,  ..., 6.3241e-02,
           1.9650e-01, 2.7900e-01],
          [4.2687e-01, 6.9124e-01, 9.6320e-01,  ..., 8.9971e-01,
           4.9940e-01, 7.6138e-01],
          [2.9957e-01, 6.5458e-01, 5.5980e-01,  ..., 8.6077e-01,
           3.1443e-02, 5.8692e-01]],

         [[2.2069e-01, 4.7352e-01, 9.6656e-01,  ..., 1.3156e-01,
           9.0489e-01, 8.9219e-01],
          [3.5862e-01, 8.3597e-01, 2.1836e-01,  ..., 1.2052e-01,
           5.3000e-01, 7.1632e-01],
          [1.9900e-01, 4.5803e-02, 7.7438e-01,  ..., 1.6671e-02,
           6.1244e-01, 1.7051e-01],
          ...,
          [1.1439e-01, 8.7741e-01, 6.0675e-02,  ..., 1.7463e-02,
           5.9252e-02, 2.4446e-01],
          [1.1529e-01, 4.2687e-01, 3.8341e-01,  ..., 7.9652e-01,
           6.9287e-01, 9.4010e-02],
          [9.2049e-01, 1.6526e-01, 8.0551e-01,  ..., 6.4191e-02,
           6.8687e-01, 2.0716e-01]],

         [[6.6755e-01, 4.3963e-01, 7.9706e-01,  ..., 2.4950e-02,
           7.9091e-01, 7.9730e-01],
          [3.5583e-01, 8.5404e-01, 2.5209e-01,  ..., 9.3914e-02,
           8.4000e-01, 6.9705e-01],
          [8.9571e-02, 3.5078e-01, 5.1794e-01,  ..., 7.6580e-01,
           6.6793e-01, 8.8491e-01],
          ...,
          [9.9898e-01, 4.9414e-01, 1.4435e-01,  ..., 1.2510e-01,
           8.2015e-01, 5.2297e-02],
          [1.7276e-01, 8.4182e-01, 7.1293e-01,  ..., 9.8173e-01,
           8.7318e-01, 5.9467e-01],
          [6.7227e-02, 2.1408e-01, 1.3243e-01,  ..., 9.6390e-01,
           4.7933e-01, 2.3227e-01]]]])
