tensor([[[[8.6666e-01, 1.7530e-01, 6.6938e-01,  ..., 7.4990e-02,
           4.9885e-01, 4.4401e-01],
          [7.6156e-01, 7.6920e-01, 7.2781e-01,  ..., 5.4266e-01,
           5.9781e-01, 8.5401e-01],
          [8.3554e-01, 6.8108e-01, 7.0942e-01,  ..., 1.4662e-01,
           3.5924e-01, 2.2958e-01],
          ...,
          [9.5885e-01, 2.3500e-01, 6.3233e-02,  ..., 9.6512e-01,
           4.6650e-01, 7.9118e-01],
          [3.3628e-01, 9.7977e-01, 4.4534e-01,  ..., 7.3046e-01,
           3.2840e-01, 1.8637e-01],
          [4.1113e-02, 2.7480e-01, 5.4494e-01,  ..., 6.9865e-01,
           2.4930e-02, 2.0513e-01]],

         [[5.6832e-02, 9.4479e-01, 1.0425e-01,  ..., 9.3905e-01,
           4.3874e-01, 2.4903e-01],
          [3.7758e-01, 6.9612e-01, 1.5698e-01,  ..., 1.0833e-02,
           1.2813e-01, 4.1556e-01],
          [2.9972e-01, 3.7516e-01, 9.7514e-01,  ..., 3.0356e-01,
           3.3808e-02, 4.1134e-01],
          ...,
          [1.8077e-02, 4.3013e-01, 3.5308e-01,  ..., 2.1034e-01,
           9.1655e-01, 2.8950e-01],
          [3.7837e-01, 4.9741e-01, 7.1086e-01,  ..., 6.5048e-01,
           6.3540e-01, 1.3212e-01],
          [2.6324e-01, 1.0176e-01, 7.2830e-01,  ..., 6.6211e-01,
           9.4080e-01, 9.7541e-01]],

         [[9.8628e-01, 2.6318e-01, 4.5128e-01,  ..., 8.4293e-01,
           5.8644e-01, 3.8045e-01],
          [9.3455e-01, 3.7704e-02, 4.8444e-01,  ..., 6.8350e-01,
           6.0580e-01, 4.4852e-01],
          [4.3542e-01, 8.5104e-01, 5.3422e-01,  ..., 6.0230e-01,
           6.6648e-01, 3.0523e-01],
          ...,
          [5.6221e-01, 8.9600e-01, 8.5341e-02,  ..., 5.1102e-01,
           9.1419e-01, 7.2385e-01],
          [7.7486e-01, 2.5278e-01, 3.8019e-01,  ..., 2.4093e-01,
           3.4142e-01, 3.7989e-01],
          [6.8909e-02, 8.6511e-01, 3.6887e-01,  ..., 8.5010e-01,
           4.5522e-01, 7.3062e-01]],

         ...,

         [[1.8133e-02, 3.4663e-01, 8.7956e-01,  ..., 3.0558e-01,
           6.1981e-01, 7.0039e-01],
          [2.3179e-01, 7.3543e-01, 9.8940e-02,  ..., 8.7265e-01,
           8.6164e-01, 3.6060e-02],
          [1.4805e-01, 2.0526e-01, 3.8409e-01,  ..., 2.0761e-03,
           5.7356e-01, 2.2392e-01],
          ...,
          [9.8433e-01, 1.2483e-01, 9.8201e-01,  ..., 5.6127e-01,
           2.6684e-01, 1.7784e-01],
          [4.0754e-01, 1.1770e-01, 6.5434e-01,  ..., 3.1878e-01,
           2.3639e-01, 8.3600e-01],
          [5.3199e-01, 5.7465e-01, 5.5906e-01,  ..., 9.8460e-01,
           8.9602e-01, 9.7735e-02]],

         [[3.5138e-01, 6.8356e-01, 6.9944e-01,  ..., 3.2056e-01,
           4.3753e-01, 8.2693e-01],
          [6.6933e-01, 8.3932e-01, 4.2774e-01,  ..., 9.6424e-01,
           2.0890e-01, 9.9535e-01],
          [2.0919e-01, 2.2672e-01, 8.5486e-01,  ..., 8.5965e-01,
           2.5811e-01, 9.3954e-01],
          ...,
          [5.5017e-01, 1.0132e-01, 6.3139e-01,  ..., 5.3594e-01,
           7.6526e-01, 1.1235e-01],
          [7.2936e-01, 1.3039e-02, 3.9718e-01,  ..., 2.5332e-02,
           5.2079e-02, 3.6078e-01],
          [1.0066e-01, 4.4160e-01, 5.0687e-01,  ..., 2.7331e-01,
           8.4605e-01, 2.3440e-01]],

         [[4.3116e-01, 7.6249e-02, 3.0724e-01,  ..., 8.0024e-02,
           3.1702e-01, 2.9496e-01],
          [2.0578e-01, 3.1645e-01, 7.2247e-01,  ..., 5.8904e-01,
           7.0782e-01, 1.7538e-01],
          [6.9609e-01, 7.5727e-02, 7.1027e-01,  ..., 4.2356e-01,
           5.3325e-01, 2.9953e-01],
          ...,
          [7.9195e-01, 9.4657e-01, 7.6294e-01,  ..., 9.7295e-01,
           4.6067e-01, 5.3509e-01],
          [1.4973e-01, 7.3549e-01, 1.2996e-01,  ..., 5.8721e-01,
           1.6828e-01, 4.4716e-01],
          [8.4442e-01, 1.5061e-01, 1.8852e-01,  ..., 6.6732e-02,
           8.6439e-01, 5.5972e-01]]],


        [[[8.4937e-01, 8.7550e-01, 5.6132e-01,  ..., 1.5851e-01,
           4.6554e-01, 9.4523e-01],
          [2.5349e-01, 2.8025e-01, 9.6198e-01,  ..., 5.8982e-01,
           2.9673e-01, 3.1163e-01],
          [6.2051e-01, 8.0580e-03, 1.7989e-01,  ..., 5.8943e-01,
           4.9674e-01, 9.8668e-01],
          ...,
          [7.4788e-01, 5.4798e-01, 6.3205e-01,  ..., 4.8890e-01,
           5.1384e-01, 7.1532e-01],
          [1.9247e-01, 5.8366e-02, 8.0149e-01,  ..., 9.7030e-01,
           2.1921e-01, 7.8901e-01],
          [4.8530e-01, 3.3483e-01, 2.6462e-01,  ..., 8.6096e-01,
           9.7007e-01, 4.8195e-01]],

         [[7.4853e-01, 9.2071e-01, 6.6088e-01,  ..., 5.5234e-01,
           7.4460e-01, 4.3770e-01],
          [9.8759e-01, 2.6111e-02, 5.4987e-02,  ..., 4.7005e-01,
           8.6703e-01, 9.7149e-01],
          [9.3166e-01, 9.3457e-01, 5.6791e-01,  ..., 9.7423e-01,
           3.5927e-01, 8.6933e-01],
          ...,
          [5.8818e-02, 1.6566e-01, 3.5305e-01,  ..., 4.9498e-01,
           7.6740e-03, 3.4394e-01],
          [2.6155e-01, 7.0523e-01, 5.3729e-01,  ..., 1.0695e-01,
           5.6665e-01, 8.5805e-01],
          [1.3364e-01, 7.2091e-01, 1.8857e-01,  ..., 9.2319e-01,
           1.9280e-01, 8.6425e-01]],

         [[9.8149e-01, 1.9803e-01, 3.8239e-01,  ..., 2.6177e-01,
           6.8520e-01, 4.6198e-01],
          [1.5336e-01, 4.0916e-01, 7.5487e-01,  ..., 2.7494e-01,
           6.7811e-01, 9.7813e-01],
          [3.5636e-01, 8.7484e-01, 3.8917e-02,  ..., 1.0709e-01,
           6.8231e-01, 8.2531e-01],
          ...,
          [7.4792e-01, 9.8335e-01, 8.0850e-01,  ..., 1.6588e-01,
           4.0542e-02, 7.9379e-01],
          [5.4908e-01, 8.4020e-02, 2.4795e-01,  ..., 7.2193e-01,
           7.0583e-01, 9.8881e-01],
          [9.1617e-01, 9.2589e-02, 5.5550e-01,  ..., 1.2718e-01,
           5.3996e-01, 5.0877e-01]],

         ...,

         [[1.0589e-01, 8.9625e-01, 7.9986e-01,  ..., 2.2561e-01,
           9.3699e-01, 5.8032e-01],
          [5.8615e-02, 2.2849e-01, 2.4645e-01,  ..., 8.5268e-01,
           2.9555e-01, 2.0255e-01],
          [4.0585e-01, 3.8451e-01, 6.7711e-01,  ..., 4.8691e-01,
           9.3641e-01, 6.6701e-01],
          ...,
          [9.3459e-01, 7.7663e-01, 3.0959e-01,  ..., 7.8411e-02,
           6.3913e-01, 5.2650e-01],
          [9.6002e-01, 7.1177e-02, 3.7387e-01,  ..., 3.7645e-01,
           8.0384e-01, 2.1040e-01],
          [4.1794e-01, 6.1817e-01, 6.3784e-03,  ..., 4.5958e-01,
           1.1048e-01, 8.7090e-01]],

         [[8.6780e-01, 9.2457e-02, 1.0195e-01,  ..., 2.5715e-01,
           1.1855e-01, 8.3319e-01],
          [9.2827e-01, 2.6485e-02, 3.7920e-01,  ..., 4.7925e-01,
           6.4322e-01, 6.5263e-01],
          [1.6072e-01, 8.2815e-01, 8.0219e-02,  ..., 4.8934e-01,
           5.1310e-01, 5.1097e-01],
          ...,
          [8.5157e-01, 5.3034e-01, 6.4014e-01,  ..., 9.2128e-01,
           3.8287e-01, 5.6468e-01],
          [1.6446e-01, 4.7826e-01, 5.8299e-02,  ..., 5.1998e-01,
           5.9347e-01, 9.3930e-01],
          [8.6734e-01, 8.0790e-01, 9.6401e-01,  ..., 2.5463e-01,
           8.7475e-01, 1.1357e-01]],

         [[4.6053e-01, 5.3418e-01, 4.9617e-01,  ..., 6.9082e-01,
           1.8511e-01, 8.5897e-01],
          [1.9671e-01, 1.3892e-01, 4.9929e-01,  ..., 9.2469e-01,
           2.6980e-01, 1.3900e-01],
          [9.9265e-01, 2.6790e-01, 7.3899e-01,  ..., 1.8124e-01,
           4.1194e-01, 9.8518e-01],
          ...,
          [4.3219e-01, 9.9478e-01, 8.1996e-01,  ..., 7.8657e-01,
           3.0583e-01, 8.7789e-01],
          [4.8747e-01, 3.8801e-01, 4.2780e-01,  ..., 7.0179e-03,
           4.8968e-01, 3.3759e-01],
          [5.0973e-01, 7.7793e-01, 8.4832e-01,  ..., 2.8104e-01,
           1.1269e-01, 6.0708e-01]]],


        [[[8.0159e-01, 9.6173e-01, 2.6298e-01,  ..., 4.3458e-01,
           2.6347e-01, 2.5026e-01],
          [7.2522e-01, 2.8810e-01, 6.4513e-01,  ..., 5.7078e-01,
           4.9022e-01, 7.1702e-01],
          [3.8045e-01, 5.6987e-01, 1.7129e-01,  ..., 5.8793e-01,
           2.2225e-01, 6.2419e-01],
          ...,
          [9.4761e-01, 4.2517e-01, 2.5207e-02,  ..., 9.5573e-01,
           1.7476e-01, 1.2567e-01],
          [3.6871e-01, 7.0740e-01, 6.2076e-01,  ..., 5.1274e-03,
           5.5918e-01, 9.6361e-01],
          [6.6701e-01, 5.3092e-01, 3.9389e-01,  ..., 7.2361e-01,
           5.9647e-01, 5.0339e-01]],

         [[5.5268e-01, 3.9312e-01, 4.3338e-02,  ..., 5.8228e-01,
           4.9202e-01, 8.3195e-01],
          [9.6437e-01, 6.4455e-02, 9.9963e-01,  ..., 4.1601e-01,
           8.3408e-01, 6.4117e-01],
          [9.5936e-01, 8.3624e-01, 5.4408e-01,  ..., 3.8633e-01,
           6.3343e-01, 5.7381e-01],
          ...,
          [9.7855e-01, 9.7775e-01, 3.3899e-01,  ..., 9.0992e-01,
           2.5203e-01, 9.3604e-01],
          [9.8112e-01, 5.2296e-01, 5.1554e-01,  ..., 7.5219e-02,
           4.7185e-01, 4.3796e-01],
          [1.3547e-01, 5.0575e-01, 9.9414e-01,  ..., 2.6432e-01,
           2.1694e-01, 2.0130e-01]],

         [[3.4424e-01, 8.7455e-01, 5.8359e-01,  ..., 5.6161e-02,
           9.3780e-01, 7.7193e-01],
          [7.4155e-01, 1.1416e-01, 2.7390e-01,  ..., 6.2074e-01,
           2.6692e-01, 5.1849e-01],
          [9.1664e-01, 7.0643e-01, 8.7715e-01,  ..., 2.7947e-01,
           5.8906e-01, 3.8196e-01],
          ...,
          [5.8972e-01, 9.1508e-01, 1.6031e-01,  ..., 8.8642e-01,
           9.9113e-01, 2.8062e-01],
          [4.0367e-01, 1.7553e-01, 3.3151e-01,  ..., 2.3664e-01,
           6.6073e-01, 5.7783e-02],
          [5.1862e-01, 8.7203e-01, 6.1365e-01,  ..., 1.6304e-01,
           7.1993e-01, 8.4289e-01]],

         ...,

         [[6.6085e-01, 2.0651e-01, 7.9586e-01,  ..., 7.5183e-01,
           5.7635e-01, 7.2838e-01],
          [2.8632e-01, 5.0014e-01, 6.1423e-01,  ..., 4.6474e-01,
           8.4284e-01, 9.2917e-01],
          [9.3165e-02, 2.8925e-01, 1.9112e-01,  ..., 4.0235e-02,
           6.8486e-01, 5.1654e-02],
          ...,
          [5.7037e-01, 9.5311e-01, 4.0861e-01,  ..., 7.8321e-01,
           5.7302e-01, 7.0714e-01],
          [2.2874e-01, 6.8452e-01, 6.0978e-01,  ..., 6.6659e-03,
           1.8209e-02, 5.0331e-01],
          [1.0004e-01, 7.6862e-02, 3.3482e-01,  ..., 7.4521e-01,
           6.7974e-01, 4.9589e-01]],

         [[5.5711e-01, 1.5163e-01, 3.6464e-01,  ..., 9.1161e-01,
           9.3172e-01, 6.5752e-01],
          [1.5860e-01, 5.2757e-01, 6.8041e-01,  ..., 3.4071e-02,
           1.1574e-01, 9.4986e-01],
          [7.7796e-01, 4.0559e-01, 1.6341e-01,  ..., 9.4325e-01,
           5.5176e-01, 8.2283e-01],
          ...,
          [8.1621e-01, 3.0340e-01, 6.4902e-01,  ..., 1.3774e-01,
           4.6122e-01, 5.6932e-01],
          [8.6653e-01, 7.2174e-01, 8.3062e-01,  ..., 2.6884e-01,
           8.9650e-01, 2.6635e-01],
          [4.4614e-01, 6.1062e-01, 2.6750e-01,  ..., 1.7232e-01,
           1.9742e-01, 4.7713e-01]],

         [[8.8193e-01, 8.8361e-01, 5.4123e-01,  ..., 9.6527e-01,
           8.1868e-01, 6.6522e-01],
          [9.6727e-01, 8.7932e-01, 9.8960e-01,  ..., 1.1620e-02,
           4.5904e-02, 2.2332e-01],
          [3.9377e-01, 7.5591e-01, 5.7590e-01,  ..., 3.2899e-01,
           8.3898e-01, 3.9316e-01],
          ...,
          [5.8376e-01, 8.1551e-02, 9.5704e-01,  ..., 5.0869e-01,
           4.6296e-01, 1.0755e-01],
          [9.0577e-01, 9.4246e-01, 5.8363e-01,  ..., 8.0872e-01,
           2.8333e-01, 6.2292e-01],
          [6.8538e-01, 3.1061e-01, 8.8596e-01,  ..., 6.2070e-01,
           1.2820e-01, 6.6875e-01]]],


        ...,


        [[[6.3930e-01, 5.2728e-01, 7.5865e-01,  ..., 8.0179e-01,
           3.5295e-01, 2.1960e-01],
          [6.3059e-01, 5.9933e-01, 4.4807e-01,  ..., 6.6079e-01,
           8.1014e-01, 8.4125e-03],
          [2.4806e-01, 8.9902e-01, 6.4265e-02,  ..., 5.8398e-01,
           8.6284e-01, 1.9420e-01],
          ...,
          [1.3459e-01, 3.1575e-01, 8.2718e-01,  ..., 9.5218e-01,
           3.0397e-01, 6.9712e-01],
          [9.4510e-01, 8.0808e-01, 7.2899e-01,  ..., 9.6121e-01,
           5.1658e-01, 5.5361e-01],
          [1.3424e-01, 2.4764e-01, 5.2812e-01,  ..., 2.6287e-01,
           7.6498e-02, 2.9043e-01]],

         [[9.2917e-01, 4.2806e-01, 2.0458e-01,  ..., 5.2295e-01,
           6.7757e-01, 6.2415e-01],
          [4.9327e-01, 5.5066e-01, 1.7980e-01,  ..., 1.1439e-01,
           5.2076e-01, 1.4337e-01],
          [8.9116e-01, 5.5746e-02, 1.8815e-01,  ..., 6.5217e-01,
           2.0764e-01, 7.5393e-01],
          ...,
          [7.1258e-01, 1.7606e-01, 7.9321e-02,  ..., 8.7141e-01,
           5.9097e-01, 6.8411e-01],
          [9.9547e-01, 4.7685e-01, 7.0006e-02,  ..., 5.9095e-01,
           3.7855e-01, 1.2757e-01],
          [1.3586e-01, 3.7350e-02, 4.0503e-01,  ..., 8.4301e-01,
           4.7129e-01, 4.5049e-01]],

         [[3.9201e-01, 1.1611e-01, 9.5124e-01,  ..., 8.8389e-01,
           5.0511e-01, 5.0944e-01],
          [2.7788e-02, 9.1711e-01, 3.4476e-01,  ..., 7.9096e-01,
           6.7248e-01, 5.6949e-01],
          [5.0819e-01, 6.3672e-01, 1.9691e-01,  ..., 2.7652e-01,
           9.1529e-01, 2.9156e-01],
          ...,
          [9.6332e-01, 7.9850e-01, 2.4199e-01,  ..., 8.0931e-01,
           4.9972e-01, 1.8234e-01],
          [9.5324e-01, 6.0955e-02, 1.9800e-01,  ..., 2.2172e-01,
           4.9829e-01, 8.8120e-01],
          [3.9554e-01, 9.0863e-01, 7.9453e-02,  ..., 4.2883e-01,
           5.6217e-01, 5.0937e-01]],

         ...,

         [[9.5355e-01, 4.6514e-01, 8.1109e-01,  ..., 6.1663e-01,
           8.5793e-01, 5.1648e-02],
          [6.1387e-01, 9.4340e-01, 4.5023e-01,  ..., 8.4549e-01,
           5.7649e-01, 2.7608e-01],
          [6.2365e-01, 3.0753e-01, 2.0407e-02,  ..., 3.8624e-01,
           1.4079e-01, 7.9011e-02],
          ...,
          [3.9271e-01, 6.9343e-01, 6.2325e-01,  ..., 6.9526e-01,
           3.2820e-01, 1.3911e-01],
          [8.4684e-01, 9.5675e-01, 2.4048e-01,  ..., 6.9682e-01,
           7.3206e-01, 1.4098e-01],
          [7.9739e-01, 8.7808e-01, 4.6506e-01,  ..., 7.0106e-01,
           4.4729e-01, 6.0995e-01]],

         [[8.6090e-01, 4.5977e-01, 1.1523e-01,  ..., 1.1363e-01,
           7.8858e-01, 8.6310e-01],
          [7.9297e-01, 8.8485e-01, 7.0929e-01,  ..., 2.2603e-01,
           6.5056e-01, 5.2171e-01],
          [9.1947e-01, 3.4045e-01, 1.0846e-01,  ..., 2.5947e-01,
           6.8164e-01, 6.4979e-01],
          ...,
          [4.0732e-01, 8.5499e-01, 9.8156e-01,  ..., 5.4846e-01,
           5.2353e-01, 9.2011e-01],
          [8.8177e-02, 9.2119e-02, 2.9267e-01,  ..., 7.2652e-01,
           6.8958e-01, 1.9036e-01],
          [4.4908e-01, 5.6284e-01, 4.4175e-01,  ..., 8.8455e-01,
           8.3082e-01, 4.1917e-01]],

         [[8.7624e-01, 4.7390e-01, 4.5268e-01,  ..., 7.2225e-01,
           6.1817e-02, 4.7888e-01],
          [8.6289e-01, 6.6074e-01, 1.6605e-02,  ..., 9.8829e-01,
           3.5827e-01, 3.6110e-01],
          [7.1631e-01, 5.0266e-02, 9.8763e-01,  ..., 2.4071e-01,
           2.6731e-01, 9.4801e-01],
          ...,
          [2.0709e-01, 2.0475e-01, 9.3618e-01,  ..., 4.6079e-01,
           5.3955e-01, 1.5537e-01],
          [1.7302e-02, 4.0049e-01, 7.6768e-01,  ..., 5.6776e-01,
           8.2837e-01, 6.7621e-01],
          [4.2392e-01, 1.1728e-01, 4.3869e-01,  ..., 6.7543e-01,
           7.0701e-01, 1.6115e-01]]],


        [[[7.0364e-02, 3.0099e-01, 8.0029e-01,  ..., 4.9137e-01,
           9.0786e-01, 1.5099e-01],
          [2.8272e-01, 1.5810e-01, 1.5064e-01,  ..., 4.3560e-01,
           9.1707e-01, 5.2531e-02],
          [6.0208e-01, 2.1277e-01, 5.9893e-01,  ..., 6.0732e-02,
           2.0931e-01, 4.9012e-01],
          ...,
          [2.7832e-02, 2.6017e-01, 2.4129e-01,  ..., 2.2675e-01,
           1.7213e-01, 4.4257e-01],
          [3.1177e-01, 1.8193e-01, 1.4841e-01,  ..., 2.8681e-01,
           8.9790e-01, 8.3578e-01],
          [1.8823e-01, 3.1704e-01, 1.8572e-01,  ..., 1.0975e-01,
           7.0257e-01, 8.6830e-01]],

         [[3.5253e-01, 1.2288e-01, 9.9081e-01,  ..., 4.8379e-01,
           4.6535e-01, 2.8752e-01],
          [5.7679e-01, 4.2035e-01, 4.4741e-02,  ..., 7.6391e-01,
           4.6336e-01, 1.1589e-01],
          [1.2044e-01, 1.9811e-01, 6.7465e-01,  ..., 2.0703e-01,
           4.1767e-01, 4.9819e-01],
          ...,
          [9.8990e-01, 3.1728e-01, 1.5230e-01,  ..., 2.5803e-01,
           6.4192e-01, 8.7294e-01],
          [3.0203e-01, 6.7603e-01, 9.9240e-02,  ..., 8.6458e-01,
           3.6422e-01, 4.4526e-01],
          [3.9523e-01, 3.6732e-01, 5.0766e-01,  ..., 4.0290e-01,
           1.1431e-01, 3.6286e-01]],

         [[1.8236e-01, 5.5392e-01, 5.6411e-01,  ..., 9.9615e-01,
           9.0900e-01, 7.6197e-01],
          [9.4593e-01, 7.3640e-01, 1.3293e-01,  ..., 3.5043e-02,
           1.6175e-01, 2.8777e-01],
          [8.1917e-01, 4.4941e-01, 4.4923e-01,  ..., 8.8924e-01,
           2.8925e-01, 9.5093e-01],
          ...,
          [3.7038e-01, 7.4668e-01, 1.8398e-01,  ..., 9.5146e-01,
           2.3139e-01, 6.0281e-02],
          [2.1137e-01, 7.0085e-01, 4.0607e-01,  ..., 2.8837e-01,
           9.4936e-01, 4.5386e-01],
          [6.1441e-01, 7.2115e-01, 8.4560e-01,  ..., 3.3603e-01,
           7.6279e-01, 2.6775e-02]],

         ...,

         [[1.1293e-02, 8.2126e-01, 4.0217e-01,  ..., 3.3243e-01,
           9.9363e-02, 9.9413e-01],
          [9.1307e-01, 1.1826e-01, 1.8772e-01,  ..., 7.9719e-01,
           2.6526e-01, 6.6909e-02],
          [1.4967e-01, 9.2832e-01, 3.0606e-01,  ..., 1.4464e-01,
           3.8592e-01, 8.7312e-01],
          ...,
          [6.4123e-01, 5.1499e-01, 3.0237e-01,  ..., 9.1245e-01,
           2.2343e-01, 2.2217e-01],
          [5.4537e-01, 2.0227e-01, 3.6626e-01,  ..., 7.4610e-01,
           7.6723e-01, 4.3129e-01],
          [4.2450e-01, 6.8765e-02, 7.9844e-01,  ..., 1.9010e-01,
           3.2867e-01, 7.0269e-01]],

         [[6.8239e-01, 1.0518e-01, 5.6301e-01,  ..., 4.0487e-01,
           8.1454e-01, 8.8037e-02],
          [8.6967e-01, 4.5213e-01, 2.7577e-01,  ..., 1.8220e-01,
           1.5465e-01, 1.6682e-01],
          [6.6018e-04, 4.5905e-01, 9.2053e-01,  ..., 7.9185e-01,
           1.2793e-01, 8.2152e-02],
          ...,
          [8.0349e-01, 1.9486e-01, 5.0260e-01,  ..., 2.3894e-01,
           7.7483e-01, 2.3954e-01],
          [5.8733e-01, 1.5407e-01, 1.9421e-01,  ..., 6.4941e-01,
           9.0668e-01, 7.1474e-01],
          [2.8787e-01, 4.0988e-01, 8.5742e-01,  ..., 7.8349e-01,
           8.3276e-01, 6.8096e-01]],

         [[7.9501e-01, 6.2773e-01, 5.8828e-01,  ..., 5.7633e-01,
           3.7061e-02, 2.7002e-01],
          [3.5765e-01, 5.3091e-01, 3.4875e-02,  ..., 3.8496e-01,
           9.5083e-01, 1.9045e-01],
          [8.3881e-01, 9.2812e-01, 2.0124e-01,  ..., 9.9148e-01,
           6.1583e-01, 8.3361e-01],
          ...,
          [1.6542e-02, 6.2187e-01, 5.8342e-01,  ..., 1.1882e-01,
           6.3657e-01, 3.2878e-03],
          [6.7228e-01, 9.4824e-01, 3.4435e-01,  ..., 5.7193e-01,
           6.4029e-01, 5.9662e-01],
          [3.0475e-01, 2.5299e-01, 6.3854e-01,  ..., 9.6355e-01,
           4.8732e-01, 2.0978e-01]]],


        [[[5.1211e-01, 6.6686e-01, 1.8514e-01,  ..., 7.9942e-01,
           7.8387e-01, 1.2694e-01],
          [2.1849e-01, 5.2627e-01, 2.9258e-02,  ..., 3.6088e-01,
           2.6346e-01, 7.1964e-01],
          [3.9438e-01, 9.5351e-01, 1.8976e-01,  ..., 3.8330e-01,
           1.3358e-02, 7.1838e-01],
          ...,
          [9.3109e-01, 4.3144e-01, 1.5213e-01,  ..., 4.3556e-01,
           7.8336e-01, 7.9855e-01],
          [1.8215e-02, 6.8906e-01, 4.0753e-01,  ..., 4.4469e-01,
           9.1007e-01, 8.0449e-01],
          [7.2906e-01, 8.0848e-01, 2.5637e-02,  ..., 3.8685e-01,
           7.2034e-01, 2.0616e-01]],

         [[5.6477e-01, 6.9734e-01, 4.0424e-01,  ..., 7.6343e-01,
           1.9663e-01, 4.7990e-02],
          [7.1530e-01, 4.6270e-01, 5.3854e-01,  ..., 1.7609e-01,
           9.2046e-01, 9.3890e-01],
          [2.1930e-01, 3.0942e-01, 6.7774e-01,  ..., 2.5786e-01,
           4.0707e-01, 6.2443e-01],
          ...,
          [8.2649e-01, 8.8585e-01, 7.3130e-01,  ..., 8.1669e-01,
           5.7838e-01, 8.7189e-01],
          [9.9866e-01, 8.7700e-03, 1.4036e-01,  ..., 5.8981e-01,
           1.7970e-01, 7.4479e-02],
          [8.6429e-01, 1.9983e-01, 5.7310e-01,  ..., 2.9644e-01,
           4.3735e-01, 3.6361e-01]],

         [[4.4461e-01, 5.7909e-02, 5.0207e-01,  ..., 9.0612e-01,
           3.3331e-01, 9.9122e-01],
          [4.6605e-01, 6.2845e-01, 7.3135e-01,  ..., 8.2900e-03,
           1.2597e-01, 4.3137e-01],
          [2.4540e-01, 5.2993e-01, 7.2978e-01,  ..., 6.0669e-01,
           8.5565e-01, 1.0117e-01],
          ...,
          [9.6153e-01, 2.7143e-01, 2.0750e-01,  ..., 7.7838e-01,
           1.2138e-01, 6.8893e-01],
          [5.1941e-01, 7.2043e-01, 4.2194e-01,  ..., 5.0403e-01,
           1.2828e-01, 9.3216e-01],
          [1.4641e-02, 8.7275e-01, 2.2646e-01,  ..., 5.9954e-01,
           4.3319e-02, 9.7721e-01]],

         ...,

         [[9.7632e-01, 1.9218e-02, 7.6262e-01,  ..., 5.6242e-01,
           3.6279e-01, 8.0895e-01],
          [4.0659e-01, 6.1927e-01, 8.4496e-01,  ..., 4.2679e-01,
           2.2105e-02, 6.8240e-01],
          [2.6396e-01, 8.7040e-01, 3.6867e-01,  ..., 6.7299e-01,
           9.5814e-01, 1.1378e-01],
          ...,
          [8.6526e-01, 2.8873e-01, 3.8907e-01,  ..., 5.3019e-01,
           7.0317e-02, 7.6404e-01],
          [9.0544e-01, 9.2157e-01, 6.5608e-01,  ..., 1.4407e-01,
           5.1058e-01, 8.3914e-01],
          [4.8198e-03, 4.7691e-01, 4.6970e-01,  ..., 1.7581e-02,
           9.8177e-01, 8.3211e-01]],

         [[5.1611e-01, 7.2556e-01, 7.7404e-01,  ..., 4.8262e-01,
           1.5844e-01, 6.0276e-01],
          [2.0181e-01, 7.2219e-01, 8.9478e-02,  ..., 3.6513e-01,
           8.6899e-01, 3.1032e-02],
          [1.8075e-01, 3.8807e-01, 1.1928e-01,  ..., 3.6250e-01,
           4.0687e-01, 6.1594e-01],
          ...,
          [9.1167e-01, 2.2398e-01, 2.2490e-01,  ..., 5.1950e-01,
           9.9048e-01, 3.6513e-01],
          [8.8275e-01, 6.0341e-01, 8.2493e-01,  ..., 6.5967e-01,
           5.6983e-01, 8.6924e-01],
          [7.3435e-02, 8.1989e-02, 7.8761e-01,  ..., 6.6892e-01,
           3.5722e-01, 9.6352e-01]],

         [[4.4373e-01, 9.3839e-01, 5.8522e-01,  ..., 5.2318e-01,
           7.8455e-01, 5.0926e-01],
          [3.5560e-02, 4.9512e-01, 2.1086e-01,  ..., 1.9282e-01,
           6.1586e-01, 6.2667e-01],
          [3.8515e-01, 2.7137e-02, 4.2274e-01,  ..., 9.3783e-01,
           2.4041e-01, 1.5216e-01],
          ...,
          [1.3710e-01, 1.3166e-01, 6.8917e-01,  ..., 4.7157e-01,
           6.6676e-01, 5.5030e-01],
          [3.6012e-01, 7.3946e-01, 8.4771e-01,  ..., 9.9498e-02,
           2.1877e-02, 7.9257e-01],
          [1.8220e-01, 4.1129e-01, 1.2857e-01,  ..., 8.2108e-01,
           6.6259e-01, 4.8689e-01]]]])
