tensor([[[[3.4106e-01, 8.6444e-01, 3.1569e-01,  ..., 9.3905e-01,
           1.3917e-01, 6.4534e-01],
          [9.9650e-01, 6.0071e-01, 6.8455e-01,  ..., 6.7047e-01,
           4.3007e-01, 1.3635e-02],
          [9.8648e-01, 5.9434e-01, 2.3143e-01,  ..., 5.3126e-01,
           7.3566e-01, 4.1524e-01],
          ...,
          [1.5333e-01, 1.9257e-01, 8.9607e-01,  ..., 8.6284e-01,
           9.2703e-01, 5.9171e-01],
          [4.8238e-01, 7.2402e-01, 4.5044e-01,  ..., 6.9110e-01,
           1.4308e-01, 2.6867e-02],
          [4.2468e-01, 4.6016e-01, 3.4167e-01,  ..., 1.7956e-01,
           6.6851e-01, 6.0191e-01]],

         [[1.3977e-01, 6.9084e-01, 1.9565e-01,  ..., 4.2870e-01,
           7.4339e-01, 1.4262e-01],
          [3.7199e-01, 6.7979e-01, 1.6467e-01,  ..., 5.9286e-01,
           4.6296e-01, 1.4568e-01],
          [4.6069e-01, 7.0280e-01, 4.6571e-02,  ..., 1.1490e-01,
           9.9782e-01, 9.6854e-01],
          ...,
          [2.8535e-01, 3.2000e-01, 1.9208e-01,  ..., 4.0230e-01,
           9.1619e-01, 9.5649e-01],
          [7.2466e-01, 6.0828e-01, 2.0320e-01,  ..., 1.4062e-02,
           7.8906e-01, 3.0749e-02],
          [7.3230e-01, 1.3190e-01, 2.6751e-01,  ..., 3.7167e-01,
           1.0314e-01, 7.1343e-01]],

         [[3.8316e-01, 5.4386e-01, 3.8771e-01,  ..., 5.8783e-01,
           9.2702e-01, 1.9715e-01],
          [2.5576e-01, 4.3403e-01, 1.6977e-01,  ..., 5.0567e-01,
           6.3639e-02, 2.9288e-01],
          [9.2456e-01, 8.0349e-02, 5.8581e-01,  ..., 4.9921e-01,
           7.8602e-01, 1.3364e-01],
          ...,
          [6.9316e-01, 6.6775e-01, 1.1194e-01,  ..., 5.9650e-01,
           7.7406e-01, 6.5204e-01],
          [6.8480e-01, 2.7857e-01, 6.6787e-01,  ..., 3.5511e-02,
           1.5530e-01, 6.4063e-02],
          [7.2630e-01, 8.5935e-01, 2.9073e-01,  ..., 5.0225e-01,
           7.1622e-01, 7.9208e-01]],

         ...,

         [[4.4016e-01, 2.2703e-01, 4.4718e-01,  ..., 4.4611e-01,
           5.8867e-01, 1.4983e-01],
          [9.0091e-01, 8.5846e-01, 2.3766e-01,  ..., 1.8334e-01,
           9.2195e-01, 6.4815e-01],
          [8.9526e-01, 5.2300e-01, 4.6696e-01,  ..., 1.5990e-01,
           3.3188e-01, 5.6727e-01],
          ...,
          [2.0841e-01, 2.2849e-01, 3.8896e-01,  ..., 5.7506e-02,
           2.1479e-01, 8.1224e-01],
          [2.1457e-01, 5.0999e-01, 1.0656e-01,  ..., 4.6588e-02,
           7.9666e-01, 6.5722e-02],
          [4.5399e-02, 9.3170e-01, 6.0329e-01,  ..., 3.1993e-01,
           9.8641e-01, 2.4328e-01]],

         [[3.6551e-01, 5.0345e-01, 4.4620e-01,  ..., 3.0197e-01,
           8.9658e-01, 7.1620e-01],
          [7.3205e-01, 8.7238e-01, 3.5913e-01,  ..., 2.8662e-01,
           9.1438e-01, 6.4584e-01],
          [7.2800e-01, 3.9403e-01, 3.9366e-01,  ..., 7.9824e-01,
           4.2558e-01, 5.1875e-01],
          ...,
          [9.9987e-01, 3.6301e-01, 5.1322e-01,  ..., 5.2722e-01,
           3.2172e-01, 2.1562e-02],
          [7.5539e-01, 2.4143e-01, 5.9893e-01,  ..., 6.6437e-01,
           1.1536e-01, 6.1685e-01],
          [8.4167e-01, 4.2933e-01, 3.4738e-01,  ..., 7.2729e-01,
           7.4039e-01, 2.3395e-01]],

         [[1.4122e-01, 5.2050e-01, 3.2216e-01,  ..., 3.5055e-01,
           7.9786e-01, 1.3912e-01],
          [7.2146e-01, 5.9220e-01, 1.9782e-02,  ..., 2.5237e-02,
           2.9534e-01, 6.9218e-01],
          [4.9563e-01, 8.0935e-01, 6.8835e-01,  ..., 4.2821e-01,
           2.1989e-01, 6.9301e-01],
          ...,
          [4.6137e-01, 5.0745e-02, 4.4596e-01,  ..., 2.4788e-01,
           7.0313e-01, 7.6657e-01],
          [9.4727e-01, 9.3635e-01, 5.9042e-01,  ..., 7.1955e-01,
           1.2725e-01, 3.9885e-01],
          [4.0348e-01, 7.8810e-01, 8.0037e-01,  ..., 7.9746e-01,
           2.3524e-01, 4.1810e-02]]],


        [[[3.0505e-01, 2.9759e-01, 5.7033e-01,  ..., 2.4659e-01,
           7.0134e-01, 3.7440e-01],
          [2.1486e-01, 2.4515e-01, 7.3281e-01,  ..., 7.0539e-01,
           7.5539e-01, 4.9691e-01],
          [9.5668e-01, 1.7652e-01, 3.2432e-02,  ..., 1.0259e-01,
           7.2792e-01, 2.5426e-01],
          ...,
          [2.2558e-01, 4.3809e-01, 8.8611e-02,  ..., 6.7036e-01,
           6.9232e-02, 6.0105e-01],
          [9.5483e-01, 6.7065e-01, 7.7565e-01,  ..., 5.5864e-01,
           9.9897e-01, 9.7927e-01],
          [8.4813e-01, 3.5632e-02, 7.3880e-01,  ..., 5.9697e-01,
           1.0760e-01, 2.7213e-01]],

         [[6.6696e-01, 4.2946e-01, 6.9871e-01,  ..., 3.8190e-01,
           2.5907e-01, 3.2059e-03],
          [4.0214e-02, 3.6441e-01, 4.3848e-01,  ..., 9.7065e-01,
           5.5698e-01, 4.2366e-01],
          [2.9033e-01, 6.0716e-01, 5.2148e-01,  ..., 8.1411e-01,
           3.3708e-01, 4.4685e-01],
          ...,
          [5.8137e-01, 9.3261e-01, 8.9230e-01,  ..., 2.6228e-01,
           4.2883e-01, 2.4360e-01],
          [7.6351e-01, 4.2137e-01, 7.6752e-01,  ..., 5.6837e-01,
           6.9098e-01, 2.0994e-01],
          [9.3365e-01, 9.8927e-01, 7.1504e-01,  ..., 1.8727e-01,
           1.5994e-01, 3.1109e-01]],

         [[9.4384e-01, 2.6125e-01, 8.4241e-01,  ..., 5.7548e-01,
           9.4922e-01, 7.5521e-01],
          [6.1600e-01, 1.5391e-01, 1.1419e-02,  ..., 4.0864e-01,
           3.8494e-02, 3.7036e-01],
          [5.1060e-01, 2.7405e-02, 6.0430e-01,  ..., 1.3919e-01,
           6.5176e-01, 4.0167e-02],
          ...,
          [7.4515e-01, 4.6845e-01, 7.5715e-01,  ..., 9.4093e-02,
           5.0619e-01, 6.4254e-01],
          [3.5120e-01, 7.4797e-01, 3.2307e-01,  ..., 9.3200e-01,
           4.9458e-01, 5.9015e-01],
          [8.1573e-01, 1.0328e-01, 9.6113e-01,  ..., 4.0798e-01,
           8.7871e-01, 4.2425e-01]],

         ...,

         [[7.1798e-01, 7.7701e-02, 5.4496e-01,  ..., 5.8873e-01,
           4.7719e-02, 3.5242e-01],
          [7.1939e-01, 7.0875e-02, 5.4111e-01,  ..., 3.4826e-01,
           4.2483e-01, 4.2677e-01],
          [5.6635e-01, 9.2935e-01, 6.1562e-02,  ..., 8.0862e-01,
           7.2579e-02, 2.1907e-01],
          ...,
          [4.6264e-01, 8.2343e-01, 3.9038e-01,  ..., 7.4648e-01,
           5.7208e-01, 3.6530e-01],
          [8.2174e-01, 8.1597e-01, 4.6134e-01,  ..., 4.5381e-01,
           7.1866e-01, 5.9008e-01],
          [7.8751e-01, 2.5208e-01, 1.5292e-01,  ..., 4.5862e-01,
           1.3154e-01, 8.8809e-01]],

         [[7.9938e-01, 1.0517e-01, 6.6293e-01,  ..., 2.0451e-01,
           5.4671e-01, 2.3911e-01],
          [8.4662e-01, 4.8204e-01, 7.5405e-02,  ..., 1.7835e-01,
           1.3975e-01, 6.4600e-01],
          [4.6871e-01, 9.7110e-01, 4.5410e-01,  ..., 6.4994e-01,
           2.9856e-01, 5.8256e-01],
          ...,
          [2.1945e-01, 8.9086e-01, 6.8633e-01,  ..., 8.5062e-01,
           3.6446e-01, 9.1706e-01],
          [7.5789e-02, 2.5903e-01, 3.5579e-01,  ..., 4.6349e-01,
           6.9030e-01, 6.0489e-01],
          [7.7087e-01, 8.7250e-01, 8.7778e-01,  ..., 1.7591e-01,
           8.9679e-01, 9.8448e-01]],

         [[8.0536e-01, 8.1211e-01, 8.3131e-01,  ..., 1.9769e-01,
           5.4777e-01, 2.1956e-01],
          [9.4922e-01, 4.8513e-01, 4.9957e-01,  ..., 3.9113e-01,
           2.5430e-01, 2.2731e-01],
          [9.0910e-01, 9.5989e-01, 4.4469e-01,  ..., 8.9469e-01,
           3.0321e-01, 9.3874e-01],
          ...,
          [5.2224e-01, 2.5085e-01, 4.0060e-01,  ..., 8.1362e-01,
           1.0692e-01, 9.0156e-01],
          [7.5182e-01, 7.6504e-01, 1.8950e-01,  ..., 8.0708e-01,
           1.1121e-01, 8.5627e-01],
          [9.1457e-01, 7.1134e-01, 4.8289e-01,  ..., 9.9022e-02,
           6.2253e-01, 2.0865e-01]]],


        [[[5.1526e-01, 5.4066e-03, 3.0195e-01,  ..., 8.8599e-02,
           5.6166e-01, 8.7484e-03],
          [8.8393e-01, 2.7468e-01, 4.1618e-01,  ..., 1.2053e-01,
           6.3099e-01, 5.2583e-01],
          [7.6452e-01, 5.1491e-01, 7.0549e-01,  ..., 3.0809e-01,
           4.9973e-01, 6.4087e-01],
          ...,
          [9.6229e-01, 1.8139e-01, 3.7064e-01,  ..., 1.9594e-02,
           3.5996e-01, 1.7479e-02],
          [5.2004e-01, 2.3098e-01, 7.8197e-01,  ..., 4.6506e-01,
           4.6272e-03, 4.9514e-01],
          [4.4213e-02, 9.5501e-01, 5.7513e-01,  ..., 4.5661e-01,
           5.0438e-01, 7.9597e-01]],

         [[6.6195e-03, 9.3555e-02, 5.3790e-01,  ..., 2.4037e-01,
           1.4690e-01, 7.3766e-01],
          [8.1896e-01, 2.6739e-01, 3.3339e-01,  ..., 7.0700e-01,
           2.3991e-01, 4.9142e-01],
          [1.5814e-01, 1.7252e-01, 8.5767e-01,  ..., 5.1892e-01,
           2.0507e-01, 2.6017e-01],
          ...,
          [9.6887e-01, 4.5884e-01, 2.6677e-01,  ..., 9.7282e-01,
           8.8442e-01, 9.5663e-01],
          [2.3817e-01, 4.7553e-01, 4.5321e-01,  ..., 9.0847e-01,
           2.3673e-01, 6.3625e-01],
          [3.0574e-01, 1.9193e-01, 3.7751e-01,  ..., 5.0855e-01,
           1.2924e-01, 2.2351e-01]],

         [[7.6975e-01, 8.5105e-01, 4.0131e-01,  ..., 2.6051e-01,
           2.9335e-01, 3.9975e-01],
          [3.1988e-01, 5.5027e-01, 6.4830e-01,  ..., 2.6814e-01,
           3.6087e-01, 9.2972e-01],
          [3.8009e-01, 9.6229e-01, 5.5930e-01,  ..., 7.7152e-01,
           2.1261e-01, 3.9941e-01],
          ...,
          [6.5921e-01, 8.6583e-01, 1.0032e-01,  ..., 6.8143e-02,
           7.3913e-01, 4.4842e-02],
          [5.2360e-01, 7.2603e-01, 1.9453e-01,  ..., 1.8092e-01,
           2.7953e-01, 7.1113e-01],
          [6.0235e-01, 4.4321e-01, 4.9674e-01,  ..., 4.6485e-03,
           8.8221e-01, 2.5414e-01]],

         ...,

         [[4.8915e-01, 5.2478e-01, 9.4071e-01,  ..., 5.7878e-01,
           2.0360e-02, 2.7884e-01],
          [1.0494e-01, 4.4735e-01, 1.3916e-01,  ..., 3.3476e-01,
           8.1085e-01, 3.9233e-01],
          [2.1465e-01, 9.3234e-01, 2.4828e-01,  ..., 2.5251e-01,
           6.7263e-01, 7.6094e-01],
          ...,
          [1.0417e-01, 3.8090e-02, 8.0557e-01,  ..., 4.5229e-01,
           6.4852e-01, 1.2349e-01],
          [6.5138e-01, 1.3163e-01, 2.4806e-01,  ..., 7.4465e-01,
           9.9889e-01, 5.6186e-01],
          [3.5003e-01, 6.9595e-01, 5.3192e-01,  ..., 8.8552e-01,
           7.1781e-01, 5.2666e-01]],

         [[6.9544e-01, 7.9061e-01, 4.2724e-01,  ..., 1.9602e-01,
           5.4993e-01, 1.8516e-01],
          [9.9327e-01, 4.8919e-01, 5.7323e-01,  ..., 7.7892e-01,
           5.9570e-02, 1.9402e-02],
          [8.9014e-02, 6.2110e-02, 1.0430e-01,  ..., 7.4523e-01,
           9.5795e-01, 6.5719e-01],
          ...,
          [1.9370e-02, 7.3628e-01, 1.2037e-01,  ..., 5.3674e-01,
           8.6287e-01, 4.8279e-01],
          [6.3333e-01, 2.6313e-01, 2.2005e-01,  ..., 6.9130e-01,
           2.7374e-01, 5.9661e-01],
          [4.3959e-01, 1.2131e-01, 8.7802e-01,  ..., 1.6021e-01,
           6.2556e-01, 6.5974e-01]],

         [[5.6471e-01, 8.5087e-01, 8.4700e-01,  ..., 2.2286e-01,
           7.9594e-01, 6.3158e-01],
          [7.6447e-01, 4.4977e-01, 8.9754e-01,  ..., 9.1742e-01,
           3.9534e-01, 7.1960e-01],
          [2.0586e-01, 4.2391e-02, 5.4772e-01,  ..., 8.7122e-01,
           8.3569e-01, 2.2975e-01],
          ...,
          [6.5987e-01, 1.7273e-01, 2.1541e-02,  ..., 1.6046e-01,
           4.6024e-01, 6.0691e-01],
          [5.6552e-01, 5.9306e-01, 1.0118e-01,  ..., 4.4804e-01,
           2.2846e-01, 5.9103e-01],
          [6.0294e-01, 3.6035e-02, 4.8098e-01,  ..., 3.9568e-01,
           9.0712e-01, 5.4567e-01]]],


        ...,


        [[[3.4804e-01, 7.2439e-01, 2.6929e-01,  ..., 9.8569e-01,
           2.6270e-01, 9.1722e-01],
          [1.1029e-01, 6.1612e-01, 2.2442e-01,  ..., 4.0744e-01,
           8.4500e-01, 5.1226e-01],
          [5.6237e-01, 2.6507e-01, 4.3991e-01,  ..., 3.4769e-01,
           7.9223e-01, 3.2175e-04],
          ...,
          [7.0119e-01, 5.8640e-01, 6.3341e-01,  ..., 1.1744e-01,
           1.2614e-02, 8.3138e-01],
          [3.8163e-01, 6.7614e-01, 4.9476e-01,  ..., 4.2016e-02,
           7.9679e-01, 8.0983e-01],
          [4.4767e-01, 2.4755e-01, 6.8965e-01,  ..., 6.7806e-01,
           9.8952e-01, 4.7564e-01]],

         [[4.1377e-01, 5.9991e-01, 7.6542e-01,  ..., 1.3120e-01,
           4.5857e-01, 7.0344e-01],
          [6.3548e-01, 7.6458e-01, 4.6958e-01,  ..., 6.5802e-01,
           8.3891e-01, 9.6900e-01],
          [3.6981e-01, 1.4977e-01, 6.9752e-01,  ..., 5.6701e-01,
           1.5975e-01, 2.5652e-01],
          ...,
          [1.5050e-01, 3.0811e-01, 7.6111e-01,  ..., 9.9996e-01,
           6.9584e-01, 6.6270e-01],
          [4.3916e-01, 4.9221e-01, 3.3721e-01,  ..., 6.1248e-01,
           1.1811e-01, 8.4988e-01],
          [8.4312e-01, 2.1189e-01, 2.9110e-01,  ..., 5.7148e-01,
           3.5960e-02, 5.8544e-01]],

         [[3.4679e-01, 5.2453e-01, 3.6848e-02,  ..., 9.2569e-01,
           9.1318e-01, 7.8805e-01],
          [9.3803e-01, 4.9126e-01, 2.7748e-01,  ..., 5.5219e-01,
           3.0100e-01, 2.0676e-01],
          [2.1711e-01, 5.2118e-04, 9.4249e-01,  ..., 1.4371e-01,
           4.1267e-01, 8.0378e-01],
          ...,
          [4.2730e-01, 4.5239e-02, 7.0422e-01,  ..., 2.7098e-01,
           9.0587e-01, 1.8223e-01],
          [3.8314e-01, 6.3438e-01, 4.7012e-01,  ..., 3.1357e-01,
           5.1214e-01, 9.4146e-01],
          [1.5641e-01, 5.1982e-02, 6.5936e-01,  ..., 2.7580e-02,
           8.4820e-01, 7.8294e-01]],

         ...,

         [[4.0518e-01, 6.7426e-01, 7.8324e-01,  ..., 7.2469e-01,
           2.9412e-02, 8.3205e-01],
          [4.1443e-01, 3.6166e-01, 1.4107e-01,  ..., 5.1951e-01,
           3.4453e-02, 9.3329e-01],
          [8.1776e-01, 9.3465e-02, 5.1760e-01,  ..., 7.3919e-02,
           1.2262e-01, 5.1960e-02],
          ...,
          [9.8417e-01, 6.1848e-01, 9.5466e-01,  ..., 9.1761e-01,
           5.4638e-01, 1.6040e-01],
          [3.9600e-01, 4.5371e-01, 6.4976e-01,  ..., 5.8551e-01,
           1.7706e-01, 5.1616e-01],
          [9.4146e-01, 9.0796e-01, 2.1057e-01,  ..., 5.6255e-01,
           3.3249e-01, 6.5884e-01]],

         [[1.5079e-01, 6.0904e-01, 7.1985e-01,  ..., 7.1026e-01,
           4.4816e-01, 7.1886e-01],
          [9.9237e-02, 1.1520e-01, 6.0594e-02,  ..., 1.9860e-01,
           2.9482e-01, 8.9440e-01],
          [7.6771e-01, 4.9763e-02, 2.3069e-01,  ..., 8.6877e-01,
           8.8627e-01, 4.9296e-01],
          ...,
          [6.3205e-01, 5.7143e-02, 6.4413e-01,  ..., 6.3713e-01,
           5.2595e-01, 7.9578e-01],
          [4.6478e-01, 8.6614e-01, 6.2003e-01,  ..., 5.1557e-01,
           2.8511e-01, 2.1309e-02],
          [3.0826e-01, 4.6750e-01, 7.2449e-02,  ..., 9.3864e-01,
           6.6430e-02, 8.6753e-01]],

         [[8.5326e-01, 3.6066e-02, 6.1480e-01,  ..., 9.7604e-01,
           5.2426e-01, 3.6134e-01],
          [8.9353e-01, 5.2075e-01, 9.6018e-01,  ..., 1.4593e-01,
           5.1223e-01, 2.8121e-01],
          [4.2855e-01, 2.6959e-01, 9.5310e-01,  ..., 2.4657e-01,
           8.6754e-01, 1.2191e-01],
          ...,
          [3.5825e-01, 5.0307e-01, 2.8668e-01,  ..., 4.2168e-01,
           9.1820e-01, 5.2561e-02],
          [6.1660e-01, 8.8897e-01, 4.5536e-01,  ..., 9.2990e-02,
           3.1950e-01, 5.1501e-01],
          [1.1133e-01, 9.6436e-02, 1.0659e-02,  ..., 4.5666e-01,
           2.6383e-01, 6.4782e-01]]],


        [[[6.2391e-02, 4.9938e-01, 1.4996e-01,  ..., 2.4192e-02,
           5.7425e-01, 7.5968e-01],
          [6.6018e-01, 6.4010e-02, 3.4348e-01,  ..., 5.5343e-01,
           3.3150e-01, 9.2505e-02],
          [8.7225e-04, 8.1830e-01, 3.8747e-01,  ..., 9.1972e-01,
           8.9217e-01, 2.7621e-01],
          ...,
          [1.9720e-01, 7.7388e-01, 3.5470e-02,  ..., 3.8141e-01,
           3.9166e-01, 9.7689e-01],
          [7.9885e-01, 8.2368e-01, 5.2170e-01,  ..., 3.8223e-01,
           9.9859e-01, 3.1856e-01],
          [6.0133e-01, 8.6949e-01, 3.3307e-01,  ..., 4.4240e-01,
           4.6096e-01, 3.9962e-01]],

         [[8.1489e-01, 1.6228e-01, 2.4671e-01,  ..., 1.3695e-01,
           6.6083e-01, 8.4944e-01],
          [5.6964e-02, 7.6358e-01, 7.8381e-01,  ..., 9.3850e-01,
           9.4858e-01, 9.9193e-01],
          [5.3281e-02, 9.0841e-01, 5.3901e-01,  ..., 4.4722e-01,
           8.8698e-01, 3.1553e-02],
          ...,
          [5.8198e-01, 6.0942e-01, 9.7832e-01,  ..., 5.7389e-01,
           7.0609e-01, 4.7664e-01],
          [7.0775e-01, 4.3269e-01, 4.6505e-01,  ..., 9.8232e-01,
           3.2596e-01, 5.0502e-01],
          [2.5026e-01, 1.1496e-01, 2.9340e-01,  ..., 4.0765e-02,
           9.9985e-01, 8.6816e-01]],

         [[3.9146e-01, 2.0838e-02, 9.3455e-02,  ..., 8.5219e-01,
           2.7697e-01, 1.6445e-01],
          [5.2885e-01, 7.2660e-01, 3.5476e-01,  ..., 3.1308e-01,
           3.3478e-03, 2.6248e-01],
          [6.0780e-01, 2.7637e-01, 5.0993e-01,  ..., 8.8585e-01,
           1.0583e-01, 4.2552e-01],
          ...,
          [7.0418e-01, 7.0911e-01, 3.4662e-01,  ..., 9.8171e-01,
           7.6071e-01, 6.9522e-01],
          [8.1954e-01, 9.1452e-01, 4.8413e-01,  ..., 6.2503e-01,
           5.7879e-01, 6.3999e-01],
          [3.5526e-01, 1.6277e-02, 3.3504e-01,  ..., 9.3982e-01,
           8.3431e-01, 6.7909e-01]],

         ...,

         [[3.4348e-01, 2.4787e-01, 3.9875e-01,  ..., 1.0374e-01,
           3.0082e-02, 6.0401e-01],
          [2.1635e-01, 8.5615e-01, 6.1803e-01,  ..., 7.6090e-01,
           7.7907e-01, 8.6716e-01],
          [5.6198e-01, 4.4766e-01, 1.1339e-01,  ..., 5.0963e-01,
           3.0021e-01, 9.7686e-03],
          ...,
          [4.4844e-01, 3.4013e-01, 3.0102e-01,  ..., 8.5696e-01,
           9.1007e-01, 2.0977e-01],
          [7.2090e-01, 4.0546e-01, 9.9768e-01,  ..., 9.6750e-01,
           8.8001e-01, 6.6803e-01],
          [2.8652e-02, 7.0876e-02, 7.3406e-01,  ..., 6.9189e-01,
           1.1863e-01, 5.3251e-01]],

         [[1.2731e-01, 5.4361e-02, 3.2643e-01,  ..., 5.6774e-01,
           4.4672e-01, 8.3235e-01],
          [3.8675e-01, 5.6988e-01, 4.8584e-01,  ..., 2.9539e-01,
           2.0393e-01, 1.2522e-01],
          [5.7689e-01, 8.5835e-01, 5.4580e-01,  ..., 4.2932e-01,
           2.9080e-03, 4.2034e-01],
          ...,
          [3.0713e-01, 6.2185e-01, 1.4210e-01,  ..., 4.7217e-01,
           5.7350e-01, 3.4540e-01],
          [1.3272e-01, 8.4981e-01, 1.5257e-01,  ..., 7.6921e-01,
           5.2937e-01, 6.2995e-01],
          [6.4012e-01, 2.6560e-01, 5.8794e-01,  ..., 2.7781e-01,
           4.0544e-02, 8.9579e-01]],

         [[8.2190e-01, 8.7809e-01, 5.5599e-01,  ..., 2.4194e-01,
           6.1697e-01, 3.2064e-01],
          [5.9920e-01, 7.7538e-01, 5.3957e-01,  ..., 4.3495e-01,
           8.4063e-01, 7.4947e-01],
          [7.1625e-01, 4.2311e-01, 5.2371e-01,  ..., 9.1837e-01,
           1.8360e-01, 2.3164e-01],
          ...,
          [1.9416e-01, 7.2303e-01, 7.9675e-01,  ..., 8.0306e-01,
           8.5232e-01, 6.2051e-01],
          [3.7235e-03, 6.4937e-01, 9.1824e-01,  ..., 8.1856e-01,
           1.1875e-01, 5.0476e-01],
          [8.6319e-01, 8.1325e-01, 2.7171e-01,  ..., 7.0023e-01,
           5.8056e-01, 1.2548e-01]]],


        [[[2.5226e-01, 4.8418e-01, 7.7504e-01,  ..., 7.5512e-02,
           6.2150e-01, 3.6985e-01],
          [9.9052e-01, 9.6600e-01, 5.1461e-01,  ..., 8.9870e-01,
           2.6721e-01, 4.3156e-01],
          [2.9677e-01, 4.9330e-01, 5.2648e-01,  ..., 4.8561e-01,
           6.0370e-02, 1.4222e-01],
          ...,
          [6.2581e-01, 6.3535e-01, 1.9255e-01,  ..., 3.8466e-01,
           4.2159e-01, 1.0322e-01],
          [4.0541e-01, 6.2761e-01, 6.6154e-01,  ..., 2.3683e-01,
           3.4676e-02, 7.8351e-01],
          [5.0114e-01, 3.6680e-01, 6.6672e-01,  ..., 3.8816e-01,
           7.9651e-01, 8.9464e-01]],

         [[9.6042e-01, 6.2654e-01, 1.4630e-01,  ..., 4.3843e-01,
           4.8539e-01, 9.0939e-01],
          [5.8968e-01, 4.9115e-01, 7.3774e-01,  ..., 8.5745e-01,
           5.3236e-01, 5.6151e-01],
          [1.1340e-01, 8.8645e-01, 7.9850e-02,  ..., 4.9493e-01,
           3.5202e-01, 9.4033e-01],
          ...,
          [6.4933e-01, 8.6180e-01, 5.6808e-01,  ..., 8.3557e-01,
           2.2810e-01, 3.1901e-01],
          [3.2983e-01, 2.3975e-01, 4.9917e-01,  ..., 5.1111e-01,
           3.9770e-01, 7.0001e-01],
          [2.4425e-01, 6.9547e-01, 9.7190e-02,  ..., 1.9295e-01,
           1.3337e-01, 8.2892e-01]],

         [[4.5476e-01, 1.3909e-02, 7.6815e-01,  ..., 6.7696e-01,
           4.4111e-01, 1.4000e-01],
          [4.0252e-01, 9.7839e-01, 8.6402e-01,  ..., 9.2361e-01,
           1.8962e-01, 1.3416e-01],
          [2.7527e-01, 6.5921e-01, 3.9544e-01,  ..., 4.2621e-01,
           4.5466e-01, 2.8246e-01],
          ...,
          [2.6535e-01, 5.8697e-01, 8.5924e-01,  ..., 8.1645e-02,
           3.5730e-01, 3.6830e-01],
          [6.4424e-01, 9.1380e-01, 4.3702e-01,  ..., 5.3347e-01,
           2.7653e-01, 1.3112e-02],
          [4.8145e-01, 7.4143e-01, 6.8888e-01,  ..., 4.5495e-02,
           7.7367e-01, 8.8118e-01]],

         ...,

         [[6.9295e-03, 5.6023e-01, 3.1249e-01,  ..., 1.1937e-01,
           7.9753e-01, 8.3276e-02],
          [2.3412e-01, 7.1912e-01, 3.0029e-01,  ..., 3.6612e-01,
           1.9471e-01, 1.4229e-01],
          [6.6248e-01, 4.9362e-01, 9.5301e-01,  ..., 2.4867e-01,
           9.9940e-01, 4.6055e-01],
          ...,
          [6.2285e-01, 1.9645e-01, 6.2758e-01,  ..., 5.2088e-01,
           7.4095e-01, 5.9839e-01],
          [1.9934e-01, 1.7994e-01, 5.6025e-01,  ..., 4.4978e-01,
           4.6431e-01, 3.7298e-01],
          [7.9511e-01, 2.6380e-01, 2.2800e-01,  ..., 4.6266e-01,
           6.8948e-02, 8.1459e-01]],

         [[5.5397e-01, 4.3982e-01, 1.1421e-01,  ..., 7.4845e-02,
           2.3338e-01, 9.8524e-01],
          [3.3654e-01, 7.7617e-01, 8.9229e-01,  ..., 9.2716e-01,
           4.7948e-01, 1.9892e-01],
          [7.3537e-01, 7.0725e-01, 5.5486e-01,  ..., 1.1875e-01,
           3.0640e-01, 7.7190e-01],
          ...,
          [6.6805e-01, 5.4442e-01, 2.0363e-01,  ..., 5.1853e-02,
           4.3155e-01, 8.9796e-01],
          [9.4552e-01, 9.8563e-01, 3.7542e-01,  ..., 1.8556e-01,
           4.5766e-01, 9.1078e-01],
          [4.1557e-01, 3.3511e-01, 7.9376e-01,  ..., 3.9468e-01,
           5.3175e-01, 6.2175e-02]],

         [[8.4921e-02, 8.1330e-01, 6.0638e-01,  ..., 6.0339e-02,
           1.5879e-01, 5.3993e-01],
          [3.4771e-01, 2.7965e-01, 6.2010e-01,  ..., 2.4330e-01,
           1.0809e-01, 4.8443e-01],
          [4.2551e-01, 2.3427e-01, 3.9977e-01,  ..., 2.8002e-01,
           7.1373e-01, 9.5043e-01],
          ...,
          [1.1771e-01, 1.0255e-01, 7.7199e-01,  ..., 5.0945e-01,
           3.2712e-01, 2.0480e-01],
          [3.9728e-01, 7.3157e-01, 6.5843e-01,  ..., 3.9975e-01,
           4.5584e-01, 5.8831e-01],
          [9.8519e-02, 9.2938e-01, 8.0428e-01,  ..., 2.7225e-01,
           2.2369e-01, 3.2428e-01]]]])
