tensor([[[[3.4663e-01, 6.5285e-01, 4.6993e-01,  ..., 8.5442e-01,
           3.0483e-01, 5.1270e-01],
          [6.4114e-01, 3.3234e-01, 6.1041e-01,  ..., 6.1966e-01,
           7.9541e-01, 2.4523e-01],
          [8.3448e-01, 3.1208e-01, 4.3668e-01,  ..., 4.1829e-01,
           2.3446e-01, 7.9807e-01],
          ...,
          [2.7531e-01, 9.4758e-01, 1.0992e-01,  ..., 9.3133e-01,
           6.1607e-01, 1.1440e-01],
          [9.2371e-01, 6.2965e-01, 6.2977e-01,  ..., 7.1535e-01,
           1.0268e-01, 7.5807e-01],
          [9.3404e-01, 2.3216e-01, 7.9619e-02,  ..., 3.6501e-01,
           2.7473e-01, 6.9927e-01]],

         [[9.6651e-01, 8.7129e-01, 1.2530e-01,  ..., 4.9499e-01,
           9.0291e-01, 6.8258e-01],
          [4.3251e-01, 1.4861e-01, 3.6670e-01,  ..., 6.6781e-01,
           9.0781e-01, 1.2385e-01],
          [3.2536e-01, 3.3893e-01, 5.4522e-01,  ..., 1.4807e-01,
           7.2021e-01, 3.9641e-02],
          ...,
          [5.5275e-01, 8.0235e-01, 5.2966e-01,  ..., 9.0591e-01,
           2.9040e-02, 5.7489e-01],
          [1.8237e-01, 3.5976e-01, 6.8492e-02,  ..., 8.6556e-01,
           2.6687e-01, 1.3037e-01],
          [3.6181e-01, 6.2932e-01, 8.0080e-01,  ..., 1.4539e-01,
           2.8002e-01, 6.1502e-01]],

         [[8.6220e-01, 9.7275e-01, 1.0136e-01,  ..., 9.1659e-01,
           5.4158e-01, 3.8994e-01],
          [8.0044e-01, 2.4209e-02, 2.5682e-01,  ..., 8.8411e-01,
           1.0424e-01, 2.5314e-01],
          [1.6769e-01, 8.3083e-01, 6.2413e-01,  ..., 6.5049e-01,
           4.4327e-01, 1.3163e-01],
          ...,
          [3.6922e-01, 6.7162e-01, 3.6470e-01,  ..., 9.9284e-02,
           6.6970e-01, 8.9652e-01],
          [3.5211e-01, 7.8830e-01, 9.9683e-01,  ..., 8.6094e-01,
           8.9978e-01, 2.2201e-02],
          [5.1399e-02, 1.6193e-02, 8.8351e-01,  ..., 5.0217e-01,
           5.8562e-01, 4.4475e-01]],

         ...,

         [[6.3250e-01, 7.4346e-01, 8.7678e-01,  ..., 6.7112e-01,
           2.7155e-02, 5.0863e-01],
          [3.6573e-01, 3.8553e-01, 5.5876e-01,  ..., 9.9844e-01,
           2.9263e-01, 5.4004e-01],
          [5.8657e-01, 9.0998e-01, 5.7733e-01,  ..., 2.2025e-01,
           1.1001e-01, 3.0521e-01],
          ...,
          [9.7111e-01, 5.4150e-01, 8.9213e-01,  ..., 3.4246e-02,
           7.0229e-01, 3.7217e-01],
          [5.1879e-02, 3.5179e-02, 8.4316e-01,  ..., 5.8026e-01,
           7.5894e-01, 9.6321e-02],
          [5.3627e-01, 2.8039e-01, 7.9154e-01,  ..., 4.3988e-01,
           4.7634e-01, 8.9350e-01]],

         [[3.5214e-01, 2.0562e-01, 1.8649e-01,  ..., 3.2087e-02,
           9.2205e-03, 5.6561e-01],
          [7.7256e-01, 7.9617e-01, 1.7312e-02,  ..., 6.3914e-02,
           1.0902e-01, 7.4805e-01],
          [2.1335e-02, 6.5072e-01, 5.8645e-01,  ..., 8.8637e-01,
           7.8945e-01, 3.8077e-01],
          ...,
          [6.8773e-01, 5.4363e-01, 7.9862e-01,  ..., 9.9065e-01,
           8.9668e-01, 3.4837e-01],
          [6.5226e-01, 8.1426e-01, 7.8030e-01,  ..., 2.8865e-01,
           8.7139e-01, 7.0470e-01],
          [5.0876e-01, 8.5941e-01, 2.7542e-01,  ..., 3.4664e-01,
           2.6248e-01, 3.9662e-01]],

         [[7.7006e-01, 9.6320e-01, 8.6074e-01,  ..., 7.1326e-01,
           3.7209e-01, 6.1548e-02],
          [3.9544e-01, 8.3597e-01, 8.1225e-01,  ..., 3.2301e-01,
           5.4258e-01, 6.2800e-01],
          [9.8437e-01, 9.2235e-01, 1.5041e-01,  ..., 4.2498e-01,
           6.0501e-01, 7.2034e-01],
          ...,
          [5.7272e-01, 6.4831e-01, 7.7510e-01,  ..., 9.0509e-01,
           2.1207e-01, 4.7492e-01],
          [6.1956e-01, 1.9530e-02, 3.1025e-01,  ..., 2.4654e-01,
           2.5090e-01, 8.3786e-01],
          [6.6190e-01, 4.8252e-01, 2.5840e-02,  ..., 5.9930e-01,
           1.7549e-01, 6.8806e-01]]],


        [[[1.9036e-01, 8.3014e-01, 3.3003e-01,  ..., 1.4755e-01,
           4.8430e-01, 2.4766e-01],
          [8.4351e-01, 4.8553e-01, 2.5828e-01,  ..., 6.0010e-01,
           3.9343e-01, 5.8760e-01],
          [4.6471e-01, 4.2079e-02, 4.1057e-01,  ..., 4.5960e-01,
           5.4755e-01, 5.8869e-01],
          ...,
          [6.7823e-01, 8.3464e-01, 7.1879e-01,  ..., 4.5640e-01,
           1.5348e-01, 4.1078e-01],
          [8.1977e-01, 7.5650e-01, 2.2781e-01,  ..., 4.6815e-01,
           9.8895e-02, 3.3603e-01],
          [8.7983e-01, 2.6402e-01, 5.5284e-01,  ..., 3.4976e-01,
           6.8340e-01, 9.8344e-01]],

         [[7.1287e-01, 6.3741e-01, 4.1394e-01,  ..., 9.9323e-01,
           3.8044e-01, 8.7956e-01],
          [2.8690e-01, 8.9049e-01, 2.9556e-01,  ..., 5.2172e-01,
           5.5038e-01, 4.1909e-01],
          [6.2456e-01, 1.9730e-01, 8.3393e-01,  ..., 1.4409e-01,
           9.8245e-01, 1.9144e-01],
          ...,
          [8.0448e-01, 2.3196e-01, 4.8635e-01,  ..., 8.6219e-01,
           7.1815e-01, 8.4168e-02],
          [7.9803e-02, 5.9313e-01, 8.0702e-01,  ..., 3.9283e-01,
           6.5184e-01, 6.3041e-01],
          [3.3122e-01, 9.0504e-01, 7.4034e-01,  ..., 3.4966e-02,
           9.1352e-01, 8.9242e-01]],

         [[7.3422e-01, 4.2439e-01, 9.1614e-01,  ..., 2.4208e-01,
           1.2222e-01, 2.7959e-01],
          [1.6665e-02, 8.2494e-01, 2.3895e-01,  ..., 4.3658e-01,
           1.8219e-01, 1.5854e-01],
          [9.7473e-01, 4.3088e-01, 9.6510e-01,  ..., 3.9101e-01,
           9.1905e-01, 6.4377e-01],
          ...,
          [8.4000e-01, 4.3507e-01, 4.2230e-01,  ..., 4.3058e-01,
           8.2633e-01, 8.7039e-02],
          [8.7880e-02, 6.5626e-01, 6.0255e-01,  ..., 6.4862e-01,
           6.6244e-01, 6.5986e-01],
          [7.9373e-01, 4.1701e-01, 5.4201e-01,  ..., 6.3108e-01,
           4.2488e-01, 1.2653e-01]],

         ...,

         [[7.4148e-02, 8.7163e-01, 1.0931e-01,  ..., 8.5740e-02,
           5.6803e-01, 2.6305e-01],
          [3.4665e-01, 1.9340e-01, 8.7877e-01,  ..., 4.5175e-01,
           4.4362e-01, 1.9300e-01],
          [1.6585e-01, 1.7072e-01, 4.6851e-01,  ..., 3.6302e-01,
           9.0228e-01, 8.8006e-01],
          ...,
          [9.5332e-01, 8.3095e-01, 8.4950e-01,  ..., 9.5778e-01,
           3.1087e-01, 4.2219e-02],
          [8.0144e-01, 1.8231e-01, 8.5448e-02,  ..., 2.0347e-01,
           7.0746e-01, 9.5198e-01],
          [9.9516e-01, 4.1784e-01, 2.6871e-01,  ..., 7.0817e-03,
           7.4365e-01, 6.0553e-01]],

         [[9.5590e-01, 1.1450e-01, 1.7312e-01,  ..., 6.3833e-01,
           2.9465e-01, 4.8219e-01],
          [8.8713e-01, 8.6936e-01, 4.4580e-02,  ..., 2.8900e-01,
           8.1115e-02, 5.8038e-01],
          [1.0253e-01, 6.9450e-02, 8.3561e-01,  ..., 1.0959e-01,
           2.2365e-01, 6.9375e-01],
          ...,
          [3.9989e-01, 7.6699e-01, 1.8953e-01,  ..., 4.0247e-01,
           5.9826e-01, 5.0135e-01],
          [7.5607e-01, 1.9333e-01, 9.0542e-01,  ..., 3.2909e-01,
           2.3835e-01, 2.0880e-01],
          [3.1881e-01, 6.8654e-01, 7.6931e-01,  ..., 3.1613e-01,
           2.0790e-01, 2.5772e-01]],

         [[8.0425e-02, 4.1069e-01, 5.2790e-01,  ..., 2.1767e-01,
           9.0758e-01, 5.4538e-02],
          [9.2423e-01, 5.6132e-01, 9.6792e-01,  ..., 7.7290e-01,
           1.8169e-01, 9.9394e-01],
          [6.8670e-01, 4.4830e-01, 5.4595e-01,  ..., 5.7655e-01,
           6.7174e-01, 5.6610e-02],
          ...,
          [1.6000e-02, 3.3470e-01, 6.1420e-01,  ..., 3.3542e-01,
           5.9293e-01, 7.9831e-01],
          [3.1034e-02, 9.0509e-01, 9.5835e-02,  ..., 1.7114e-01,
           2.4626e-02, 2.0749e-01],
          [7.8934e-02, 4.9478e-01, 9.4552e-01,  ..., 8.1503e-01,
           8.7086e-01, 1.6817e-01]]],


        [[[1.7522e-01, 9.4174e-01, 8.5925e-01,  ..., 3.2681e-01,
           3.1394e-01, 4.4423e-01],
          [2.0197e-01, 6.7643e-01, 6.4562e-01,  ..., 5.7260e-01,
           9.1726e-02, 7.7717e-01],
          [4.6746e-01, 3.5565e-01, 7.5760e-01,  ..., 1.3139e-02,
           3.8797e-01, 4.2637e-01],
          ...,
          [3.3396e-01, 9.1308e-02, 4.8410e-01,  ..., 9.8917e-01,
           1.5097e-01, 8.9267e-01],
          [9.9552e-01, 8.8130e-01, 9.5048e-01,  ..., 9.8309e-01,
           8.6725e-01, 3.1802e-01],
          [9.8809e-01, 5.5757e-01, 9.3945e-01,  ..., 2.5945e-01,
           9.9551e-02, 4.6222e-01]],

         [[7.0471e-01, 2.8365e-01, 9.4456e-01,  ..., 9.0520e-01,
           3.9108e-01, 9.0597e-01],
          [7.7375e-01, 7.8780e-01, 5.7532e-01,  ..., 6.7103e-01,
           7.5979e-02, 7.0058e-01],
          [4.5613e-01, 2.3842e-01, 6.1124e-01,  ..., 2.2198e-01,
           7.4398e-01, 8.7592e-01],
          ...,
          [5.4206e-01, 4.1086e-01, 7.2760e-01,  ..., 8.1199e-01,
           8.3940e-01, 9.3876e-01],
          [6.8349e-01, 9.3576e-01, 8.9013e-01,  ..., 4.9742e-01,
           9.6099e-02, 9.1824e-01],
          [9.3876e-01, 3.0226e-01, 8.8080e-01,  ..., 2.1217e-01,
           6.5657e-01, 9.1584e-01]],

         [[5.5799e-02, 2.9629e-01, 5.6526e-01,  ..., 5.4263e-01,
           4.5726e-02, 8.8398e-01],
          [8.9549e-01, 2.8459e-01, 4.4050e-01,  ..., 6.3089e-01,
           5.9398e-01, 1.3823e-01],
          [9.9085e-01, 7.6453e-01, 6.3342e-04,  ..., 2.6133e-01,
           7.9857e-01, 7.6146e-01],
          ...,
          [3.5671e-01, 4.2112e-01, 4.5915e-01,  ..., 9.4153e-01,
           5.7210e-01, 2.2368e-01],
          [6.9886e-02, 9.5952e-01, 8.6156e-01,  ..., 7.9788e-01,
           8.0909e-01, 7.7481e-02],
          [7.1931e-01, 9.4524e-01, 3.2640e-01,  ..., 5.8353e-01,
           1.4684e-01, 4.9304e-01]],

         ...,

         [[8.9590e-01, 3.6749e-01, 1.6502e-02,  ..., 3.1579e-01,
           1.0418e-02, 6.8554e-01],
          [4.1479e-01, 1.4170e-02, 7.8261e-01,  ..., 4.5334e-01,
           9.4230e-01, 7.8501e-02],
          [2.0417e-01, 3.7314e-01, 6.6305e-01,  ..., 3.9248e-02,
           5.0700e-01, 5.2402e-01],
          ...,
          [3.0148e-01, 8.9167e-02, 6.1672e-01,  ..., 5.9100e-01,
           3.1976e-01, 6.9960e-01],
          [3.3847e-01, 7.5776e-02, 2.7523e-01,  ..., 8.3957e-01,
           4.1295e-01, 8.5652e-02],
          [2.5007e-01, 5.5964e-01, 7.7618e-02,  ..., 1.6640e-01,
           4.6149e-02, 6.4452e-01]],

         [[7.4074e-01, 7.7529e-01, 9.1994e-01,  ..., 5.2518e-01,
           3.1730e-01, 8.0827e-01],
          [2.4532e-01, 1.0014e-01, 7.5728e-02,  ..., 7.1238e-01,
           5.9598e-01, 5.6476e-01],
          [1.0864e-01, 8.1309e-02, 2.1746e-01,  ..., 5.6896e-01,
           9.1879e-01, 5.1078e-02],
          ...,
          [2.5195e-01, 6.5985e-01, 2.1124e-01,  ..., 7.7311e-01,
           8.2145e-01, 6.6797e-01],
          [3.6071e-01, 3.6408e-01, 1.7363e-01,  ..., 5.7326e-01,
           2.1698e-01, 8.9603e-01],
          [9.4054e-02, 8.4182e-02, 1.8571e-02,  ..., 9.5485e-01,
           4.9018e-01, 7.9600e-01]],

         [[9.9075e-01, 8.1014e-01, 5.6345e-01,  ..., 5.5859e-01,
           7.8427e-01, 8.9604e-01],
          [7.5969e-01, 9.6049e-01, 7.7763e-01,  ..., 9.5527e-01,
           6.8705e-01, 2.4780e-01],
          [3.3397e-02, 5.0132e-01, 3.5150e-01,  ..., 7.3847e-01,
           6.0056e-01, 2.6103e-01],
          ...,
          [8.1462e-01, 1.2968e-01, 8.0191e-01,  ..., 6.7477e-02,
           8.6262e-01, 1.7303e-01],
          [6.8430e-01, 2.3219e-01, 5.3924e-01,  ..., 1.9367e-01,
           6.1954e-01, 7.3015e-01],
          [2.2799e-01, 4.8742e-01, 5.5184e-01,  ..., 6.9532e-01,
           7.4063e-01, 4.8541e-01]]],


        ...,


        [[[8.9346e-01, 6.3531e-01, 6.1062e-01,  ..., 3.2214e-01,
           5.5131e-01, 8.6562e-01],
          [6.3401e-01, 4.2536e-01, 8.6268e-01,  ..., 9.0953e-01,
           5.8832e-01, 7.7559e-01],
          [7.5292e-01, 5.7779e-01, 4.2577e-02,  ..., 7.7602e-01,
           3.1746e-01, 8.8029e-01],
          ...,
          [1.1166e-01, 3.1850e-01, 2.0063e-01,  ..., 5.7847e-01,
           9.9269e-01, 4.3580e-01],
          [3.0105e-01, 8.8959e-01, 1.7779e-01,  ..., 5.8881e-01,
           1.6815e-01, 8.5305e-01],
          [7.5882e-01, 4.2783e-01, 3.7948e-01,  ..., 8.3600e-01,
           9.0268e-01, 4.5280e-02]],

         [[4.7251e-01, 2.9229e-01, 8.5523e-01,  ..., 9.4410e-01,
           9.3296e-01, 6.0201e-01],
          [6.7771e-01, 5.2609e-01, 6.2353e-01,  ..., 2.5307e-01,
           5.6826e-01, 8.1268e-01],
          [9.4660e-01, 3.6293e-01, 5.3051e-01,  ..., 6.8066e-01,
           2.1213e-02, 9.8514e-01],
          ...,
          [3.1502e-01, 6.8653e-01, 3.1717e-01,  ..., 8.9585e-01,
           3.0038e-01, 7.7229e-01],
          [7.3222e-01, 2.7669e-01, 4.8121e-01,  ..., 9.2777e-01,
           1.2409e-01, 8.1965e-01],
          [7.1108e-01, 8.4763e-01, 6.7923e-01,  ..., 8.9313e-01,
           9.8371e-01, 2.7015e-01]],

         [[8.0042e-01, 5.8585e-01, 4.5305e-01,  ..., 8.5486e-02,
           8.8111e-01, 6.2068e-01],
          [3.4291e-01, 9.6164e-01, 5.4550e-01,  ..., 9.1877e-01,
           2.6749e-01, 3.6822e-01],
          [9.7212e-01, 5.9824e-01, 8.6363e-01,  ..., 7.7224e-01,
           4.3654e-01, 7.8238e-01],
          ...,
          [7.0754e-01, 3.3921e-01, 4.3814e-01,  ..., 3.9503e-01,
           5.8237e-01, 5.6040e-01],
          [2.6094e-01, 9.7631e-01, 6.7542e-01,  ..., 9.0960e-01,
           3.9769e-01, 1.4594e-01],
          [3.9979e-01, 8.6354e-01, 7.1103e-01,  ..., 1.8785e-01,
           8.2192e-03, 1.1673e-01]],

         ...,

         [[7.0454e-01, 9.7564e-01, 5.5192e-02,  ..., 3.2149e-01,
           9.0168e-01, 7.0502e-01],
          [7.9485e-01, 8.1935e-01, 7.1315e-01,  ..., 8.8570e-01,
           3.2546e-01, 7.9731e-01],
          [3.3970e-01, 9.7657e-01, 5.5138e-01,  ..., 2.0839e-01,
           1.8398e-01, 2.5671e-01],
          ...,
          [3.8343e-01, 1.4184e-01, 4.2946e-01,  ..., 2.4836e-01,
           6.6904e-01, 9.6056e-01],
          [7.2651e-02, 8.3199e-01, 9.2358e-01,  ..., 7.7501e-01,
           4.2166e-01, 1.9560e-01],
          [1.1528e-01, 5.2190e-01, 8.6895e-01,  ..., 3.5260e-01,
           7.7512e-01, 5.4317e-01]],

         [[4.6333e-01, 7.6723e-01, 5.7728e-02,  ..., 2.8047e-01,
           7.9215e-01, 9.4303e-02],
          [2.3201e-01, 5.0054e-01, 3.8189e-01,  ..., 1.0704e-01,
           4.6064e-01, 5.0176e-01],
          [9.1764e-02, 7.1967e-01, 4.1452e-01,  ..., 6.8438e-02,
           1.9164e-01, 8.2949e-01],
          ...,
          [1.7513e-01, 6.2066e-01, 5.5469e-01,  ..., 8.0062e-01,
           4.4139e-01, 8.1922e-01],
          [9.8498e-01, 5.3818e-01, 9.7801e-01,  ..., 6.1419e-01,
           7.8283e-01, 9.7161e-02],
          [8.8014e-01, 3.7616e-02, 8.2949e-01,  ..., 8.3214e-01,
           2.1130e-01, 7.0319e-01]],

         [[1.8261e-01, 7.7636e-01, 9.6877e-01,  ..., 3.4736e-01,
           9.7385e-01, 5.1907e-01],
          [7.5732e-01, 9.5629e-01, 2.2683e-01,  ..., 8.7314e-01,
           5.8854e-01, 8.9849e-01],
          [7.1489e-01, 2.8800e-01, 1.1850e-01,  ..., 8.3933e-01,
           3.4404e-01, 2.2848e-01],
          ...,
          [8.2770e-01, 1.1157e-02, 3.4511e-01,  ..., 9.2735e-01,
           8.7402e-01, 3.4042e-02],
          [1.5181e-02, 8.7807e-01, 4.1700e-01,  ..., 1.9373e-01,
           4.6817e-01, 1.5769e-01],
          [1.2967e-01, 5.7867e-01, 3.2719e-01,  ..., 1.1612e-01,
           1.6710e-01, 3.9972e-01]]],


        [[[8.1233e-01, 7.8572e-01, 9.4487e-01,  ..., 7.7844e-01,
           1.8208e-01, 1.5532e-01],
          [3.3045e-01, 6.2408e-01, 6.0409e-01,  ..., 8.8561e-01,
           3.8032e-01, 8.3129e-01],
          [2.2080e-01, 4.2472e-01, 7.3154e-01,  ..., 2.5262e-01,
           1.0149e-02, 1.5017e-02],
          ...,
          [5.8132e-01, 5.0951e-01, 6.8162e-01,  ..., 7.6188e-01,
           4.6651e-01, 6.5934e-01],
          [9.9561e-01, 8.4926e-01, 1.0298e-02,  ..., 5.3238e-01,
           7.6473e-01, 3.5472e-02],
          [4.6010e-01, 9.4879e-01, 5.4523e-01,  ..., 8.3985e-01,
           7.0292e-01, 2.8225e-02]],

         [[6.0230e-01, 2.9171e-01, 3.5446e-01,  ..., 6.1833e-01,
           1.8766e-01, 1.2666e-01],
          [3.5571e-01, 3.5129e-01, 1.9270e-01,  ..., 4.7877e-01,
           1.6398e-01, 3.2106e-01],
          [4.0707e-01, 7.7454e-01, 8.8653e-01,  ..., 2.3975e-02,
           4.1340e-01, 6.8983e-01],
          ...,
          [1.4080e-01, 6.2560e-01, 9.2228e-02,  ..., 2.9591e-01,
           6.5380e-01, 6.8812e-01],
          [3.9021e-01, 1.2870e-01, 2.7699e-01,  ..., 6.2441e-01,
           3.1272e-02, 5.1954e-01],
          [2.3691e-01, 6.6902e-01, 8.3069e-01,  ..., 6.8111e-01,
           2.1656e-01, 6.7994e-01]],

         [[2.2182e-01, 6.0452e-01, 7.0687e-01,  ..., 5.3998e-01,
           9.8587e-01, 3.2006e-02],
          [9.3385e-01, 9.3799e-02, 2.7148e-01,  ..., 8.6039e-01,
           5.7168e-01, 4.0851e-01],
          [3.5017e-01, 8.5833e-02, 1.3062e-01,  ..., 6.2163e-01,
           2.6430e-01, 8.6397e-01],
          ...,
          [7.1359e-01, 2.6559e-01, 4.2718e-02,  ..., 9.9165e-01,
           7.6612e-01, 5.4640e-01],
          [9.4654e-01, 6.4772e-01, 8.7299e-01,  ..., 8.4745e-01,
           4.3441e-01, 8.1610e-01],
          [6.0976e-01, 4.5410e-01, 1.1908e-02,  ..., 9.8168e-01,
           9.0324e-01, 3.6416e-01]],

         ...,

         [[9.2908e-01, 3.4848e-01, 8.3793e-01,  ..., 6.1354e-01,
           5.4826e-01, 1.9854e-01],
          [9.8847e-01, 3.2154e-01, 8.2793e-02,  ..., 2.6113e-01,
           6.2158e-01, 4.4240e-01],
          [3.8281e-01, 1.3682e-01, 6.4216e-02,  ..., 9.3988e-02,
           9.5281e-01, 2.8269e-01],
          ...,
          [9.9834e-01, 6.0101e-01, 8.5640e-01,  ..., 4.5815e-01,
           8.2308e-02, 6.8769e-01],
          [1.4785e-01, 3.5610e-01, 1.4524e-01,  ..., 8.6069e-01,
           9.3160e-01, 3.2300e-01],
          [7.3634e-01, 3.3800e-01, 5.5430e-02,  ..., 3.3501e-01,
           1.4516e-01, 5.4077e-02]],

         [[9.5656e-01, 2.5255e-01, 3.1627e-01,  ..., 2.3608e-01,
           4.0365e-01, 2.1522e-01],
          [1.0459e-01, 6.2416e-01, 2.6083e-01,  ..., 8.6634e-01,
           8.3690e-01, 8.2477e-01],
          [7.8390e-01, 7.2163e-01, 8.6244e-01,  ..., 4.2981e-01,
           5.9165e-01, 2.2913e-01],
          ...,
          [3.5524e-01, 5.4955e-01, 5.8679e-01,  ..., 6.0301e-01,
           2.4003e-01, 1.6102e-01],
          [4.1241e-01, 8.1924e-01, 1.2200e-01,  ..., 4.4606e-01,
           4.1821e-02, 9.1789e-01],
          [9.3110e-01, 3.9374e-01, 4.3591e-01,  ..., 6.9197e-01,
           2.3066e-01, 1.3541e-01]],

         [[5.8968e-01, 8.8967e-01, 3.1508e-01,  ..., 6.1020e-01,
           3.7639e-01, 2.4998e-01],
          [4.9562e-01, 6.1192e-01, 3.7145e-02,  ..., 3.2172e-01,
           6.4002e-01, 6.4285e-01],
          [2.4388e-01, 1.0564e-02, 5.7180e-01,  ..., 5.5666e-01,
           5.0118e-01, 3.9449e-01],
          ...,
          [6.7914e-02, 3.9436e-01, 6.8134e-01,  ..., 4.1963e-01,
           4.7270e-01, 4.2507e-01],
          [3.2464e-02, 2.8478e-01, 3.4285e-01,  ..., 8.9004e-01,
           9.5361e-01, 1.2487e-02],
          [8.8068e-01, 3.9401e-01, 4.5157e-01,  ..., 8.1873e-01,
           3.4815e-01, 9.4352e-01]]],


        [[[8.0570e-01, 9.1959e-01, 3.1986e-01,  ..., 3.2274e-01,
           6.0465e-01, 9.0505e-01],
          [4.7733e-01, 4.9347e-02, 6.3090e-01,  ..., 3.8587e-01,
           4.5821e-01, 8.1003e-01],
          [6.3557e-01, 7.0230e-01, 5.0655e-01,  ..., 6.5366e-01,
           5.9790e-01, 9.9040e-01],
          ...,
          [9.5508e-01, 3.4695e-01, 4.4496e-01,  ..., 3.8239e-01,
           9.2223e-01, 1.0935e-01],
          [7.7432e-01, 6.9718e-01, 2.8381e-01,  ..., 9.4065e-01,
           6.9389e-03, 2.9847e-01],
          [4.1232e-01, 1.1650e-01, 8.9011e-01,  ..., 7.3897e-01,
           4.1966e-01, 8.9399e-01]],

         [[9.6064e-02, 7.8429e-01, 5.2678e-01,  ..., 3.1349e-01,
           5.2375e-01, 2.1019e-01],
          [4.1330e-01, 5.3265e-01, 4.4138e-01,  ..., 5.6264e-01,
           9.5418e-01, 5.6799e-01],
          [3.7330e-01, 7.6316e-01, 6.5959e-02,  ..., 5.9141e-01,
           2.1065e-01, 4.5029e-01],
          ...,
          [7.5010e-01, 8.2973e-01, 4.1140e-01,  ..., 8.5039e-01,
           3.9123e-01, 4.7259e-01],
          [4.3539e-01, 4.3825e-02, 4.9262e-01,  ..., 3.3549e-01,
           6.2074e-02, 7.3030e-01],
          [6.4640e-01, 9.9554e-01, 5.7707e-01,  ..., 1.8396e-01,
           8.9912e-01, 3.0151e-01]],

         [[5.1353e-01, 4.4885e-01, 5.7453e-01,  ..., 5.5346e-01,
           9.2866e-01, 5.3466e-01],
          [6.9771e-01, 6.2689e-02, 9.0716e-01,  ..., 5.7509e-02,
           9.2998e-01, 3.7854e-01],
          [8.5254e-01, 9.1026e-01, 6.8459e-01,  ..., 2.8478e-01,
           6.1029e-01, 6.6579e-01],
          ...,
          [4.4511e-01, 7.2820e-01, 8.2355e-01,  ..., 5.6550e-01,
           8.2801e-01, 4.6147e-01],
          [7.7865e-01, 8.3639e-02, 8.6602e-01,  ..., 7.0459e-01,
           4.9322e-01, 1.3678e-02],
          [2.8681e-01, 7.8303e-01, 2.4212e-01,  ..., 1.0176e-01,
           6.8561e-01, 4.2068e-01]],

         ...,

         [[5.2010e-01, 9.2580e-01, 1.4201e-02,  ..., 2.4582e-01,
           3.6417e-01, 4.6270e-01],
          [4.7814e-01, 5.5062e-01, 3.0377e-01,  ..., 1.8992e-01,
           3.9487e-01, 1.3006e-01],
          [2.1803e-01, 1.9374e-01, 7.8338e-01,  ..., 9.2770e-02,
           7.6328e-02, 9.2819e-01],
          ...,
          [3.6216e-02, 6.8381e-01, 3.2290e-01,  ..., 2.2417e-01,
           1.7925e-01, 2.9485e-01],
          [9.0064e-01, 6.9831e-01, 7.4171e-01,  ..., 3.5290e-01,
           4.0614e-01, 9.6142e-01],
          [6.7462e-01, 8.4587e-01, 8.1982e-01,  ..., 9.4300e-01,
           3.5111e-01, 1.2092e-01]],

         [[6.8625e-01, 6.1952e-01, 2.0094e-01,  ..., 4.3117e-01,
           8.5012e-01, 7.3815e-01],
          [4.6685e-01, 8.3289e-01, 2.2306e-02,  ..., 2.5199e-01,
           8.9697e-01, 3.1685e-01],
          [5.8553e-01, 6.5161e-01, 4.2363e-01,  ..., 3.5193e-01,
           9.5603e-01, 1.7018e-01],
          ...,
          [9.8055e-01, 8.7115e-01, 5.2250e-01,  ..., 3.2258e-01,
           5.9103e-01, 8.6976e-01],
          [5.5559e-01, 4.2667e-01, 2.7456e-01,  ..., 2.5618e-01,
           5.1681e-01, 5.5155e-01],
          [7.3908e-01, 5.7215e-01, 3.0917e-01,  ..., 9.3741e-01,
           6.5678e-01, 1.7283e-01]],

         [[2.6380e-01, 8.0076e-01, 2.7698e-01,  ..., 5.5308e-01,
           7.3136e-01, 1.5810e-01],
          [3.2801e-01, 1.3037e-01, 4.7627e-01,  ..., 3.5608e-01,
           7.3377e-01, 5.9508e-01],
          [6.8326e-02, 8.1529e-01, 1.7300e-01,  ..., 5.8251e-01,
           5.4658e-01, 6.8455e-01],
          ...,
          [4.9235e-01, 2.1195e-01, 4.9357e-01,  ..., 6.4353e-01,
           8.1396e-01, 3.1614e-01],
          [7.8341e-02, 9.3389e-01, 2.0024e-02,  ..., 7.3863e-02,
           1.3183e-02, 1.1349e-02],
          [4.6716e-01, 8.7974e-01, 8.6036e-01,  ..., 5.7571e-01,
           7.3238e-01, 7.9721e-01]]]])
