tensor([[[[5.7824e-01, 7.7606e-01, 9.8942e-01,  ..., 7.1040e-01,
           3.8228e-01, 9.8752e-01],
          [2.1337e-01, 3.9880e-01, 2.7274e-02,  ..., 2.9667e-01,
           1.3865e-01, 2.2430e-01],
          [5.0729e-01, 8.8169e-01, 6.1037e-01,  ..., 7.3543e-01,
           2.0828e-01, 5.3968e-01],
          ...,
          [4.9535e-01, 5.2152e-01, 9.3198e-01,  ..., 4.3431e-01,
           6.6560e-02, 4.1226e-01],
          [9.6418e-01, 7.8373e-01, 1.8387e-01,  ..., 9.4738e-01,
           9.1533e-01, 6.3992e-01],
          [2.5139e-01, 3.6381e-01, 7.9482e-01,  ..., 7.8688e-01,
           8.3229e-01, 1.0407e-01]],

         [[5.6206e-01, 4.7814e-01, 9.3882e-01,  ..., 2.0422e-01,
           5.0926e-01, 4.4097e-01],
          [8.9040e-01, 5.5576e-01, 4.8712e-01,  ..., 8.4867e-01,
           1.9711e-01, 9.6700e-01],
          [9.0598e-01, 1.9341e-01, 2.8268e-01,  ..., 8.5867e-01,
           5.6678e-01, 6.0767e-01],
          ...,
          [3.7532e-01, 6.9020e-01, 3.3254e-01,  ..., 9.3507e-01,
           7.7029e-01, 9.3532e-01],
          [1.0105e-01, 7.4507e-02, 1.3521e-01,  ..., 1.3942e-01,
           4.8341e-01, 6.9342e-02],
          [9.5406e-01, 7.0570e-01, 3.4926e-01,  ..., 1.5204e-01,
           8.3825e-01, 2.0793e-01]],

         [[1.8490e-01, 9.6108e-01, 2.3570e-01,  ..., 8.2474e-01,
           7.2018e-01, 2.6435e-01],
          [3.9097e-01, 5.0187e-01, 4.4532e-01,  ..., 2.0411e-01,
           1.0081e-01, 5.1582e-01],
          [1.9559e-01, 2.5249e-01, 6.3824e-01,  ..., 1.0407e-01,
           3.3438e-02, 1.9092e-01],
          ...,
          [5.8507e-01, 9.5790e-01, 4.6419e-01,  ..., 1.5185e-02,
           7.9742e-01, 9.4563e-01],
          [4.2146e-02, 5.1759e-01, 1.4869e-01,  ..., 5.4039e-01,
           9.2813e-01, 6.4855e-01],
          [5.2970e-02, 6.6564e-01, 7.1087e-01,  ..., 8.5327e-01,
           6.7298e-01, 8.9861e-01]],

         ...,

         [[7.2781e-01, 1.2537e-01, 3.5165e-01,  ..., 3.9430e-01,
           3.9590e-01, 6.6833e-01],
          [5.0600e-01, 1.3850e-01, 7.1930e-01,  ..., 8.6635e-01,
           9.8702e-01, 5.3978e-01],
          [9.9892e-02, 9.3740e-01, 7.8197e-01,  ..., 7.1948e-01,
           3.7411e-01, 1.6674e-01],
          ...,
          [5.9523e-01, 9.3140e-01, 8.0391e-02,  ..., 9.0271e-01,
           2.9338e-01, 7.2523e-01],
          [6.6588e-01, 6.8456e-01, 5.4820e-01,  ..., 5.3174e-03,
           1.2967e-01, 7.8535e-01],
          [1.8291e-01, 7.7085e-01, 6.1415e-01,  ..., 1.8534e-01,
           1.7842e-01, 1.8949e-01]],

         [[8.8968e-01, 7.3003e-01, 2.8762e-01,  ..., 4.6795e-01,
           3.0238e-01, 9.6430e-01],
          [3.0295e-01, 7.4335e-02, 3.6048e-01,  ..., 7.8693e-01,
           6.6046e-01, 9.1107e-01],
          [1.3253e-01, 2.9003e-01, 2.9423e-01,  ..., 6.8111e-01,
           8.5276e-01, 1.1533e-01],
          ...,
          [8.5239e-01, 8.8479e-01, 7.3696e-01,  ..., 2.2047e-01,
           7.9954e-01, 7.6607e-02],
          [8.2705e-01, 1.4710e-01, 2.2121e-01,  ..., 6.8230e-01,
           1.1153e-01, 5.3002e-01],
          [2.9652e-01, 1.4629e-01, 1.7664e-01,  ..., 2.9211e-01,
           9.8375e-01, 5.1519e-01]],

         [[7.1352e-01, 6.1411e-01, 2.9525e-01,  ..., 7.9239e-01,
           9.1001e-01, 7.4786e-02],
          [3.5318e-01, 7.3881e-01, 3.7423e-02,  ..., 9.8431e-01,
           9.1047e-01, 9.2591e-01],
          [5.9567e-01, 3.0239e-01, 6.1082e-01,  ..., 5.8941e-01,
           2.8192e-01, 2.9710e-01],
          ...,
          [7.9933e-01, 9.4580e-01, 5.9596e-01,  ..., 2.0491e-01,
           1.8009e-01, 9.1976e-01],
          [3.4609e-01, 3.0997e-01, 7.0999e-01,  ..., 7.1999e-01,
           9.0097e-01, 4.8683e-01],
          [8.3596e-01, 7.8786e-01, 8.6885e-01,  ..., 8.3468e-01,
           1.9840e-01, 6.2617e-01]]],


        [[[2.2598e-01, 6.3014e-01, 2.6143e-01,  ..., 3.4633e-02,
           6.6244e-01, 7.5877e-01],
          [8.6208e-01, 3.4021e-01, 9.8365e-01,  ..., 2.7405e-01,
           4.1671e-01, 3.4834e-01],
          [7.9653e-01, 3.4362e-01, 1.9573e-01,  ..., 5.6298e-01,
           9.2485e-01, 2.3696e-01],
          ...,
          [5.9811e-02, 6.2048e-01, 8.4716e-01,  ..., 6.0076e-01,
           7.5158e-01, 9.4238e-01],
          [9.6034e-01, 7.0643e-02, 2.7426e-01,  ..., 4.9192e-01,
           2.9563e-01, 9.5596e-01],
          [3.0349e-01, 8.4747e-01, 1.1352e-02,  ..., 3.9465e-01,
           4.8433e-01, 5.2424e-01]],

         [[3.7637e-02, 8.0657e-01, 9.2972e-01,  ..., 7.2923e-01,
           2.0757e-01, 9.3752e-01],
          [3.5159e-01, 9.1303e-01, 2.3034e-01,  ..., 2.4694e-01,
           3.4531e-01, 1.5642e-01],
          [9.1997e-01, 7.4610e-01, 7.4825e-01,  ..., 8.5801e-01,
           9.4143e-01, 5.2329e-01],
          ...,
          [9.9677e-01, 5.4772e-01, 5.3063e-01,  ..., 8.7994e-01,
           3.0099e-01, 4.2756e-01],
          [6.9273e-01, 8.3392e-01, 3.6522e-01,  ..., 3.9438e-02,
           2.2988e-01, 6.5824e-01],
          [2.2677e-01, 6.5797e-01, 2.4277e-01,  ..., 1.3141e-01,
           3.3029e-02, 2.0340e-01]],

         [[3.7320e-01, 6.6109e-01, 7.6421e-01,  ..., 5.0739e-01,
           8.9116e-01, 6.9274e-01],
          [9.4347e-01, 8.1217e-01, 4.9054e-01,  ..., 9.8118e-01,
           8.4222e-01, 2.8619e-01],
          [4.6710e-02, 8.2694e-01, 9.3592e-01,  ..., 2.2204e-01,
           7.8918e-01, 3.4658e-01],
          ...,
          [2.9305e-01, 9.4329e-02, 5.0138e-01,  ..., 9.5798e-01,
           2.5531e-01, 7.3449e-01],
          [8.7953e-01, 8.8506e-01, 1.6201e-01,  ..., 7.7807e-01,
           5.9706e-01, 6.0118e-01],
          [2.0581e-01, 8.1266e-01, 3.7348e-01,  ..., 5.6471e-01,
           6.9285e-01, 8.9078e-01]],

         ...,

         [[1.0716e-01, 4.0517e-01, 2.2155e-01,  ..., 9.3963e-01,
           1.2512e-01, 9.8563e-01],
          [7.9397e-01, 6.2469e-02, 1.8176e-02,  ..., 1.3326e-02,
           7.7541e-01, 2.2423e-01],
          [7.1122e-01, 9.6943e-02, 8.0083e-01,  ..., 3.2284e-01,
           2.3545e-01, 6.7730e-01],
          ...,
          [5.7766e-01, 1.6832e-02, 6.4197e-01,  ..., 7.3079e-01,
           9.9630e-01, 7.6721e-01],
          [9.5350e-01, 5.8418e-01, 4.5726e-01,  ..., 3.8679e-01,
           2.7808e-01, 9.8702e-01],
          [9.3878e-01, 3.9516e-01, 2.6979e-01,  ..., 5.6967e-01,
           6.5737e-01, 6.5599e-01]],

         [[1.5962e-01, 3.1607e-01, 1.7672e-01,  ..., 2.2443e-01,
           1.0792e-01, 4.8522e-02],
          [5.0674e-01, 8.8998e-01, 2.1966e-01,  ..., 7.0050e-01,
           3.2941e-01, 7.9548e-01],
          [7.4471e-01, 9.1536e-01, 4.0489e-01,  ..., 8.6833e-01,
           9.7908e-01, 6.5035e-01],
          ...,
          [6.9180e-01, 2.4242e-01, 1.9917e-01,  ..., 9.8209e-01,
           1.1398e-01, 7.6648e-01],
          [6.7255e-01, 5.0318e-04, 5.2287e-01,  ..., 2.9528e-01,
           2.5741e-01, 9.0119e-01],
          [1.7005e-01, 4.4651e-01, 6.5783e-01,  ..., 4.1475e-01,
           6.5970e-01, 7.5570e-01]],

         [[7.3999e-01, 4.5976e-01, 6.1624e-02,  ..., 9.1862e-01,
           1.2386e-02, 7.8985e-01],
          [5.5032e-01, 9.7404e-01, 7.1370e-01,  ..., 1.5347e-01,
           7.1117e-01, 7.0071e-01],
          [6.4077e-01, 2.9352e-01, 3.5528e-01,  ..., 9.1645e-01,
           6.9029e-01, 2.2928e-01],
          ...,
          [4.1416e-01, 7.7112e-01, 4.9459e-01,  ..., 8.6647e-01,
           7.1142e-01, 9.3412e-01],
          [9.4493e-01, 6.4789e-01, 6.3802e-01,  ..., 6.4162e-01,
           8.0584e-01, 4.9683e-01],
          [4.7162e-01, 4.9348e-01, 4.6007e-01,  ..., 7.6242e-01,
           1.6858e-01, 8.3675e-01]]],


        [[[7.3732e-01, 8.0892e-01, 3.3556e-01,  ..., 9.8473e-01,
           6.0209e-01, 8.7660e-01],
          [1.7104e-01, 1.5554e-01, 7.4957e-01,  ..., 6.1982e-01,
           7.5087e-01, 5.9066e-01],
          [7.1907e-01, 9.1380e-01, 1.5804e-01,  ..., 8.8280e-01,
           5.6062e-01, 4.4334e-01],
          ...,
          [2.5956e-01, 9.7641e-01, 5.2949e-01,  ..., 4.8036e-01,
           6.0285e-01, 7.6510e-02],
          [1.7292e-02, 5.7897e-01, 2.8617e-01,  ..., 5.3028e-01,
           4.1432e-01, 3.4880e-01],
          [8.2792e-01, 6.7400e-02, 4.9710e-01,  ..., 8.9283e-01,
           1.6790e-01, 5.8431e-01]],

         [[6.7182e-01, 4.9380e-01, 5.3205e-01,  ..., 4.6493e-01,
           9.8933e-01, 7.3147e-01],
          [5.6606e-01, 6.4984e-01, 3.3746e-01,  ..., 6.2547e-01,
           6.2743e-01, 5.2061e-01],
          [5.0542e-02, 2.2002e-01, 7.6125e-01,  ..., 7.4651e-01,
           2.4207e-01, 7.3801e-01],
          ...,
          [2.6696e-01, 3.7005e-01, 9.4597e-01,  ..., 9.9654e-01,
           2.2240e-03, 6.4783e-01],
          [7.3084e-01, 5.0290e-01, 5.7688e-01,  ..., 8.2400e-01,
           6.1888e-01, 3.9073e-02],
          [7.1045e-01, 6.9499e-01, 5.5870e-01,  ..., 9.5240e-01,
           2.6005e-01, 8.2397e-02]],

         [[4.4274e-01, 9.8718e-01, 2.5972e-01,  ..., 6.6381e-01,
           1.8100e-01, 6.6740e-01],
          [5.9223e-01, 5.8551e-02, 1.0248e-01,  ..., 7.8009e-01,
           6.2673e-02, 7.7069e-01],
          [3.1163e-01, 2.4745e-01, 3.2933e-02,  ..., 6.8695e-01,
           4.7122e-01, 3.0166e-01],
          ...,
          [9.0228e-01, 5.1035e-01, 9.7976e-01,  ..., 8.6556e-01,
           8.8027e-01, 1.1764e-01],
          [4.9311e-01, 3.3870e-01, 7.2122e-01,  ..., 9.4160e-02,
           6.3451e-01, 5.2973e-01],
          [5.9466e-01, 7.8489e-01, 1.0554e-01,  ..., 2.5718e-01,
           1.2381e-01, 5.4752e-01]],

         ...,

         [[3.5781e-01, 1.0870e-01, 2.3259e-01,  ..., 7.6801e-01,
           3.1197e-01, 1.0680e-01],
          [3.7876e-01, 3.7093e-01, 1.1299e-01,  ..., 7.8065e-01,
           6.1257e-01, 1.7357e-01],
          [5.5218e-01, 5.3874e-01, 3.6061e-01,  ..., 7.5996e-01,
           2.4150e-01, 1.4676e-01],
          ...,
          [4.5868e-01, 9.5463e-01, 5.2690e-01,  ..., 2.1137e-01,
           9.6141e-02, 3.2852e-01],
          [6.7900e-01, 9.4051e-01, 4.7318e-02,  ..., 4.8987e-01,
           8.8106e-01, 8.6746e-01],
          [7.0494e-01, 6.2189e-02, 3.5976e-01,  ..., 3.4883e-02,
           4.4310e-01, 9.6994e-01]],

         [[9.3131e-01, 5.4081e-01, 3.8829e-01,  ..., 9.9375e-01,
           9.7745e-01, 8.8091e-01],
          [5.4612e-01, 5.4877e-01, 6.4949e-01,  ..., 8.7679e-01,
           1.6231e-01, 1.9607e-01],
          [1.2704e-01, 7.5785e-01, 3.6813e-01,  ..., 9.3761e-01,
           9.7433e-01, 1.9485e-01],
          ...,
          [3.9556e-01, 2.2824e-01, 9.9042e-01,  ..., 4.1507e-01,
           2.3354e-01, 1.2006e-01],
          [9.8738e-01, 5.6281e-01, 7.2287e-01,  ..., 9.8796e-02,
           9.8055e-01, 1.6718e-02],
          [7.8266e-01, 6.3613e-01, 8.1799e-01,  ..., 5.5411e-01,
           8.3864e-01, 1.1955e-01]],

         [[6.3604e-01, 7.8136e-01, 3.8287e-01,  ..., 2.0250e-01,
           5.9826e-01, 5.8856e-01],
          [8.6025e-01, 6.3404e-01, 8.4711e-01,  ..., 1.3871e-01,
           2.7385e-01, 5.0789e-01],
          [1.3253e-01, 4.4579e-01, 5.4583e-01,  ..., 8.7685e-01,
           7.0465e-01, 5.0856e-01],
          ...,
          [2.7245e-01, 4.6282e-01, 1.3555e-01,  ..., 5.2643e-01,
           9.1166e-01, 6.6312e-01],
          [7.7898e-01, 5.9657e-01, 8.6553e-01,  ..., 7.7877e-01,
           9.6332e-02, 7.9923e-01],
          [6.0646e-01, 3.2232e-02, 2.0145e-01,  ..., 1.1084e-01,
           9.9662e-01, 5.2045e-01]]],


        ...,


        [[[8.4180e-01, 6.6499e-01, 2.4008e-01,  ..., 4.7436e-02,
           6.4933e-01, 6.3192e-01],
          [7.6561e-01, 1.9291e-01, 7.6493e-01,  ..., 1.0335e-01,
           5.2043e-03, 6.0473e-02],
          [8.4911e-01, 6.9213e-02, 9.5872e-01,  ..., 1.0524e-01,
           8.9810e-01, 8.2828e-01],
          ...,
          [1.7012e-01, 4.1644e-01, 3.4459e-01,  ..., 4.2726e-01,
           9.7526e-01, 5.6741e-01],
          [4.1012e-01, 9.9648e-01, 8.8271e-02,  ..., 7.8139e-01,
           7.2669e-01, 5.8998e-02],
          [3.6115e-01, 7.5421e-01, 9.9134e-01,  ..., 8.4881e-01,
           5.5908e-01, 1.4064e-01]],

         [[5.8223e-02, 8.0109e-01, 3.4408e-01,  ..., 1.8350e-01,
           2.1713e-01, 6.8116e-01],
          [1.4551e-01, 9.2816e-01, 8.0794e-01,  ..., 5.8352e-01,
           4.3349e-01, 7.8335e-02],
          [2.9031e-02, 6.0135e-01, 5.0367e-01,  ..., 1.9746e-01,
           4.2308e-03, 9.6193e-01],
          ...,
          [8.5551e-01, 6.3447e-01, 1.8383e-01,  ..., 2.2908e-02,
           5.9865e-01, 2.4205e-01],
          [4.1740e-01, 8.1337e-01, 9.3394e-01,  ..., 9.1729e-01,
           6.1876e-01, 5.1678e-01],
          [6.4998e-01, 3.5763e-01, 7.1857e-01,  ..., 9.6108e-01,
           6.0127e-01, 9.1416e-01]],

         [[2.7478e-01, 3.6584e-01, 2.5740e-01,  ..., 1.4672e-02,
           7.8694e-02, 9.4450e-01],
          [2.2562e-02, 2.3176e-01, 1.6761e-01,  ..., 7.5861e-01,
           9.2524e-01, 7.6302e-02],
          [1.2035e-01, 2.7238e-01, 9.4650e-01,  ..., 8.0777e-01,
           8.8737e-02, 7.8587e-01],
          ...,
          [5.9570e-01, 6.6497e-01, 7.9105e-01,  ..., 5.0117e-01,
           5.4227e-01, 8.6396e-01],
          [7.9865e-01, 4.1121e-01, 9.7038e-01,  ..., 8.9537e-02,
           6.6904e-02, 4.7742e-01],
          [3.0540e-01, 7.6323e-01, 7.2927e-01,  ..., 2.0338e-01,
           1.3474e-01, 6.5278e-01]],

         ...,

         [[8.7208e-01, 4.7780e-01, 1.9969e-01,  ..., 7.4714e-01,
           2.6450e-02, 8.3624e-01],
          [8.7126e-01, 8.5176e-01, 7.0231e-01,  ..., 2.9377e-01,
           5.8912e-01, 8.2729e-02],
          [8.6589e-01, 6.0448e-01, 9.8836e-01,  ..., 7.9108e-01,
           5.7541e-01, 9.4189e-01],
          ...,
          [8.6791e-01, 9.0882e-01, 8.1083e-02,  ..., 6.7999e-01,
           2.0093e-01, 5.7097e-01],
          [6.5989e-01, 4.4320e-01, 1.6416e-01,  ..., 2.8985e-01,
           4.3974e-01, 9.2742e-02],
          [3.5528e-01, 3.5309e-01, 8.5070e-01,  ..., 7.9619e-01,
           1.9328e-01, 8.3683e-01]],

         [[9.6236e-02, 5.8077e-01, 7.1087e-01,  ..., 2.7510e-01,
           6.0565e-01, 7.0737e-01],
          [5.6279e-01, 8.6494e-02, 8.4977e-01,  ..., 7.2675e-01,
           1.6471e-01, 3.1268e-01],
          [1.3975e-01, 9.7217e-01, 2.9279e-01,  ..., 3.8581e-01,
           9.9718e-01, 1.9120e-02],
          ...,
          [4.8476e-01, 3.2903e-01, 3.9135e-01,  ..., 5.9805e-01,
           1.7205e-01, 2.3602e-01],
          [8.9403e-01, 6.9785e-01, 6.0724e-01,  ..., 6.7487e-01,
           6.3645e-01, 6.3277e-01],
          [7.8992e-01, 7.6222e-02, 8.4157e-01,  ..., 1.6010e-02,
           7.7918e-01, 8.3635e-01]],

         [[9.0230e-01, 5.3704e-01, 3.8205e-01,  ..., 5.2621e-01,
           1.0034e-01, 7.7277e-01],
          [4.8518e-01, 3.5653e-01, 3.0673e-01,  ..., 4.7891e-01,
           3.9208e-02, 8.0984e-01],
          [6.7935e-01, 1.5912e-01, 8.2771e-01,  ..., 1.2657e-02,
           6.0227e-01, 2.7278e-01],
          ...,
          [2.2700e-01, 2.6186e-01, 5.4492e-01,  ..., 3.5643e-01,
           8.8169e-01, 4.6190e-01],
          [1.0218e-01, 3.8952e-01, 9.6335e-01,  ..., 3.1483e-01,
           3.6057e-01, 9.4792e-01],
          [9.8516e-01, 1.2274e-01, 9.4762e-01,  ..., 7.4212e-01,
           2.5561e-01, 7.7620e-01]]],


        [[[5.7242e-01, 2.6696e-01, 6.0404e-01,  ..., 8.7730e-01,
           2.5736e-01, 6.4378e-01],
          [3.2403e-01, 2.5455e-01, 2.3268e-01,  ..., 3.0316e-01,
           6.9014e-01, 7.1307e-01],
          [9.9657e-01, 5.5890e-01, 5.6737e-01,  ..., 7.2441e-01,
           9.9310e-01, 7.4042e-01],
          ...,
          [7.6214e-01, 8.2476e-01, 9.5716e-01,  ..., 1.1806e-01,
           6.2958e-02, 4.7443e-01],
          [1.9794e-01, 1.7437e-01, 8.0814e-01,  ..., 4.1766e-01,
           1.2703e-01, 1.2314e-01],
          [8.4960e-01, 3.8024e-01, 3.0171e-01,  ..., 2.5455e-01,
           7.1577e-01, 2.6376e-01]],

         [[3.8112e-01, 6.0726e-01, 3.8645e-01,  ..., 3.0105e-01,
           7.0080e-01, 8.0281e-01],
          [6.3509e-01, 2.6350e-01, 2.5018e-01,  ..., 5.8118e-01,
           7.6962e-01, 5.0260e-01],
          [6.2626e-01, 1.7770e-01, 7.9271e-01,  ..., 4.1680e-01,
           6.4294e-02, 4.4183e-01],
          ...,
          [7.7003e-01, 3.6196e-01, 4.2926e-01,  ..., 8.4935e-01,
           4.6853e-02, 9.2055e-01],
          [3.0240e-01, 2.5718e-01, 7.1851e-01,  ..., 2.3288e-01,
           3.7060e-01, 4.2342e-01],
          [3.2660e-01, 3.0700e-01, 4.9071e-01,  ..., 5.2108e-01,
           1.3533e-01, 6.2932e-01]],

         [[5.3456e-01, 4.6406e-01, 4.4757e-01,  ..., 7.6782e-01,
           1.1298e-01, 6.0243e-01],
          [5.6802e-01, 4.2321e-01, 6.6255e-01,  ..., 7.6629e-01,
           6.1350e-01, 9.5017e-01],
          [5.9798e-01, 4.8850e-01, 1.3345e-01,  ..., 3.1103e-01,
           7.6726e-01, 1.2813e-01],
          ...,
          [3.0340e-01, 2.0925e-01, 4.1685e-01,  ..., 2.1998e-01,
           8.6992e-01, 8.7451e-01],
          [5.5286e-01, 6.9265e-01, 5.6335e-01,  ..., 2.4058e-01,
           2.0647e-01, 8.2547e-01],
          [2.8181e-01, 8.1352e-01, 4.4184e-01,  ..., 7.9758e-01,
           7.5923e-01, 4.6334e-01]],

         ...,

         [[7.8909e-01, 8.6487e-01, 9.6743e-01,  ..., 7.5721e-01,
           9.8037e-01, 4.5186e-01],
          [7.4401e-01, 8.9929e-01, 8.4744e-01,  ..., 3.3808e-02,
           2.6404e-01, 5.4466e-01],
          [2.5914e-01, 9.5395e-01, 1.7836e-01,  ..., 2.0648e-01,
           3.2966e-01, 6.2599e-01],
          ...,
          [4.6847e-01, 3.6878e-02, 2.7457e-01,  ..., 3.5017e-02,
           1.4103e-01, 6.5332e-02],
          [2.1409e-02, 3.1126e-01, 4.7837e-01,  ..., 8.9871e-01,
           6.4899e-01, 7.4883e-01],
          [5.4304e-01, 8.1745e-01, 2.3118e-01,  ..., 2.7335e-01,
           6.3762e-02, 1.9288e-01]],

         [[4.0851e-01, 2.5420e-01, 5.5874e-01,  ..., 9.0047e-01,
           4.3509e-01, 5.5518e-01],
          [3.6278e-01, 1.6848e-01, 4.2437e-01,  ..., 8.8912e-01,
           3.5605e-01, 9.3980e-01],
          [8.5262e-01, 8.3939e-01, 9.6085e-01,  ..., 3.7582e-01,
           9.9221e-02, 4.8068e-01],
          ...,
          [8.0436e-01, 7.5192e-02, 7.0505e-01,  ..., 5.9577e-01,
           2.3552e-01, 3.4079e-01],
          [9.3486e-01, 3.2534e-02, 9.5193e-01,  ..., 1.9411e-01,
           6.9702e-01, 9.6897e-01],
          [7.5423e-01, 8.3548e-01, 3.8538e-01,  ..., 2.7261e-01,
           5.8231e-01, 5.5659e-01]],

         [[9.6355e-01, 2.6247e-01, 2.7396e-01,  ..., 4.4460e-02,
           6.3472e-01, 9.2237e-01],
          [5.5897e-01, 2.2297e-01, 9.0745e-01,  ..., 5.9766e-02,
           7.0724e-01, 2.4081e-01],
          [1.4787e-01, 5.1624e-01, 9.6095e-01,  ..., 8.9057e-01,
           1.1855e-02, 4.2725e-01],
          ...,
          [9.3820e-01, 4.7354e-01, 5.6507e-01,  ..., 9.3516e-01,
           5.9426e-01, 6.5603e-01],
          [2.7807e-01, 7.8336e-01, 5.7429e-01,  ..., 3.7717e-01,
           8.1692e-01, 1.9438e-01],
          [2.5791e-01, 3.9554e-02, 7.9554e-01,  ..., 3.0920e-01,
           6.7944e-01, 7.0007e-01]]],


        [[[1.6247e-01, 1.5676e-01, 4.3482e-01,  ..., 9.9353e-01,
           1.3942e-01, 8.4234e-01],
          [7.0683e-02, 1.5068e-01, 2.7706e-01,  ..., 4.6306e-01,
           6.6784e-01, 7.3861e-02],
          [8.7759e-01, 4.0287e-01, 6.5134e-01,  ..., 8.5374e-01,
           1.8623e-02, 2.7121e-01],
          ...,
          [5.3693e-01, 7.6164e-01, 4.9291e-01,  ..., 2.1932e-01,
           8.7349e-01, 6.6890e-01],
          [4.8014e-01, 7.1691e-02, 4.4217e-01,  ..., 4.4877e-01,
           6.1063e-01, 3.7177e-01],
          [6.9078e-01, 1.0569e-01, 9.7423e-01,  ..., 7.7201e-01,
           2.2156e-01, 7.2857e-01]],

         [[2.1559e-02, 1.2867e-01, 3.1027e-01,  ..., 3.1511e-01,
           1.0017e-01, 2.5994e-01],
          [9.3647e-01, 6.8896e-01, 1.6146e-01,  ..., 4.6357e-01,
           7.1567e-01, 9.8110e-02],
          [3.7634e-01, 1.0122e-02, 4.2913e-01,  ..., 3.4732e-01,
           6.8051e-01, 2.8862e-01],
          ...,
          [1.7240e-03, 9.5223e-01, 1.7158e-01,  ..., 7.2369e-02,
           3.1664e-01, 3.2312e-01],
          [7.9969e-01, 8.9805e-01, 2.4805e-01,  ..., 5.7050e-01,
           2.9388e-01, 9.2322e-01],
          [5.7276e-02, 7.6131e-01, 7.3009e-01,  ..., 7.6305e-01,
           3.0826e-01, 9.5151e-03]],

         [[7.8466e-01, 9.1580e-01, 5.8882e-01,  ..., 7.4739e-01,
           9.1577e-01, 8.5941e-01],
          [5.3032e-01, 6.3035e-03, 1.8934e-01,  ..., 6.2525e-01,
           3.6889e-01, 2.8019e-01],
          [7.6306e-01, 1.1125e-01, 6.2801e-01,  ..., 3.8585e-01,
           1.1579e-01, 3.8274e-01],
          ...,
          [8.7853e-01, 3.2338e-01, 5.0489e-01,  ..., 1.2940e-03,
           6.5576e-01, 4.0350e-01],
          [9.5735e-01, 9.6122e-01, 1.2964e-01,  ..., 6.3579e-01,
           6.5922e-01, 2.2698e-02],
          [6.1457e-01, 2.4533e-01, 8.9184e-01,  ..., 9.9925e-02,
           4.2972e-01, 4.5562e-01]],

         ...,

         [[3.7660e-01, 2.5352e-01, 6.5992e-01,  ..., 2.6398e-01,
           3.3627e-01, 1.8461e-01],
          [9.3636e-01, 5.5997e-01, 7.2320e-01,  ..., 7.4667e-01,
           5.8880e-01, 4.0702e-01],
          [5.3152e-01, 8.6499e-01, 1.6659e-01,  ..., 5.6726e-01,
           5.7801e-01, 8.0950e-01],
          ...,
          [5.5571e-02, 2.0640e-01, 1.1731e-01,  ..., 7.6273e-01,
           9.7420e-02, 2.7646e-01],
          [8.3605e-01, 2.6147e-01, 3.1114e-01,  ..., 8.8277e-01,
           5.2583e-01, 7.7313e-01],
          [3.6231e-01, 1.5459e-02, 6.7082e-01,  ..., 2.7583e-01,
           3.8966e-01, 8.0004e-01]],

         [[8.0355e-01, 1.5349e-01, 8.3156e-01,  ..., 2.2122e-01,
           1.1913e-01, 7.8937e-01],
          [4.5253e-01, 1.4927e-01, 3.8005e-01,  ..., 1.0054e-01,
           1.5766e-01, 5.5852e-01],
          [8.7614e-01, 8.0021e-01, 5.7986e-01,  ..., 5.0041e-01,
           8.4602e-01, 3.3828e-02],
          ...,
          [8.2003e-01, 7.5329e-02, 9.0734e-01,  ..., 6.4754e-01,
           8.2920e-02, 9.1005e-01],
          [5.3495e-01, 1.3798e-01, 4.3022e-01,  ..., 6.2026e-01,
           2.5807e-01, 7.8878e-01],
          [4.7287e-01, 3.6186e-01, 6.8134e-01,  ..., 6.8516e-01,
           3.7077e-01, 9.1729e-01]],

         [[4.9361e-01, 7.8635e-01, 2.4804e-01,  ..., 8.2510e-01,
           5.7225e-01, 8.5820e-01],
          [4.5955e-01, 2.9226e-01, 8.3973e-01,  ..., 5.4165e-03,
           5.9315e-01, 3.7025e-01],
          [8.5892e-01, 7.4089e-01, 4.0251e-01,  ..., 4.4760e-01,
           9.1430e-01, 4.4314e-01],
          ...,
          [3.8240e-02, 7.6981e-01, 7.0299e-01,  ..., 6.4799e-01,
           3.1260e-01, 8.0509e-01],
          [6.8333e-01, 3.3252e-01, 4.3314e-01,  ..., 7.5908e-01,
           5.1549e-02, 1.0971e-01],
          [2.6326e-02, 7.5119e-01, 6.1900e-01,  ..., 5.8885e-01,
           9.4961e-01, 5.1258e-01]]]])
