tensor([[[[4.9407e-02, 5.2464e-01, 1.8106e-01,  ..., 1.6794e-01,
           1.6659e-01, 4.9638e-01],
          [9.5475e-01, 5.3505e-01, 3.2625e-01,  ..., 8.2033e-01,
           3.1684e-01, 4.0117e-01],
          [8.3789e-01, 3.2509e-01, 1.7702e-01,  ..., 3.9473e-01,
           3.1582e-01, 3.3810e-02],
          ...,
          [6.5067e-01, 4.7878e-01, 9.5900e-01,  ..., 1.9399e-01,
           4.0721e-01, 8.6151e-01],
          [4.6915e-04, 3.4021e-01, 2.0784e-01,  ..., 9.5946e-01,
           8.6441e-01, 3.5681e-01],
          [7.5860e-01, 1.7544e-01, 6.9248e-01,  ..., 1.9754e-01,
           5.6643e-01, 8.8004e-01]],

         [[1.1513e-01, 4.1767e-01, 7.8603e-01,  ..., 1.4001e-01,
           3.5598e-02, 7.5927e-01],
          [8.2749e-01, 2.1775e-01, 9.6854e-01,  ..., 3.8856e-01,
           6.6597e-02, 9.0913e-01],
          [7.6807e-01, 5.8532e-04, 3.7674e-01,  ..., 7.8630e-01,
           4.0877e-01, 5.9723e-01],
          ...,
          [6.1268e-01, 5.9431e-01, 3.6745e-01,  ..., 3.9534e-01,
           8.6242e-01, 5.3405e-01],
          [1.9933e-01, 2.2845e-02, 3.2769e-03,  ..., 6.1579e-01,
           8.4222e-01, 3.3553e-01],
          [2.0275e-01, 4.2134e-01, 1.2114e-01,  ..., 4.6948e-01,
           2.9929e-01, 7.7463e-01]],

         [[9.3088e-01, 9.0800e-02, 6.4951e-01,  ..., 4.7749e-01,
           6.3698e-01, 2.3221e-01],
          [8.1837e-01, 1.1087e-01, 6.0072e-02,  ..., 7.4347e-01,
           5.2721e-01, 2.8535e-01],
          [8.4640e-01, 3.4848e-01, 8.7097e-01,  ..., 3.3388e-01,
           5.3828e-01, 3.1702e-01],
          ...,
          [3.2086e-01, 3.3941e-02, 6.1123e-01,  ..., 4.1479e-01,
           3.0056e-01, 9.4645e-01],
          [2.4317e-01, 4.0355e-01, 8.8103e-01,  ..., 5.3515e-01,
           9.9548e-01, 2.8956e-02],
          [5.7367e-01, 1.5724e-01, 3.4370e-01,  ..., 4.9147e-02,
           5.8476e-01, 6.4709e-01]],

         ...,

         [[3.3503e-01, 7.5185e-01, 9.4351e-01,  ..., 5.4236e-01,
           7.4616e-01, 8.2425e-01],
          [7.4268e-01, 1.5699e-01, 1.7897e-01,  ..., 4.8176e-01,
           6.0647e-01, 4.9335e-01],
          [6.6910e-01, 5.6267e-02, 9.0913e-01,  ..., 7.5747e-01,
           7.2186e-01, 1.7821e-01],
          ...,
          [7.3707e-01, 1.4356e-01, 6.3867e-01,  ..., 4.0417e-01,
           8.5741e-01, 9.1296e-01],
          [7.6122e-01, 9.7709e-01, 8.9074e-01,  ..., 6.1147e-01,
           7.3456e-01, 2.8092e-01],
          [1.6114e-01, 2.7161e-01, 6.8224e-01,  ..., 4.0046e-01,
           4.8505e-01, 6.0003e-01]],

         [[8.9743e-01, 6.0044e-01, 8.7497e-01,  ..., 3.1608e-01,
           1.1857e-01, 8.5726e-01],
          [7.0981e-01, 9.1231e-01, 4.6700e-01,  ..., 6.8773e-01,
           5.0764e-01, 9.1618e-01],
          [7.6401e-01, 1.7281e-01, 6.5293e-01,  ..., 2.2442e-01,
           5.6402e-01, 9.2962e-01],
          ...,
          [3.3700e-01, 7.8253e-01, 1.4845e-01,  ..., 4.7351e-01,
           8.1368e-01, 7.6720e-01],
          [3.8766e-01, 4.6548e-01, 7.3664e-01,  ..., 9.2726e-01,
           6.8691e-02, 7.5861e-01],
          [7.7599e-01, 6.7972e-01, 9.9407e-01,  ..., 9.0822e-02,
           8.3362e-02, 4.4340e-01]],

         [[7.2455e-01, 9.2315e-01, 5.2429e-01,  ..., 5.1011e-01,
           1.2832e-01, 4.4384e-01],
          [1.9739e-01, 7.4100e-01, 8.4956e-01,  ..., 2.6721e-02,
           5.3799e-01, 8.5291e-01],
          [4.3253e-01, 7.0096e-01, 2.3308e-01,  ..., 5.2092e-01,
           8.3601e-01, 3.7187e-01],
          ...,
          [1.0717e-01, 5.4528e-01, 6.1590e-01,  ..., 9.2562e-01,
           2.6596e-01, 1.8726e-02],
          [9.1321e-01, 3.2290e-01, 9.0675e-01,  ..., 2.1447e-01,
           5.1233e-01, 2.6981e-01],
          [4.7292e-01, 4.2125e-01, 6.5961e-01,  ..., 8.2191e-01,
           6.9225e-01, 9.9902e-01]]],


        [[[6.7649e-01, 4.9446e-01, 9.2054e-01,  ..., 7.1254e-02,
           3.3324e-03, 7.7395e-01],
          [7.2736e-01, 3.0394e-01, 7.2039e-01,  ..., 3.4018e-01,
           4.2207e-01, 8.3951e-01],
          [5.1145e-01, 8.9026e-01, 2.0938e-01,  ..., 3.3328e-01,
           2.9028e-01, 3.4061e-01],
          ...,
          [5.5427e-01, 8.4172e-01, 4.3339e-01,  ..., 3.9494e-01,
           6.4390e-02, 3.9908e-01],
          [5.9340e-01, 2.4287e-01, 2.8017e-01,  ..., 3.4657e-01,
           1.0524e-01, 7.5186e-01],
          [2.3579e-01, 6.8621e-01, 7.7783e-01,  ..., 8.3559e-01,
           4.3698e-01, 5.3502e-01]],

         [[8.1518e-01, 1.2540e-01, 8.1741e-01,  ..., 7.5607e-01,
           8.5496e-02, 2.7066e-01],
          [3.4448e-01, 5.4804e-01, 7.3516e-01,  ..., 5.2733e-01,
           2.6753e-01, 9.7748e-02],
          [7.5058e-02, 6.6148e-01, 6.0726e-01,  ..., 1.8085e-01,
           7.2693e-01, 7.1894e-01],
          ...,
          [2.9334e-01, 1.8624e-01, 5.9253e-01,  ..., 9.9688e-01,
           5.6593e-01, 9.1879e-01],
          [1.0464e-02, 2.7160e-01, 3.1195e-01,  ..., 7.2849e-01,
           4.8380e-01, 2.5036e-01],
          [4.6635e-01, 5.2509e-02, 7.5025e-01,  ..., 8.4460e-01,
           9.0793e-01, 6.2174e-01]],

         [[7.7509e-01, 8.8451e-01, 6.4228e-01,  ..., 8.7527e-01,
           5.7436e-01, 7.9733e-01],
          [7.5521e-02, 9.2950e-01, 8.6177e-01,  ..., 5.7137e-01,
           1.4702e-01, 2.6998e-01],
          [8.8418e-01, 4.3099e-01, 8.3878e-01,  ..., 3.5385e-01,
           7.7040e-01, 6.6807e-01],
          ...,
          [5.2445e-01, 9.7527e-01, 2.1717e-01,  ..., 5.4787e-01,
           3.9559e-01, 4.7326e-02],
          [4.1056e-01, 7.8251e-01, 5.0297e-01,  ..., 1.9994e-01,
           5.5249e-01, 6.1825e-01],
          [4.9532e-01, 6.7961e-01, 3.8574e-01,  ..., 9.3736e-01,
           8.4795e-01, 2.4598e-01]],

         ...,

         [[6.1511e-01, 6.1115e-01, 4.7588e-01,  ..., 4.5076e-01,
           2.8625e-02, 4.0786e-01],
          [9.6839e-01, 7.6848e-01, 1.4908e-01,  ..., 4.7141e-01,
           6.5416e-01, 4.4106e-01],
          [8.1954e-01, 7.2631e-01, 9.8351e-01,  ..., 3.3342e-02,
           6.1503e-01, 4.9305e-01],
          ...,
          [1.8779e-01, 6.8765e-01, 7.1085e-01,  ..., 2.7135e-01,
           3.7661e-01, 9.5622e-01],
          [9.3041e-01, 1.3757e-01, 6.2839e-01,  ..., 6.4871e-01,
           9.8323e-01, 4.9602e-01],
          [2.6877e-01, 9.1081e-01, 2.5351e-01,  ..., 5.5708e-01,
           7.2825e-01, 8.7228e-01]],

         [[7.7671e-01, 5.7089e-01, 5.6634e-01,  ..., 9.8902e-01,
           6.7400e-01, 9.2249e-02],
          [1.6000e-01, 1.8062e-02, 1.1775e-01,  ..., 9.1040e-01,
           9.1194e-01, 1.3037e-01],
          [5.8252e-01, 8.2128e-01, 1.0328e-01,  ..., 1.1140e-01,
           7.9511e-01, 5.2767e-01],
          ...,
          [3.4242e-01, 5.0217e-01, 9.5529e-01,  ..., 8.9473e-01,
           9.7670e-01, 7.2504e-01],
          [9.6046e-01, 3.5072e-01, 8.4761e-01,  ..., 5.9669e-01,
           7.8663e-01, 1.0259e-01],
          [4.1970e-01, 5.9543e-01, 8.3996e-01,  ..., 2.2961e-01,
           4.7704e-01, 2.1384e-01]],

         [[9.9592e-01, 4.3612e-01, 8.9529e-01,  ..., 5.4975e-01,
           7.8004e-01, 9.5404e-01],
          [9.6482e-01, 4.7462e-01, 1.5441e-01,  ..., 8.7182e-01,
           4.6141e-01, 4.0617e-01],
          [3.2968e-01, 6.1506e-01, 1.9686e-01,  ..., 9.2527e-01,
           2.0629e-01, 2.5173e-01],
          ...,
          [4.0750e-01, 9.8529e-01, 9.0249e-01,  ..., 5.0775e-01,
           5.4280e-01, 4.4324e-01],
          [9.1781e-01, 4.0356e-01, 8.6292e-01,  ..., 4.4657e-02,
           5.2128e-01, 1.5318e-01],
          [4.0935e-01, 7.4704e-01, 4.9975e-01,  ..., 2.3277e-01,
           4.4018e-01, 6.9242e-01]]],


        [[[7.5884e-01, 6.8155e-01, 2.7621e-01,  ..., 2.3744e-02,
           5.4486e-02, 2.4351e-01],
          [8.8756e-01, 2.0676e-01, 1.7222e-01,  ..., 6.4722e-01,
           4.0068e-01, 3.7018e-02],
          [8.4314e-01, 1.3142e-01, 9.7343e-01,  ..., 6.2934e-01,
           9.5552e-01, 5.9474e-01],
          ...,
          [6.4810e-01, 8.3437e-01, 3.6326e-02,  ..., 6.5667e-01,
           7.1029e-01, 3.4568e-01],
          [4.7720e-01, 7.4654e-01, 1.4384e-01,  ..., 6.9393e-01,
           2.4343e-01, 8.2730e-01],
          [6.9924e-01, 1.7662e-01, 3.4305e-02,  ..., 8.3982e-01,
           4.5630e-02, 5.0373e-01]],

         [[5.6329e-01, 6.0669e-01, 6.8665e-01,  ..., 3.8435e-03,
           3.3750e-01, 3.4557e-01],
          [9.3378e-01, 2.1991e-01, 2.3381e-01,  ..., 4.9527e-01,
           7.9697e-01, 6.2136e-01],
          [1.0579e-01, 7.4349e-01, 7.4281e-01,  ..., 9.9592e-01,
           1.9060e-01, 4.5319e-01],
          ...,
          [8.2033e-01, 3.1450e-01, 6.6589e-01,  ..., 9.1785e-01,
           2.4357e-01, 2.5497e-01],
          [7.6999e-01, 2.2152e-02, 7.8025e-01,  ..., 3.9114e-01,
           5.2357e-01, 1.5084e-01],
          [4.2302e-01, 1.3237e-01, 2.4868e-01,  ..., 7.1511e-01,
           1.2849e-01, 2.1877e-01]],

         [[5.3382e-01, 2.0853e-02, 1.6647e-01,  ..., 5.9102e-01,
           3.8173e-01, 1.8108e-01],
          [7.1023e-02, 9.7166e-01, 1.8466e-02,  ..., 1.9586e-01,
           9.8731e-01, 3.1795e-01],
          [2.2401e-02, 8.7965e-01, 5.4396e-01,  ..., 4.9188e-01,
           5.4758e-01, 4.4196e-01],
          ...,
          [1.2127e-01, 9.4455e-01, 5.1611e-01,  ..., 1.6713e-01,
           8.9395e-01, 8.4268e-01],
          [2.0393e-01, 7.9018e-01, 2.8800e-02,  ..., 2.1377e-01,
           3.9582e-01, 2.0695e-01],
          [9.5634e-01, 2.4715e-01, 6.4973e-01,  ..., 8.0566e-01,
           7.5903e-01, 3.9724e-01]],

         ...,

         [[5.9215e-01, 1.9565e-01, 8.8371e-01,  ..., 7.5228e-01,
           2.8139e-01, 6.7446e-01],
          [5.4166e-01, 3.4845e-01, 6.9840e-01,  ..., 9.4342e-01,
           5.8881e-02, 6.5308e-01],
          [9.8633e-01, 8.3271e-02, 8.6912e-01,  ..., 6.8208e-01,
           2.4069e-01, 2.0014e-01],
          ...,
          [1.1050e-02, 5.5734e-01, 4.2968e-01,  ..., 8.1901e-01,
           6.4064e-01, 7.6551e-01],
          [8.8844e-01, 2.3544e-01, 3.3081e-02,  ..., 2.5448e-01,
           4.3124e-01, 6.3773e-01],
          [8.7438e-01, 5.0230e-02, 4.7614e-02,  ..., 5.3406e-02,
           8.0387e-01, 1.5173e-01]],

         [[4.7424e-01, 7.4096e-01, 1.7435e-01,  ..., 5.1936e-01,
           6.3087e-01, 3.9458e-01],
          [5.7323e-01, 1.2740e-01, 7.2406e-01,  ..., 2.7919e-01,
           3.4170e-01, 2.6223e-01],
          [4.6424e-01, 6.8512e-01, 8.5049e-01,  ..., 3.3078e-01,
           2.4050e-01, 4.9075e-01],
          ...,
          [5.2084e-01, 4.0959e-01, 9.5771e-01,  ..., 4.6944e-01,
           9.3243e-01, 3.9403e-01],
          [7.7927e-01, 5.5844e-01, 3.4340e-02,  ..., 5.0453e-02,
           3.7709e-01, 2.4318e-02],
          [3.8410e-01, 6.7156e-01, 5.1959e-01,  ..., 3.4583e-01,
           2.3528e-02, 5.0685e-01]],

         [[2.6780e-01, 3.7995e-01, 9.5370e-01,  ..., 3.6903e-01,
           2.5057e-01, 6.6397e-01],
          [5.2714e-01, 6.3838e-01, 5.8465e-01,  ..., 1.8294e-02,
           9.2385e-01, 6.6026e-02],
          [4.8576e-01, 8.0195e-01, 9.8281e-01,  ..., 9.9097e-01,
           3.4525e-01, 2.9415e-01],
          ...,
          [7.6097e-01, 1.9626e-01, 8.9934e-01,  ..., 4.4371e-01,
           3.6353e-01, 8.0779e-01],
          [4.4521e-01, 8.2206e-01, 9.8820e-01,  ..., 9.9289e-01,
           6.9151e-03, 4.1082e-01],
          [1.4451e-01, 9.5275e-01, 9.4155e-01,  ..., 2.6209e-01,
           5.2846e-01, 3.9122e-01]]],


        ...,


        [[[1.5607e-01, 8.7493e-01, 9.9099e-01,  ..., 7.1992e-01,
           1.1047e-01, 5.1012e-01],
          [7.6179e-02, 5.1155e-01, 9.2157e-01,  ..., 2.1331e-01,
           5.3925e-01, 1.5297e-02],
          [1.3998e-01, 6.9625e-01, 7.4935e-01,  ..., 1.1927e-01,
           3.5979e-01, 2.0858e-01],
          ...,
          [1.5906e-01, 1.9972e-01, 7.0497e-01,  ..., 5.2054e-01,
           8.2047e-01, 4.6582e-01],
          [7.0525e-01, 9.7314e-01, 2.2299e-01,  ..., 3.0349e-02,
           3.2495e-01, 6.7218e-01],
          [2.0273e-01, 9.0576e-01, 7.4410e-02,  ..., 8.1096e-01,
           6.1957e-01, 8.9827e-01]],

         [[1.5841e-01, 3.6893e-01, 2.8465e-01,  ..., 9.6662e-01,
           9.4734e-01, 5.4308e-01],
          [7.2135e-01, 6.9801e-01, 3.5945e-01,  ..., 8.9211e-01,
           1.1164e-01, 6.2547e-02],
          [1.2732e-01, 5.4977e-01, 8.1324e-01,  ..., 7.8666e-02,
           9.0168e-01, 5.8993e-01],
          ...,
          [6.5042e-01, 9.6794e-01, 3.1431e-01,  ..., 2.1728e-03,
           5.3727e-01, 5.7011e-01],
          [1.1124e-01, 8.4348e-01, 5.5618e-01,  ..., 7.8977e-01,
           3.3104e-01, 7.4530e-01],
          [9.8270e-02, 3.7959e-01, 6.5005e-02,  ..., 3.5622e-02,
           6.9008e-02, 1.5113e-01]],

         [[1.7404e-02, 9.7684e-01, 1.7365e-01,  ..., 8.4949e-01,
           8.0860e-01, 7.1712e-01],
          [9.2552e-01, 5.7118e-01, 7.7416e-01,  ..., 6.4125e-01,
           6.8977e-01, 7.8424e-01],
          [3.4340e-02, 9.8257e-02, 9.0423e-01,  ..., 7.1471e-01,
           4.9620e-01, 9.8086e-01],
          ...,
          [8.8878e-01, 5.7570e-01, 5.3850e-01,  ..., 9.7764e-03,
           8.8145e-01, 8.9407e-01],
          [1.6359e-01, 3.4096e-01, 9.5911e-01,  ..., 2.3943e-01,
           5.8955e-01, 7.4081e-01],
          [8.1475e-01, 6.9319e-01, 8.7755e-01,  ..., 8.3775e-01,
           3.3430e-01, 1.5109e-01]],

         ...,

         [[9.9480e-01, 8.3787e-01, 7.4744e-02,  ..., 9.0660e-01,
           9.7400e-01, 4.5014e-02],
          [5.1220e-01, 4.9300e-01, 1.1786e-01,  ..., 3.2953e-01,
           7.9694e-01, 1.5074e-01],
          [5.4325e-01, 7.8979e-01, 1.4903e-01,  ..., 5.9351e-01,
           1.7604e-01, 2.9291e-01],
          ...,
          [3.9211e-01, 9.5025e-01, 1.3390e-01,  ..., 3.6241e-01,
           8.3324e-01, 8.7635e-01],
          [1.0386e-01, 5.8739e-02, 4.4473e-01,  ..., 5.2957e-01,
           5.4906e-01, 8.0556e-01],
          [3.8263e-01, 8.7970e-01, 6.5380e-01,  ..., 5.6121e-01,
           9.2860e-01, 9.9400e-01]],

         [[3.2838e-01, 3.8000e-02, 2.9153e-02,  ..., 8.1135e-01,
           2.2564e-01, 8.2928e-01],
          [1.1432e-02, 3.9283e-01, 1.1812e-01,  ..., 7.1085e-02,
           4.9932e-01, 5.1529e-01],
          [3.0895e-01, 2.1470e-01, 1.0622e-01,  ..., 1.2419e-01,
           1.5371e-01, 8.8490e-01],
          ...,
          [9.8525e-01, 6.0816e-01, 9.7126e-01,  ..., 9.2950e-01,
           8.4539e-01, 4.2720e-01],
          [1.8692e-01, 2.2927e-01, 2.4471e-01,  ..., 6.6291e-02,
           4.6682e-01, 8.8413e-01],
          [7.0895e-01, 1.4026e-03, 5.3073e-01,  ..., 3.6022e-01,
           5.4544e-01, 9.4343e-01]],

         [[4.8552e-01, 5.0066e-01, 6.4415e-01,  ..., 9.3870e-01,
           3.1840e-01, 6.1083e-01],
          [5.4583e-01, 9.6079e-01, 4.0356e-01,  ..., 6.4155e-01,
           4.1681e-02, 4.0695e-01],
          [7.2768e-01, 3.0243e-01, 3.8068e-01,  ..., 5.1041e-01,
           3.7904e-01, 4.9125e-02],
          ...,
          [5.1237e-01, 8.0902e-02, 8.1538e-01,  ..., 6.4164e-01,
           9.8504e-01, 7.8639e-01],
          [2.7945e-01, 8.3903e-01, 5.3843e-01,  ..., 6.1873e-01,
           5.5218e-01, 5.8453e-01],
          [1.2136e-01, 4.9284e-01, 3.2855e-01,  ..., 2.8446e-01,
           9.7265e-01, 6.3027e-01]]],


        [[[1.8871e-01, 2.5750e-01, 2.6893e-01,  ..., 7.4061e-01,
           4.0117e-01, 5.0657e-01],
          [5.6374e-01, 3.0222e-01, 9.5163e-01,  ..., 9.0081e-01,
           2.1572e-01, 9.4624e-01],
          [5.2323e-01, 7.9449e-02, 3.9872e-01,  ..., 3.8861e-01,
           9.0480e-01, 9.2187e-01],
          ...,
          [8.3520e-01, 8.0170e-01, 1.6538e-01,  ..., 1.5398e-01,
           4.7672e-01, 8.1795e-01],
          [8.5613e-01, 4.5282e-01, 9.5757e-01,  ..., 2.9995e-01,
           8.6850e-01, 2.4054e-01],
          [3.1576e-01, 1.6625e-01, 1.4752e-01,  ..., 5.6352e-01,
           3.1304e-01, 9.8652e-02]],

         [[7.7647e-01, 4.7924e-01, 5.3651e-01,  ..., 6.2774e-01,
           9.5980e-01, 4.2622e-01],
          [2.4436e-01, 6.2638e-01, 8.5427e-01,  ..., 2.0340e-01,
           3.1525e-01, 5.4240e-01],
          [1.2699e-01, 6.1219e-01, 3.8253e-01,  ..., 9.7160e-01,
           5.9342e-01, 5.9535e-02],
          ...,
          [5.6854e-01, 4.8313e-01, 1.3982e-01,  ..., 8.7088e-02,
           8.2151e-02, 8.1557e-01],
          [2.7282e-02, 4.3919e-01, 3.3829e-01,  ..., 7.1790e-01,
           6.8437e-01, 5.5453e-01],
          [8.6508e-01, 5.6579e-01, 7.2633e-01,  ..., 8.4945e-01,
           1.4436e-01, 3.5480e-01]],

         [[1.6807e-01, 8.3732e-01, 5.8814e-01,  ..., 1.5366e-01,
           2.8386e-01, 9.3925e-01],
          [2.5889e-01, 8.0344e-02, 5.6686e-01,  ..., 7.8227e-01,
           8.4294e-01, 9.0838e-01],
          [9.3068e-01, 9.2680e-01, 1.0009e-01,  ..., 3.6972e-01,
           8.7127e-02, 9.8679e-01],
          ...,
          [6.6588e-01, 3.1947e-02, 9.0978e-01,  ..., 4.4587e-01,
           2.6719e-01, 2.0524e-01],
          [2.6462e-01, 2.7442e-01, 2.7666e-01,  ..., 8.1772e-01,
           2.0298e-01, 1.5077e-01],
          [4.5144e-01, 2.8954e-01, 1.4166e-01,  ..., 8.9965e-01,
           9.7775e-01, 7.8771e-01]],

         ...,

         [[9.2976e-01, 8.4123e-01, 7.2009e-01,  ..., 8.1126e-01,
           8.2069e-01, 1.8501e-01],
          [5.2711e-01, 6.5702e-01, 2.4519e-01,  ..., 7.7943e-01,
           7.4184e-01, 7.6814e-01],
          [2.0768e-01, 7.6917e-01, 2.4471e-01,  ..., 7.0413e-01,
           2.9638e-01, 7.6594e-01],
          ...,
          [6.1822e-01, 7.9982e-01, 7.9862e-01,  ..., 7.0578e-04,
           1.8901e-01, 8.0754e-01],
          [2.9901e-01, 3.2191e-02, 2.3709e-02,  ..., 9.1017e-01,
           7.1801e-01, 2.1945e-01],
          [7.5030e-01, 9.5366e-01, 3.0767e-01,  ..., 5.2457e-02,
           1.4158e-01, 8.9580e-01]],

         [[3.9197e-01, 1.9493e-01, 4.0411e-03,  ..., 6.4928e-01,
           8.0493e-01, 7.1413e-01],
          [7.0163e-01, 5.9074e-01, 8.8546e-01,  ..., 4.5863e-01,
           7.6818e-01, 4.8472e-01],
          [3.1591e-01, 2.2553e-01, 1.6246e-02,  ..., 6.6084e-01,
           4.0488e-02, 1.8476e-01],
          ...,
          [3.6172e-01, 6.5308e-01, 3.3196e-01,  ..., 1.4280e-01,
           1.3766e-01, 9.9562e-01],
          [3.1932e-02, 7.0832e-01, 4.6869e-01,  ..., 9.3448e-02,
           7.8034e-01, 4.3903e-01],
          [2.4139e-01, 4.1121e-01, 6.0968e-01,  ..., 3.1741e-01,
           3.2111e-02, 6.7107e-01]],

         [[3.1431e-01, 1.3499e-02, 6.2923e-01,  ..., 2.7031e-01,
           5.2198e-01, 8.1982e-01],
          [2.0017e-01, 1.6631e-01, 3.1196e-01,  ..., 1.0600e-01,
           1.6530e-01, 1.4426e-01],
          [5.6808e-01, 5.2660e-01, 2.5519e-01,  ..., 3.1667e-01,
           6.4140e-01, 2.6213e-01],
          ...,
          [6.1958e-01, 3.2100e-01, 1.4198e-01,  ..., 1.0400e-01,
           5.7929e-01, 6.0637e-02],
          [5.7430e-01, 8.2886e-01, 1.9955e-01,  ..., 5.2970e-01,
           3.8865e-01, 2.0652e-01],
          [4.0309e-01, 1.7007e-02, 4.1215e-01,  ..., 4.5508e-01,
           8.5645e-01, 6.2151e-01]]],


        [[[6.6261e-01, 4.1752e-01, 9.9924e-01,  ..., 2.7766e-01,
           8.5848e-01, 9.2793e-01],
          [2.4571e-01, 4.5566e-01, 6.0361e-01,  ..., 1.1583e-01,
           3.0317e-01, 2.4436e-02],
          [9.4792e-02, 8.8938e-01, 4.7436e-01,  ..., 2.8998e-02,
           5.8894e-01, 2.3069e-01],
          ...,
          [5.4656e-01, 1.3237e-01, 1.0790e-01,  ..., 4.6734e-01,
           4.4388e-01, 5.8019e-01],
          [1.0872e-01, 7.9440e-01, 6.7839e-01,  ..., 7.8086e-01,
           6.2857e-01, 1.2871e-01],
          [6.1993e-01, 8.7686e-01, 5.0656e-01,  ..., 9.4214e-01,
           5.4285e-02, 5.7887e-01]],

         [[8.2632e-01, 5.5830e-01, 8.3001e-02,  ..., 1.7662e-01,
           4.7335e-01, 5.4350e-01],
          [9.8142e-01, 4.0165e-01, 5.4000e-02,  ..., 9.8697e-01,
           3.0667e-01, 8.7130e-01],
          [3.5402e-01, 7.4438e-01, 2.6196e-01,  ..., 9.2880e-02,
           2.8524e-01, 2.0568e-01],
          ...,
          [4.0182e-01, 9.8128e-01, 1.8355e-01,  ..., 7.8460e-01,
           3.2772e-01, 2.3172e-01],
          [9.4131e-01, 8.1871e-01, 3.9362e-01,  ..., 1.7595e-01,
           4.8608e-01, 8.3617e-01],
          [2.6050e-01, 6.7394e-02, 7.3321e-01,  ..., 9.2206e-01,
           7.3272e-02, 3.5783e-01]],

         [[6.1617e-01, 3.3795e-01, 5.6746e-02,  ..., 9.6327e-01,
           1.1591e-01, 6.1604e-01],
          [9.5476e-01, 3.3585e-01, 1.9586e-01,  ..., 6.7543e-01,
           7.7271e-01, 5.1240e-01],
          [2.7087e-01, 8.0732e-01, 7.3551e-01,  ..., 4.7770e-01,
           6.6153e-01, 4.7141e-01],
          ...,
          [5.4094e-01, 4.8166e-01, 6.0120e-01,  ..., 9.6931e-01,
           8.4132e-02, 3.3717e-01],
          [8.6767e-01, 3.8066e-01, 8.5945e-01,  ..., 1.1193e-01,
           2.6090e-01, 9.2870e-01],
          [8.8852e-01, 5.6900e-02, 8.7617e-03,  ..., 7.3110e-01,
           3.8236e-01, 3.6050e-01]],

         ...,

         [[7.0073e-01, 5.5249e-01, 4.0895e-01,  ..., 3.4875e-01,
           2.2500e-01, 7.6759e-01],
          [9.4770e-01, 8.5607e-01, 7.9338e-01,  ..., 3.3158e-01,
           2.6970e-01, 1.7728e-01],
          [2.8044e-01, 4.5916e-01, 5.2670e-01,  ..., 5.7564e-02,
           8.8858e-01, 5.1102e-01],
          ...,
          [8.0455e-01, 3.7994e-02, 6.7809e-01,  ..., 1.6376e-02,
           8.2664e-01, 6.4338e-01],
          [6.7571e-01, 7.6345e-01, 5.0350e-01,  ..., 4.0781e-01,
           4.2400e-01, 6.8789e-01],
          [1.0378e-01, 3.0481e-01, 1.0682e-01,  ..., 3.5430e-01,
           9.0870e-03, 8.4937e-01]],

         [[7.0652e-01, 5.0256e-01, 9.6538e-01,  ..., 5.3642e-01,
           2.8570e-01, 4.9602e-02],
          [2.8468e-01, 1.8123e-01, 2.4571e-01,  ..., 2.5928e-01,
           7.4401e-01, 2.7332e-01],
          [7.9765e-03, 1.5184e-01, 4.1662e-01,  ..., 3.8306e-01,
           9.9866e-01, 8.7971e-01],
          ...,
          [2.2291e-02, 2.1878e-01, 9.7564e-01,  ..., 1.5858e-01,
           4.8126e-01, 7.5470e-02],
          [9.6038e-01, 6.4790e-01, 8.4241e-01,  ..., 7.9098e-01,
           1.6324e-01, 8.1957e-01],
          [6.5480e-01, 5.9589e-01, 3.7585e-01,  ..., 3.0596e-03,
           2.9242e-01, 4.0767e-01]],

         [[4.4940e-01, 7.1945e-02, 7.5029e-01,  ..., 1.4995e-02,
           3.7684e-01, 1.9682e-01],
          [3.5058e-01, 6.3331e-02, 2.9952e-01,  ..., 1.7425e-01,
           7.6806e-01, 9.7155e-01],
          [6.1123e-01, 4.8412e-01, 1.9070e-01,  ..., 7.0618e-01,
           5.2441e-01, 7.1065e-02],
          ...,
          [7.6169e-01, 9.0748e-01, 9.9257e-01,  ..., 9.9991e-01,
           9.1039e-01, 3.6168e-02],
          [7.8748e-01, 8.1837e-01, 8.5145e-01,  ..., 7.2691e-01,
           4.5648e-01, 5.3648e-01],
          [5.5178e-01, 2.1691e-01, 1.5443e-02,  ..., 1.8386e-01,
           2.6186e-01, 7.2291e-01]]]])
