tensor([[[[2.9995e-01, 3.9305e-01, 9.1054e-01,  ..., 3.1940e-01,
           6.0530e-01, 9.1425e-01],
          [8.6718e-01, 2.9944e-01, 7.3630e-01,  ..., 5.0204e-01,
           5.8911e-01, 7.5177e-01],
          [4.6930e-01, 1.8594e-01, 4.9022e-01,  ..., 7.0050e-01,
           9.4663e-01, 9.1892e-01],
          ...,
          [3.7586e-01, 9.0129e-01, 6.7820e-01,  ..., 7.7692e-01,
           9.7108e-01, 4.6006e-01],
          [6.5054e-01, 2.6599e-01, 8.2501e-01,  ..., 7.1586e-01,
           8.0309e-01, 8.7412e-01],
          [7.8733e-01, 7.2005e-01, 8.3125e-01,  ..., 7.3068e-01,
           3.4047e-01, 9.8118e-01]],

         [[4.3469e-01, 4.7891e-01, 7.4421e-01,  ..., 1.9491e-01,
           9.5450e-01, 8.9164e-01],
          [1.5646e-01, 1.4480e-01, 2.8154e-01,  ..., 5.1107e-01,
           8.7963e-01, 6.2317e-02],
          [8.7202e-01, 3.8863e-01, 9.5440e-01,  ..., 6.0471e-01,
           1.5710e-01, 4.7793e-01],
          ...,
          [5.2662e-01, 9.1784e-01, 4.4816e-01,  ..., 6.6321e-01,
           5.7152e-01, 4.3187e-02],
          [3.2978e-01, 4.2933e-01, 2.4923e-01,  ..., 5.7718e-01,
           8.9547e-01, 6.6779e-01],
          [9.9634e-01, 2.7913e-01, 3.3354e-01,  ..., 8.0566e-01,
           9.2542e-01, 2.6762e-01]],

         [[7.7781e-01, 9.6856e-01, 6.6002e-01,  ..., 3.9240e-01,
           5.3946e-01, 4.2881e-01],
          [2.4362e-02, 7.1098e-01, 3.6085e-01,  ..., 8.7802e-01,
           6.7025e-02, 1.4217e-01],
          [7.2196e-02, 7.7229e-01, 3.5964e-01,  ..., 6.9984e-01,
           2.8612e-02, 9.8528e-01],
          ...,
          [6.1097e-01, 2.3993e-01, 8.0890e-01,  ..., 5.4071e-02,
           5.0027e-01, 4.6543e-01],
          [4.1598e-01, 5.1169e-01, 3.2118e-01,  ..., 1.6964e-01,
           2.2324e-01, 4.4003e-01],
          [4.1426e-01, 5.0024e-01, 1.9813e-01,  ..., 1.1279e-01,
           2.6801e-01, 8.7948e-01]],

         ...,

         [[2.9470e-01, 2.6913e-02, 4.5480e-02,  ..., 7.9922e-01,
           4.5135e-01, 6.3041e-01],
          [6.3970e-01, 5.3889e-01, 5.8622e-01,  ..., 1.6188e-01,
           5.1067e-01, 6.3973e-01],
          [9.2102e-01, 6.7719e-01, 3.2018e-01,  ..., 7.7065e-01,
           9.8474e-01, 4.6306e-01],
          ...,
          [5.2968e-01, 3.4048e-01, 3.1404e-01,  ..., 4.7467e-01,
           1.9129e-01, 4.7924e-01],
          [9.1220e-01, 1.6697e-01, 2.8796e-01,  ..., 3.4952e-01,
           5.8962e-01, 7.7737e-01],
          [6.0848e-01, 6.7314e-01, 6.5205e-01,  ..., 5.9356e-01,
           3.7255e-01, 3.0908e-01]],

         [[2.6364e-01, 9.0536e-01, 1.7694e-01,  ..., 5.6911e-01,
           1.2439e-01, 3.2745e-01],
          [7.4020e-01, 2.3235e-01, 8.6926e-01,  ..., 1.8156e-01,
           1.6639e-01, 9.0301e-01],
          [2.8022e-02, 4.7506e-01, 6.3975e-01,  ..., 8.7982e-02,
           8.2637e-01, 6.4452e-01],
          ...,
          [9.5185e-01, 5.4379e-01, 1.6090e-01,  ..., 6.8822e-02,
           5.6507e-01, 8.1094e-02],
          [6.6039e-02, 9.8053e-01, 6.7339e-01,  ..., 8.3605e-01,
           8.4884e-01, 6.7505e-01],
          [1.3850e-01, 2.0042e-01, 2.4535e-01,  ..., 6.1449e-01,
           1.8094e-02, 7.6961e-02]],

         [[3.8953e-01, 4.7905e-01, 1.8846e-01,  ..., 6.3256e-01,
           1.8238e-01, 7.1260e-01],
          [3.0553e-01, 5.1679e-02, 1.5036e-01,  ..., 6.0207e-01,
           6.5629e-01, 4.4201e-01],
          [1.1226e-01, 7.6004e-01, 5.8789e-01,  ..., 3.5378e-01,
           9.2766e-01, 2.3683e-01],
          ...,
          [9.2725e-02, 2.5264e-01, 2.4951e-01,  ..., 7.4268e-01,
           6.2932e-01, 5.8308e-01],
          [6.7549e-01, 7.8608e-03, 1.5368e-01,  ..., 8.2107e-01,
           2.4202e-01, 1.0285e-01],
          [1.1681e-01, 9.7352e-01, 1.8993e-01,  ..., 3.3688e-01,
           8.3453e-01, 8.9526e-01]]],


        [[[1.4286e-01, 7.4818e-01, 5.1061e-01,  ..., 5.1950e-01,
           4.7381e-01, 1.4645e-01],
          [2.4186e-01, 9.8834e-01, 1.2890e-01,  ..., 9.8938e-01,
           7.8309e-01, 9.6771e-01],
          [2.4952e-01, 1.6499e-02, 2.9750e-01,  ..., 6.7028e-01,
           2.9211e-01, 5.0602e-01],
          ...,
          [1.3451e-01, 4.6335e-01, 2.8270e-01,  ..., 8.7485e-01,
           2.6866e-01, 6.1753e-01],
          [4.0639e-01, 3.4957e-01, 9.0776e-01,  ..., 5.4033e-01,
           2.0749e-01, 4.4475e-01],
          [4.3561e-01, 8.2865e-01, 8.8517e-01,  ..., 3.8124e-01,
           8.8124e-01, 1.2180e-02]],

         [[2.2043e-01, 8.2880e-02, 2.4314e-01,  ..., 7.1507e-01,
           3.0954e-01, 8.1498e-01],
          [7.9623e-01, 8.5799e-02, 9.4472e-01,  ..., 2.1177e-01,
           1.9255e-01, 5.0691e-01],
          [3.4488e-01, 9.9462e-01, 9.4843e-01,  ..., 2.5545e-01,
           6.7750e-01, 6.3509e-01],
          ...,
          [4.5680e-01, 6.1343e-01, 2.8803e-01,  ..., 4.5200e-01,
           8.4554e-01, 9.5495e-01],
          [4.6427e-01, 9.5414e-01, 4.5357e-01,  ..., 1.3385e-01,
           2.3989e-01, 1.5139e-01],
          [1.0304e-01, 8.9185e-01, 9.5555e-01,  ..., 4.9941e-02,
           2.2379e-01, 7.9236e-01]],

         [[8.5128e-01, 9.2808e-01, 4.8586e-01,  ..., 5.5908e-01,
           8.9602e-03, 3.7551e-01],
          [9.6286e-01, 2.8334e-01, 5.4707e-01,  ..., 2.2142e-01,
           8.0938e-01, 7.2377e-01],
          [2.3895e-01, 6.6287e-02, 5.5713e-01,  ..., 5.1471e-01,
           1.4489e-02, 3.6212e-01],
          ...,
          [1.2577e-02, 3.7880e-01, 1.3049e-01,  ..., 6.8734e-01,
           2.3727e-01, 2.6211e-01],
          [3.2702e-01, 9.0590e-01, 5.9220e-01,  ..., 6.7951e-01,
           5.5662e-01, 1.7783e-01],
          [5.9383e-01, 6.0326e-01, 3.5492e-01,  ..., 5.5674e-02,
           4.8033e-01, 8.1673e-02]],

         ...,

         [[2.3211e-01, 7.8920e-01, 6.2793e-01,  ..., 4.7458e-01,
           4.0636e-01, 2.9210e-01],
          [6.0560e-01, 6.0679e-01, 8.5284e-01,  ..., 7.6859e-01,
           4.7771e-01, 5.9985e-01],
          [8.7076e-01, 4.5380e-01, 3.5750e-01,  ..., 5.5825e-01,
           4.4294e-01, 3.1882e-01],
          ...,
          [6.5154e-01, 5.9526e-01, 8.5413e-01,  ..., 1.4888e-01,
           4.1445e-01, 8.8256e-01],
          [3.1460e-01, 2.2218e-01, 2.4522e-01,  ..., 8.1491e-01,
           9.9803e-01, 3.3298e-01],
          [3.1122e-01, 1.5234e-01, 4.4473e-01,  ..., 9.4683e-01,
           8.1435e-01, 2.1813e-01]],

         [[8.8978e-01, 6.2857e-01, 2.2035e-01,  ..., 8.9878e-02,
           5.0023e-01, 3.9696e-01],
          [5.7046e-02, 8.4080e-01, 6.7335e-01,  ..., 8.0970e-01,
           1.2525e-01, 6.4941e-01],
          [9.9437e-01, 7.6721e-01, 6.6958e-01,  ..., 6.1823e-01,
           1.1713e-01, 5.3587e-01],
          ...,
          [8.6713e-02, 3.8826e-01, 8.4555e-02,  ..., 1.9048e-01,
           3.0785e-01, 8.5721e-01],
          [5.1381e-01, 2.4976e-01, 2.7525e-01,  ..., 6.4704e-01,
           2.1606e-01, 4.9703e-01],
          [6.9423e-01, 9.6078e-01, 3.7715e-01,  ..., 5.3299e-01,
           1.1211e-01, 9.5643e-01]],

         [[8.5273e-02, 4.9480e-01, 6.0165e-01,  ..., 2.2001e-01,
           2.8359e-01, 2.6081e-01],
          [1.3053e-01, 6.4808e-01, 4.8336e-01,  ..., 5.5991e-01,
           8.0929e-01, 4.7931e-01],
          [4.2920e-01, 2.9739e-01, 3.3967e-01,  ..., 6.3914e-01,
           1.2049e-01, 2.3912e-01],
          ...,
          [1.5871e-01, 1.3867e-01, 8.3723e-01,  ..., 8.4709e-01,
           4.5484e-01, 9.4981e-02],
          [8.7085e-01, 6.6844e-02, 3.4925e-01,  ..., 6.2563e-01,
           3.7114e-01, 4.7418e-01],
          [2.0410e-01, 9.1918e-01, 8.2183e-01,  ..., 5.0488e-01,
           8.1264e-01, 6.8413e-03]]],


        [[[5.8025e-01, 3.7725e-01, 6.1927e-01,  ..., 1.1393e-01,
           2.7537e-01, 4.4006e-01],
          [6.3557e-01, 6.4261e-01, 5.0404e-01,  ..., 8.3234e-01,
           6.5872e-01, 6.2412e-01],
          [5.8296e-01, 7.9309e-01, 4.5674e-01,  ..., 5.8745e-01,
           3.4173e-02, 4.3911e-01],
          ...,
          [9.1365e-01, 8.3676e-01, 1.6092e-01,  ..., 9.2243e-01,
           5.6387e-01, 4.1385e-01],
          [8.5473e-01, 3.7183e-01, 9.3089e-03,  ..., 5.0082e-01,
           2.3009e-01, 5.0538e-01],
          [8.7610e-01, 7.8473e-01, 3.0892e-01,  ..., 5.3814e-01,
           8.1431e-01, 6.3308e-01]],

         [[5.9631e-01, 7.7401e-01, 1.0960e-01,  ..., 3.7313e-01,
           5.5928e-01, 7.7350e-01],
          [9.8881e-01, 1.0115e-02, 2.5856e-01,  ..., 5.3224e-01,
           5.1315e-01, 4.0303e-01],
          [3.6293e-01, 4.6464e-01, 8.6624e-01,  ..., 9.4013e-02,
           4.5209e-01, 1.0264e-01],
          ...,
          [9.3527e-03, 4.3676e-03, 1.7167e-02,  ..., 7.6677e-01,
           2.3258e-01, 2.4753e-01],
          [7.5503e-01, 6.8064e-01, 1.5555e-01,  ..., 4.0359e-02,
           9.9995e-01, 8.9988e-02],
          [1.5917e-01, 1.8169e-01, 1.2167e-01,  ..., 6.4201e-01,
           8.4266e-01, 2.6347e-01]],

         [[3.1156e-02, 3.7196e-01, 7.5307e-01,  ..., 1.2495e-01,
           6.1086e-01, 9.0118e-01],
          [3.8702e-01, 4.9035e-01, 6.0490e-01,  ..., 7.9131e-01,
           6.8468e-01, 4.1515e-01],
          [7.5663e-01, 5.8450e-01, 6.9507e-01,  ..., 6.7392e-01,
           4.2765e-01, 6.1114e-01],
          ...,
          [7.4217e-01, 7.0617e-01, 9.5443e-03,  ..., 5.5375e-01,
           5.5029e-01, 7.6323e-01],
          [7.9292e-01, 2.4460e-01, 6.5514e-01,  ..., 1.4093e-01,
           8.3414e-01, 5.9849e-01],
          [5.4225e-02, 2.9400e-01, 6.6519e-01,  ..., 8.4477e-01,
           7.6118e-01, 8.4195e-01]],

         ...,

         [[6.2820e-01, 7.8264e-01, 6.9318e-01,  ..., 6.1677e-02,
           7.0130e-01, 3.3160e-01],
          [1.2713e-01, 6.9603e-01, 7.1294e-01,  ..., 3.3177e-01,
           6.0382e-02, 5.1570e-01],
          [1.5170e-01, 4.7654e-01, 4.3572e-01,  ..., 7.9381e-01,
           3.8521e-01, 7.8589e-01],
          ...,
          [7.4856e-02, 5.6757e-01, 3.0766e-01,  ..., 6.3777e-01,
           9.5437e-01, 6.3307e-01],
          [8.4211e-01, 5.8205e-01, 3.9790e-01,  ..., 3.8705e-01,
           2.8821e-02, 5.1327e-01],
          [3.2979e-01, 9.4195e-01, 9.9644e-01,  ..., 1.9358e-01,
           1.5980e-01, 1.4940e-01]],

         [[1.2988e-01, 4.3071e-01, 1.6672e-01,  ..., 3.0393e-01,
           4.9681e-01, 7.9556e-01],
          [7.7835e-01, 8.0862e-01, 6.1621e-01,  ..., 1.2015e-01,
           3.0848e-01, 6.6631e-01],
          [5.2128e-01, 5.1628e-01, 9.7722e-01,  ..., 6.2739e-01,
           9.4863e-02, 7.2771e-01],
          ...,
          [6.1062e-01, 5.1321e-01, 8.0532e-01,  ..., 7.4691e-01,
           5.6021e-01, 6.3309e-01],
          [4.1730e-01, 8.2922e-01, 9.0698e-02,  ..., 7.4265e-01,
           1.0239e-01, 2.7320e-01],
          [2.2935e-01, 8.1054e-01, 7.8751e-01,  ..., 9.2984e-01,
           9.9430e-01, 1.2894e-02]],

         [[8.5500e-01, 2.0242e-01, 4.0605e-01,  ..., 7.6638e-01,
           3.4187e-01, 1.4898e-01],
          [4.7741e-01, 6.8522e-01, 8.3883e-01,  ..., 7.9905e-01,
           6.0628e-01, 5.6603e-01],
          [4.3266e-01, 6.7796e-01, 5.5041e-02,  ..., 2.7907e-01,
           6.7752e-01, 6.8326e-01],
          ...,
          [6.8921e-01, 7.9737e-01, 5.0660e-01,  ..., 6.8666e-01,
           5.1894e-01, 7.1150e-01],
          [2.1574e-01, 1.9834e-01, 5.7004e-01,  ..., 9.0268e-01,
           6.3544e-01, 4.2999e-01],
          [8.3731e-01, 4.4697e-01, 6.9524e-02,  ..., 2.8511e-01,
           8.8335e-01, 2.9206e-01]]],


        ...,


        [[[9.3209e-01, 5.0512e-01, 5.9288e-01,  ..., 9.6127e-01,
           9.4018e-02, 5.9734e-01],
          [8.4156e-01, 1.9928e-01, 1.0753e-01,  ..., 1.1494e-02,
           4.7829e-01, 9.8926e-01],
          [4.4721e-01, 1.2494e-01, 2.3838e-01,  ..., 9.2762e-01,
           6.8501e-01, 7.0733e-01],
          ...,
          [6.7201e-01, 1.8864e-01, 8.9701e-01,  ..., 6.1334e-02,
           2.6936e-02, 6.8039e-01],
          [9.9401e-01, 5.6211e-01, 2.6871e-01,  ..., 7.3761e-01,
           3.5378e-02, 5.8288e-01],
          [3.8085e-01, 3.0257e-01, 7.7471e-01,  ..., 9.8875e-01,
           9.0562e-01, 4.1579e-01]],

         [[5.4696e-01, 5.2426e-01, 3.9512e-01,  ..., 6.0205e-02,
           1.1675e-01, 9.1986e-01],
          [3.3507e-01, 4.1262e-01, 2.4542e-01,  ..., 2.1170e-01,
           6.3400e-01, 6.9300e-01],
          [3.7489e-01, 5.5674e-02, 5.6317e-02,  ..., 1.2607e-01,
           3.0032e-01, 2.6207e-01],
          ...,
          [6.9028e-01, 1.4371e-01, 7.1559e-01,  ..., 2.8151e-01,
           7.7450e-01, 2.2724e-01],
          [5.2250e-01, 5.6315e-02, 6.8840e-01,  ..., 4.1120e-01,
           7.3499e-01, 4.5121e-01],
          [2.0520e-01, 7.1355e-01, 1.9523e-01,  ..., 7.1037e-01,
           5.0450e-01, 7.9331e-01]],

         [[5.5218e-01, 9.9416e-01, 7.6749e-01,  ..., 7.4949e-01,
           2.4513e-01, 9.0457e-01],
          [9.0507e-01, 4.1624e-02, 3.1796e-01,  ..., 4.6747e-01,
           3.1674e-01, 7.5608e-01],
          [4.0925e-01, 4.7012e-01, 9.5625e-02,  ..., 5.2283e-01,
           2.2244e-01, 8.9448e-02],
          ...,
          [8.0123e-01, 8.9359e-01, 5.9895e-01,  ..., 3.8637e-01,
           9.1879e-01, 2.0042e-01],
          [5.6252e-01, 3.0650e-01, 7.4400e-01,  ..., 3.0924e-01,
           4.3613e-01, 3.5648e-01],
          [2.9905e-01, 9.5256e-01, 6.0549e-01,  ..., 9.8033e-01,
           9.2277e-01, 8.6065e-01]],

         ...,

         [[6.6043e-01, 2.1316e-01, 3.7506e-01,  ..., 1.7191e-01,
           8.2157e-01, 9.4295e-01],
          [5.5694e-02, 2.3265e-01, 2.9603e-01,  ..., 2.8297e-01,
           6.8063e-01, 7.9833e-01],
          [5.2897e-01, 3.7632e-01, 4.3897e-01,  ..., 6.6420e-01,
           7.3894e-01, 1.4088e-01],
          ...,
          [6.6137e-01, 8.6895e-01, 7.3040e-01,  ..., 1.4182e-01,
           2.0284e-01, 3.5909e-01],
          [9.3498e-01, 5.3284e-01, 3.3623e-01,  ..., 3.7017e-01,
           8.4459e-01, 2.9531e-02],
          [5.6197e-01, 4.1122e-01, 7.1017e-01,  ..., 5.6924e-01,
           9.4840e-01, 7.7398e-01]],

         [[2.2289e-01, 9.8129e-01, 9.8342e-01,  ..., 1.0398e-01,
           9.6591e-01, 8.4998e-01],
          [1.3880e-01, 6.4146e-01, 3.7406e-01,  ..., 1.3426e-01,
           9.1677e-01, 5.5847e-01],
          [8.5534e-01, 9.2554e-01, 6.1125e-01,  ..., 8.7506e-01,
           5.5241e-01, 2.2325e-01],
          ...,
          [1.2324e-01, 9.0010e-01, 8.4106e-01,  ..., 4.4946e-01,
           8.4368e-01, 5.7651e-01],
          [5.9206e-01, 3.5101e-01, 1.2081e-01,  ..., 5.1913e-01,
           6.1898e-01, 5.4308e-01],
          [5.5304e-01, 6.7413e-01, 2.6756e-01,  ..., 8.7394e-01,
           5.3228e-01, 5.5648e-01]],

         [[2.8047e-01, 2.7179e-01, 2.5539e-01,  ..., 3.0589e-01,
           4.4951e-01, 4.5281e-01],
          [3.5397e-01, 8.5567e-01, 4.7439e-01,  ..., 2.7312e-01,
           8.6219e-01, 3.5940e-01],
          [9.1027e-01, 3.5028e-01, 5.6919e-01,  ..., 1.1611e-01,
           4.5589e-01, 7.2299e-01],
          ...,
          [1.2047e-01, 5.3443e-01, 8.7166e-04,  ..., 5.2210e-01,
           1.8254e-01, 7.3730e-01],
          [1.2587e-01, 2.4577e-01, 3.8831e-01,  ..., 5.5522e-01,
           4.8538e-01, 8.6795e-01],
          [1.6303e-01, 3.5727e-02, 2.3283e-01,  ..., 8.4937e-01,
           1.1196e-01, 8.3472e-01]]],


        [[[3.2578e-01, 7.1400e-01, 8.5438e-02,  ..., 5.0830e-01,
           1.8525e-01, 1.6080e-01],
          [6.2887e-01, 5.4816e-01, 3.3578e-01,  ..., 5.1141e-01,
           2.2567e-01, 7.6596e-02],
          [9.4916e-02, 6.2444e-01, 5.2975e-01,  ..., 2.4208e-01,
           3.0032e-01, 1.8035e-01],
          ...,
          [8.1153e-01, 4.3967e-02, 4.7782e-02,  ..., 4.9479e-01,
           3.8893e-02, 4.9454e-01],
          [7.8099e-02, 4.4077e-01, 8.6811e-03,  ..., 7.5015e-01,
           9.8805e-01, 8.4907e-01],
          [6.0769e-02, 1.0484e-01, 1.9548e-01,  ..., 5.4492e-01,
           1.0641e-01, 1.9891e-01]],

         [[8.5578e-01, 7.2126e-01, 9.2848e-01,  ..., 3.5631e-01,
           4.2322e-01, 2.4441e-01],
          [2.9958e-01, 2.9789e-01, 5.9271e-01,  ..., 6.6581e-01,
           2.2677e-01, 3.8923e-01],
          [1.5646e-02, 7.7971e-01, 2.4637e-01,  ..., 1.1931e-01,
           8.8323e-01, 4.0161e-01],
          ...,
          [6.4341e-01, 3.2038e-01, 9.6574e-01,  ..., 7.9647e-02,
           9.9255e-01, 1.2084e-01],
          [6.9601e-02, 1.0712e-01, 8.0762e-01,  ..., 3.2355e-01,
           4.7759e-01, 3.0909e-01],
          [2.6688e-01, 7.2081e-01, 7.2865e-01,  ..., 5.3063e-01,
           4.4066e-01, 8.2493e-01]],

         [[5.1863e-01, 2.2707e-01, 6.8386e-01,  ..., 2.5827e-02,
           2.9572e-01, 3.1518e-01],
          [8.1137e-02, 8.0586e-01, 7.6319e-01,  ..., 4.4689e-01,
           3.5558e-01, 8.5519e-01],
          [6.4279e-01, 5.1471e-01, 1.2737e-01,  ..., 8.5221e-01,
           2.8454e-01, 5.1598e-01],
          ...,
          [7.1410e-01, 2.8337e-01, 8.1202e-01,  ..., 6.6900e-01,
           8.2673e-01, 2.0746e-01],
          [4.3763e-01, 3.6372e-01, 7.7651e-01,  ..., 6.4743e-01,
           1.2772e-02, 6.2400e-01],
          [9.8514e-01, 2.8580e-01, 9.3252e-02,  ..., 8.6073e-02,
           6.6469e-01, 8.5182e-01]],

         ...,

         [[2.8038e-01, 5.6013e-01, 7.1290e-01,  ..., 9.5307e-01,
           3.4424e-01, 6.1274e-01],
          [2.5761e-01, 6.0441e-02, 5.3146e-01,  ..., 8.0343e-01,
           9.8102e-01, 2.3399e-01],
          [3.8176e-02, 3.0355e-01, 1.1443e-01,  ..., 2.5109e-01,
           6.8205e-02, 1.8098e-02],
          ...,
          [1.8892e-01, 3.9132e-01, 2.6439e-01,  ..., 7.0172e-01,
           4.9204e-01, 3.4087e-01],
          [9.7883e-01, 4.9238e-01, 5.8818e-01,  ..., 6.2859e-03,
           2.4117e-01, 6.3314e-01],
          [5.0621e-01, 7.3394e-01, 3.6675e-01,  ..., 2.3756e-01,
           9.4262e-01, 7.0404e-02]],

         [[6.8536e-01, 7.0422e-01, 1.1985e-01,  ..., 3.2373e-01,
           9.4295e-01, 9.3219e-01],
          [1.4326e-01, 4.0130e-01, 6.8952e-02,  ..., 5.7330e-01,
           4.0273e-01, 5.7815e-01],
          [3.5475e-02, 7.0218e-01, 3.7641e-01,  ..., 6.6196e-01,
           8.1498e-01, 9.5052e-01],
          ...,
          [2.8491e-01, 3.8090e-01, 2.9674e-01,  ..., 5.5996e-01,
           7.5992e-01, 9.4053e-01],
          [7.7006e-01, 4.8042e-01, 9.5913e-01,  ..., 2.8145e-01,
           5.7734e-01, 8.6238e-01],
          [1.2926e-01, 4.6979e-01, 3.5132e-01,  ..., 5.9867e-01,
           9.7779e-01, 9.6862e-03]],

         [[7.1871e-01, 3.6504e-01, 5.5444e-01,  ..., 3.3143e-01,
           2.1422e-01, 9.8872e-01],
          [5.1791e-02, 5.6278e-01, 5.4432e-01,  ..., 7.0987e-01,
           5.1633e-01, 9.3904e-01],
          [3.7325e-01, 6.6321e-01, 1.6427e-01,  ..., 2.4761e-02,
           7.8235e-01, 8.2388e-01],
          ...,
          [9.0006e-01, 6.4301e-01, 1.9061e-01,  ..., 8.4569e-01,
           4.3640e-01, 6.4665e-01],
          [5.4070e-01, 7.2089e-01, 9.9537e-02,  ..., 9.5662e-01,
           8.7691e-01, 2.6147e-01],
          [7.8258e-01, 1.6224e-01, 4.0960e-01,  ..., 7.2076e-01,
           7.6174e-01, 4.4063e-01]]],


        [[[4.6632e-01, 8.4077e-01, 9.7285e-01,  ..., 6.7842e-01,
           1.9320e-01, 8.3352e-01],
          [2.9791e-01, 3.0069e-01, 8.9374e-01,  ..., 2.2297e-01,
           9.5538e-01, 9.3442e-01],
          [7.3720e-01, 3.2110e-01, 7.8462e-02,  ..., 2.8731e-01,
           4.8373e-02, 3.9642e-01],
          ...,
          [2.4573e-01, 5.7352e-01, 8.6102e-02,  ..., 1.4264e-01,
           6.2043e-01, 8.2722e-01],
          [1.9144e-01, 4.7833e-01, 9.4041e-01,  ..., 7.0279e-01,
           9.0871e-01, 9.5788e-01],
          [8.7180e-01, 9.7726e-01, 6.3616e-01,  ..., 6.7285e-02,
           7.9028e-02, 4.2015e-01]],

         [[5.4056e-01, 4.2969e-01, 2.7651e-01,  ..., 9.5198e-01,
           9.5327e-01, 8.3033e-01],
          [5.8925e-01, 4.2106e-01, 1.4834e-01,  ..., 8.2059e-01,
           2.7458e-01, 1.0720e-01],
          [4.0314e-01, 2.3958e-01, 2.1887e-01,  ..., 9.9478e-02,
           1.8028e-01, 3.3337e-01],
          ...,
          [3.8240e-01, 6.9429e-01, 3.6728e-01,  ..., 3.1964e-01,
           7.2796e-01, 3.6305e-01],
          [1.8363e-01, 1.7162e-02, 6.2715e-01,  ..., 1.0898e-01,
           8.4055e-01, 8.5753e-01],
          [5.4241e-01, 2.8945e-01, 5.2649e-01,  ..., 6.1433e-01,
           4.2248e-02, 3.0194e-01]],

         [[9.7771e-01, 8.4717e-01, 2.8787e-01,  ..., 4.3681e-01,
           7.7380e-01, 2.5984e-01],
          [4.3374e-02, 8.9342e-01, 7.9134e-01,  ..., 2.3350e-02,
           8.1884e-01, 1.7407e-01],
          [4.4188e-01, 9.4156e-01, 7.1922e-01,  ..., 6.8206e-01,
           9.8571e-01, 2.5634e-01],
          ...,
          [3.2770e-01, 3.8349e-01, 4.1619e-01,  ..., 3.3304e-01,
           2.8915e-01, 8.0529e-01],
          [8.5145e-01, 4.4363e-01, 2.4263e-01,  ..., 6.4210e-01,
           4.9368e-01, 8.8384e-01],
          [6.8523e-01, 7.8938e-01, 6.8422e-01,  ..., 6.9242e-01,
           2.4880e-01, 5.4124e-01]],

         ...,

         [[1.9155e-01, 4.0809e-01, 7.9316e-02,  ..., 9.1780e-01,
           8.8452e-01, 6.9493e-01],
          [4.0285e-01, 1.5776e-01, 3.2867e-01,  ..., 5.2407e-01,
           8.5827e-01, 3.6433e-01],
          [9.3500e-02, 2.6303e-01, 3.3328e-01,  ..., 5.4405e-01,
           1.5779e-01, 1.4778e-01],
          ...,
          [7.3745e-01, 6.0650e-01, 2.7999e-01,  ..., 1.7706e-01,
           2.6385e-01, 9.8550e-01],
          [4.5948e-01, 9.2408e-01, 7.6704e-01,  ..., 7.8814e-01,
           6.6158e-01, 2.5610e-01],
          [7.1672e-01, 1.9552e-01, 7.2770e-01,  ..., 6.7944e-01,
           6.2188e-01, 1.8825e-01]],

         [[5.9480e-01, 1.4255e-01, 2.1732e-01,  ..., 5.3072e-01,
           5.6673e-01, 2.2365e-01],
          [5.3919e-02, 2.5138e-01, 8.5163e-01,  ..., 1.6173e-01,
           9.9483e-01, 2.0780e-01],
          [8.6833e-01, 6.4683e-01, 7.6856e-01,  ..., 8.3338e-01,
           8.6259e-01, 1.9492e-01],
          ...,
          [6.1310e-01, 6.0109e-01, 3.6108e-01,  ..., 3.3620e-01,
           7.7551e-01, 6.1730e-01],
          [7.3644e-01, 4.5405e-01, 9.4132e-01,  ..., 6.8997e-01,
           3.4306e-02, 1.9380e-01],
          [5.6868e-02, 3.6615e-01, 4.4180e-01,  ..., 7.4296e-01,
           1.5395e-01, 3.5384e-01]],

         [[9.7307e-01, 4.8688e-01, 9.5749e-01,  ..., 7.2542e-01,
           8.7880e-02, 3.7128e-02],
          [1.4753e-01, 1.0431e-01, 5.9167e-01,  ..., 8.1509e-01,
           1.2207e-01, 1.6217e-01],
          [8.9658e-01, 1.2273e-01, 8.5379e-01,  ..., 8.8511e-01,
           2.0853e-01, 3.5950e-01],
          ...,
          [9.9580e-01, 7.0494e-01, 1.3411e-01,  ..., 9.3433e-01,
           4.1413e-01, 3.0425e-01],
          [4.6211e-01, 3.2597e-01, 4.3181e-02,  ..., 2.6402e-02,
           6.0612e-01, 2.2816e-02],
          [2.7050e-01, 9.0674e-01, 8.6941e-02,  ..., 2.5507e-01,
           9.4359e-01, 3.5417e-01]]]])
