tensor([[[[4.3516e-01, 1.4085e-01, 3.7654e-01,  ..., 2.6455e-01,
           7.7861e-02, 4.6504e-01],
          [7.3499e-01, 6.2221e-02, 1.4673e-02,  ..., 6.3945e-01,
           9.6826e-01, 5.6334e-01],
          [8.8334e-01, 3.6174e-01, 5.6142e-02,  ..., 9.9545e-01,
           9.8895e-01, 7.6763e-01],
          ...,
          [1.9477e-01, 5.7792e-01, 1.2423e-01,  ..., 7.6069e-01,
           7.0724e-01, 8.2120e-01],
          [7.6498e-01, 6.6565e-02, 1.6759e-01,  ..., 8.7887e-01,
           3.4453e-01, 5.9184e-01],
          [1.9674e-02, 1.1108e-02, 9.8825e-01,  ..., 2.3260e-01,
           1.4894e-01, 4.3625e-01]],

         [[1.4318e-01, 8.9984e-01, 6.9303e-01,  ..., 9.0141e-01,
           1.7038e-01, 9.1571e-01],
          [9.3738e-02, 3.4369e-01, 1.5871e-01,  ..., 2.4882e-01,
           3.1224e-01, 9.5752e-01],
          [4.4995e-01, 4.1728e-02, 6.3631e-01,  ..., 4.3721e-01,
           9.3010e-01, 3.5288e-01],
          ...,
          [9.6487e-01, 9.7188e-01, 1.1919e-01,  ..., 1.3734e-01,
           5.0722e-02, 7.8024e-01],
          [5.9097e-03, 4.1414e-01, 5.1707e-01,  ..., 2.4701e-01,
           8.0430e-01, 3.8227e-01],
          [9.5620e-01, 6.9214e-02, 2.6521e-02,  ..., 2.1638e-01,
           5.2484e-01, 9.1997e-01]],

         [[8.9505e-01, 5.2636e-01, 8.4948e-01,  ..., 8.1820e-01,
           3.4368e-01, 2.8202e-01],
          [5.8004e-01, 2.8461e-01, 6.3046e-01,  ..., 5.4048e-01,
           6.0959e-01, 6.4845e-01],
          [1.8942e-01, 7.1001e-01, 2.9245e-01,  ..., 6.8985e-01,
           1.3724e-02, 1.6408e-01],
          ...,
          [5.5434e-01, 5.9549e-01, 1.2283e-01,  ..., 8.7292e-01,
           1.1843e-01, 1.7335e-01],
          [3.5893e-01, 6.5842e-01, 7.8676e-01,  ..., 8.0038e-01,
           4.0203e-01, 5.7171e-01],
          [4.6547e-01, 9.3107e-01, 3.7202e-01,  ..., 9.4589e-01,
           2.1200e-01, 1.5795e-01]],

         ...,

         [[7.5561e-01, 8.2686e-01, 5.3805e-01,  ..., 4.6981e-01,
           8.8664e-01, 6.3626e-01],
          [9.7196e-01, 7.8455e-01, 6.2314e-01,  ..., 8.8410e-01,
           4.1246e-01, 6.2426e-03],
          [2.2645e-01, 2.4855e-01, 9.1784e-01,  ..., 2.0192e-01,
           1.7538e-02, 3.9251e-01],
          ...,
          [7.1435e-01, 5.2543e-01, 6.2430e-01,  ..., 6.1038e-01,
           4.6352e-01, 3.5516e-01],
          [6.1847e-01, 9.7082e-01, 7.3422e-01,  ..., 2.4489e-01,
           3.4514e-01, 7.4820e-01],
          [4.0331e-01, 4.7407e-01, 7.5690e-01,  ..., 2.4455e-01,
           5.3298e-01, 3.8617e-01]],

         [[4.3739e-01, 1.6740e-01, 7.7483e-02,  ..., 2.9277e-01,
           7.0409e-01, 1.8504e-01],
          [3.3364e-01, 3.5851e-01, 5.4861e-01,  ..., 2.8840e-01,
           1.6207e-01, 2.7870e-01],
          [6.1578e-01, 3.9812e-01, 4.9403e-01,  ..., 1.0399e-01,
           1.4487e-01, 6.1274e-01],
          ...,
          [7.1847e-01, 7.8856e-01, 6.2906e-01,  ..., 7.6721e-01,
           5.7540e-01, 6.5367e-02],
          [6.7536e-01, 8.4947e-01, 1.8671e-01,  ..., 5.9067e-01,
           3.8124e-01, 2.2028e-01],
          [7.0027e-01, 3.9815e-01, 6.5805e-01,  ..., 8.0055e-01,
           1.5069e-01, 6.4398e-01]],

         [[4.2768e-01, 7.3211e-01, 6.4699e-01,  ..., 3.8646e-01,
           8.0261e-01, 5.7522e-01],
          [5.8100e-01, 8.1375e-02, 7.1382e-01,  ..., 5.6472e-01,
           7.5360e-01, 6.2716e-01],
          [5.8795e-01, 7.1637e-01, 2.8799e-01,  ..., 8.5128e-01,
           4.9058e-01, 8.4377e-01],
          ...,
          [1.7878e-02, 8.0401e-02, 3.1366e-01,  ..., 7.8588e-01,
           8.4126e-01, 6.9500e-01],
          [4.2558e-01, 7.8631e-01, 7.5139e-01,  ..., 4.6239e-01,
           3.1561e-01, 5.5263e-01],
          [2.6275e-01, 8.7724e-01, 7.6195e-01,  ..., 5.0140e-01,
           6.7860e-01, 1.0436e-01]]],


        [[[2.5342e-01, 9.5292e-01, 1.3114e-01,  ..., 1.9882e-01,
           1.7228e-01, 1.9873e-01],
          [7.8436e-01, 9.3448e-01, 1.4588e-01,  ..., 8.7117e-01,
           2.7010e-03, 2.9171e-01],
          [6.8357e-01, 5.4087e-01, 8.2378e-02,  ..., 7.1219e-01,
           1.3232e-02, 3.3513e-01],
          ...,
          [5.0544e-01, 1.0401e-01, 2.5858e-01,  ..., 5.0716e-01,
           8.5603e-01, 5.2227e-01],
          [7.4592e-01, 2.8820e-02, 1.9056e-01,  ..., 8.9128e-01,
           7.6071e-01, 1.2803e-01],
          [1.4225e-01, 4.5422e-01, 3.4716e-01,  ..., 1.5221e-01,
           2.2479e-01, 7.7660e-01]],

         [[2.0624e-01, 5.6130e-01, 8.5636e-01,  ..., 5.8924e-01,
           9.5845e-01, 5.2996e-01],
          [7.8382e-01, 1.4187e-01, 7.6467e-01,  ..., 8.9965e-01,
           8.0308e-02, 6.6392e-01],
          [2.2259e-01, 1.6507e-01, 6.4605e-01,  ..., 9.6923e-01,
           5.5490e-01, 1.9012e-01],
          ...,
          [4.3069e-01, 3.2642e-01, 3.4626e-01,  ..., 4.9007e-01,
           1.5999e-01, 9.5598e-02],
          [9.1510e-01, 6.0576e-01, 8.7666e-01,  ..., 6.8125e-01,
           8.9320e-01, 9.8902e-01],
          [4.7067e-01, 3.6711e-01, 8.7803e-01,  ..., 9.0171e-01,
           3.9259e-01, 9.7671e-01]],

         [[6.9549e-01, 5.1895e-01, 4.5690e-01,  ..., 8.5366e-02,
           3.7811e-01, 2.3301e-01],
          [8.5507e-01, 1.7812e-01, 4.4864e-01,  ..., 2.9673e-01,
           5.0541e-01, 4.1971e-01],
          [8.2044e-01, 3.7789e-01, 5.8857e-01,  ..., 5.6951e-01,
           4.2353e-01, 6.9958e-01],
          ...,
          [8.6542e-01, 1.9611e-01, 7.7552e-01,  ..., 1.2192e-01,
           3.5049e-01, 9.5727e-01],
          [9.9332e-01, 7.3860e-01, 1.1623e-01,  ..., 6.2068e-02,
           6.9854e-01, 2.9583e-01],
          [3.8402e-01, 5.2217e-01, 8.3680e-01,  ..., 1.9915e-01,
           4.9225e-01, 8.8540e-01]],

         ...,

         [[5.1246e-01, 4.1396e-01, 6.4212e-01,  ..., 6.4994e-01,
           8.3988e-01, 2.7801e-02],
          [1.8354e-01, 7.3176e-01, 2.0944e-01,  ..., 7.8891e-01,
           2.6946e-01, 8.2169e-01],
          [4.6212e-01, 3.8714e-01, 9.3968e-01,  ..., 6.1825e-01,
           9.2584e-02, 4.3867e-01],
          ...,
          [6.6043e-01, 4.6092e-01, 1.6263e-01,  ..., 1.8623e-01,
           7.2091e-01, 2.6947e-01],
          [6.0830e-01, 5.4140e-01, 7.6658e-01,  ..., 4.6758e-02,
           8.1558e-01, 9.9819e-01],
          [6.4431e-01, 8.3845e-01, 8.9537e-01,  ..., 9.8951e-01,
           7.6875e-01, 5.8029e-01]],

         [[7.5020e-02, 7.9456e-01, 3.3057e-01,  ..., 8.7195e-01,
           3.1184e-01, 2.0521e-01],
          [1.4544e-02, 8.1870e-01, 5.0537e-01,  ..., 3.2181e-01,
           5.7183e-01, 5.3073e-01],
          [5.4452e-01, 9.2987e-01, 6.1042e-01,  ..., 8.1584e-01,
           6.8963e-01, 7.5327e-01],
          ...,
          [1.4949e-01, 7.8946e-01, 1.6973e-01,  ..., 6.5109e-01,
           6.5327e-01, 2.1455e-01],
          [6.0976e-01, 7.8534e-01, 6.9190e-01,  ..., 8.1484e-01,
           4.4404e-01, 4.5639e-01],
          [2.0663e-01, 8.8598e-01, 7.2850e-02,  ..., 1.3552e-01,
           7.8302e-01, 3.8414e-02]],

         [[1.6436e-01, 6.4281e-01, 8.4254e-01,  ..., 6.8056e-02,
           4.8087e-01, 7.3849e-01],
          [2.0924e-01, 2.7117e-01, 5.0933e-01,  ..., 7.4093e-01,
           4.6310e-01, 5.8102e-01],
          [8.9101e-01, 3.2533e-01, 3.7432e-01,  ..., 1.1392e-01,
           4.9417e-01, 4.6058e-01],
          ...,
          [6.5925e-01, 3.0289e-02, 3.1584e-01,  ..., 5.8266e-01,
           4.6692e-01, 8.7920e-01],
          [6.5226e-01, 6.6997e-01, 8.4838e-01,  ..., 5.3114e-01,
           3.6516e-02, 6.4872e-01],
          [4.9691e-01, 6.5827e-01, 2.6627e-01,  ..., 2.3310e-02,
           6.4388e-02, 8.0045e-01]]],


        [[[2.3616e-01, 4.7211e-01, 7.1030e-01,  ..., 8.3308e-01,
           9.4218e-02, 4.5478e-01],
          [3.1262e-01, 1.6961e-01, 6.0748e-01,  ..., 3.5796e-01,
           3.7049e-01, 8.7994e-01],
          [7.4456e-01, 5.8705e-01, 3.1291e-01,  ..., 8.0556e-04,
           2.9611e-02, 3.5036e-01],
          ...,
          [3.8282e-01, 7.8659e-01, 4.8187e-02,  ..., 7.9472e-01,
           5.6628e-01, 6.3304e-01],
          [8.5972e-01, 7.1005e-01, 8.9725e-01,  ..., 5.1905e-01,
           1.6970e-01, 2.2786e-01],
          [4.1770e-02, 8.5230e-01, 7.8136e-01,  ..., 1.1061e-01,
           1.8824e-01, 7.3317e-01]],

         [[2.7510e-01, 6.0169e-01, 2.4949e-01,  ..., 2.9015e-01,
           7.9377e-01, 8.7305e-01],
          [2.6136e-01, 6.6818e-01, 7.2133e-01,  ..., 8.0388e-01,
           4.9205e-01, 2.8048e-02],
          [1.4286e-02, 7.5517e-01, 5.3741e-01,  ..., 6.0156e-02,
           2.5179e-01, 3.3121e-01],
          ...,
          [4.8402e-01, 9.4645e-01, 5.5806e-01,  ..., 5.1769e-02,
           7.8774e-01, 1.5530e-01],
          [6.8088e-01, 7.5274e-01, 3.5898e-01,  ..., 3.7526e-01,
           8.5782e-01, 3.9356e-01],
          [6.2649e-01, 9.3152e-01, 6.7708e-01,  ..., 9.6934e-01,
           3.0628e-02, 8.5443e-01]],

         [[2.6955e-01, 8.1917e-01, 3.9399e-02,  ..., 3.5390e-01,
           6.9538e-02, 3.8715e-01],
          [2.8970e-01, 7.0927e-01, 5.8202e-01,  ..., 2.0027e-01,
           9.1597e-01, 2.6985e-02],
          [5.1713e-02, 9.4572e-01, 8.7969e-01,  ..., 7.1981e-01,
           9.8153e-01, 2.3539e-01],
          ...,
          [9.1728e-01, 4.4616e-01, 7.6228e-01,  ..., 5.1963e-01,
           3.0839e-01, 1.8848e-01],
          [1.2771e-01, 4.4946e-01, 4.9736e-01,  ..., 8.9257e-01,
           6.9199e-01, 5.6691e-01],
          [2.7613e-01, 7.7228e-02, 1.9055e-01,  ..., 3.7606e-01,
           9.0210e-01, 8.9893e-01]],

         ...,

         [[7.8684e-02, 2.5093e-01, 7.7924e-01,  ..., 7.4171e-01,
           9.5406e-01, 8.6779e-01],
          [1.3776e-01, 6.5279e-01, 3.6553e-01,  ..., 5.1934e-01,
           9.1697e-01, 3.2634e-01],
          [5.5552e-01, 2.0394e-01, 9.8566e-01,  ..., 8.8792e-01,
           4.8179e-01, 9.2579e-01],
          ...,
          [3.3250e-01, 9.0949e-01, 7.8951e-01,  ..., 8.5299e-01,
           9.1744e-02, 3.8011e-01],
          [5.1963e-01, 6.9034e-01, 9.4120e-01,  ..., 9.7297e-02,
           2.9275e-01, 3.0257e-01],
          [8.7658e-01, 7.9373e-01, 6.4708e-02,  ..., 6.2137e-01,
           9.9902e-02, 7.0050e-01]],

         [[9.6681e-01, 5.4633e-01, 7.7274e-01,  ..., 3.8711e-01,
           8.9543e-01, 2.9470e-01],
          [6.3944e-01, 6.6609e-01, 7.5764e-01,  ..., 6.3557e-01,
           6.6922e-01, 9.3315e-01],
          [5.8478e-01, 7.7677e-02, 7.5965e-01,  ..., 1.7191e-01,
           4.9947e-01, 4.0424e-01],
          ...,
          [3.0057e-01, 7.9781e-01, 2.6841e-02,  ..., 6.7322e-02,
           9.7423e-01, 5.5801e-01],
          [6.5223e-01, 6.4599e-01, 3.2560e-01,  ..., 8.4729e-01,
           4.9523e-01, 1.2489e-01],
          [3.0872e-01, 2.5880e-01, 8.1566e-01,  ..., 1.1865e-01,
           8.0083e-01, 4.7860e-01]],

         [[3.6263e-01, 5.2667e-01, 3.6591e-01,  ..., 1.0673e-01,
           3.1835e-02, 6.8286e-01],
          [6.4764e-01, 5.4476e-01, 5.4549e-01,  ..., 3.0358e-01,
           2.2102e-01, 4.2843e-01],
          [5.0912e-01, 5.1902e-01, 4.8248e-01,  ..., 9.9984e-01,
           7.4630e-01, 5.0095e-01],
          ...,
          [1.7805e-01, 7.5976e-01, 2.3890e-01,  ..., 5.2994e-01,
           3.0546e-01, 4.2203e-01],
          [3.3560e-03, 2.2150e-01, 3.4202e-01,  ..., 9.0059e-01,
           7.8220e-01, 8.6488e-01],
          [2.0360e-01, 3.4284e-01, 4.7922e-01,  ..., 7.4412e-01,
           2.4333e-01, 5.1214e-01]]],


        ...,


        [[[2.3146e-01, 9.4816e-01, 6.2876e-01,  ..., 7.3439e-01,
           6.6183e-01, 9.0103e-01],
          [5.3432e-01, 4.7748e-01, 2.5433e-01,  ..., 8.3360e-01,
           5.5827e-01, 4.1732e-01],
          [9.9956e-01, 5.2936e-01, 1.3855e-01,  ..., 1.8003e-02,
           7.5916e-01, 1.6848e-01],
          ...,
          [8.2483e-01, 2.2427e-01, 6.4809e-01,  ..., 5.3755e-01,
           2.2281e-01, 5.9546e-01],
          [1.7478e-01, 5.2268e-01, 6.7820e-01,  ..., 1.9222e-01,
           9.0353e-01, 7.4776e-01],
          [1.7856e-01, 8.2371e-01, 2.6514e-01,  ..., 9.5345e-01,
           4.7745e-01, 2.3294e-01]],

         [[1.9311e-02, 6.3425e-01, 4.1810e-01,  ..., 3.1728e-01,
           3.0385e-01, 8.8365e-01],
          [2.2288e-01, 2.5757e-01, 1.7945e-01,  ..., 5.1081e-01,
           2.2250e-01, 5.1822e-01],
          [2.4800e-01, 8.7752e-01, 6.7281e-01,  ..., 2.0170e-01,
           1.5321e-01, 8.5162e-01],
          ...,
          [8.1856e-01, 8.2454e-01, 2.2356e-01,  ..., 3.1505e-01,
           5.9767e-01, 8.7958e-01],
          [1.1364e-01, 7.6289e-01, 7.8216e-01,  ..., 5.1571e-02,
           2.8624e-01, 3.9188e-01],
          [4.7237e-01, 6.2297e-01, 1.2448e-01,  ..., 6.4599e-01,
           3.1380e-01, 6.4727e-01]],

         [[5.4259e-01, 3.8025e-01, 9.7716e-01,  ..., 5.1077e-01,
           7.1611e-01, 1.7461e-01],
          [3.9526e-01, 1.4618e-01, 2.4101e-01,  ..., 3.6799e-01,
           4.3313e-01, 5.5599e-01],
          [3.8865e-01, 1.8428e-01, 2.1980e-02,  ..., 2.0737e-01,
           4.5780e-01, 7.0788e-01],
          ...,
          [3.8309e-01, 8.7718e-01, 1.2925e-01,  ..., 3.9141e-01,
           2.5495e-01, 6.1563e-01],
          [3.3075e-02, 6.2896e-01, 3.2199e-01,  ..., 8.0825e-01,
           9.6340e-01, 1.3603e-01],
          [8.3221e-01, 4.8157e-01, 7.6188e-01,  ..., 3.7269e-01,
           6.1691e-01, 9.2881e-01]],

         ...,

         [[9.0773e-01, 2.7275e-01, 8.8569e-01,  ..., 4.3083e-01,
           4.9205e-01, 3.2904e-01],
          [4.5783e-01, 2.1292e-01, 2.4321e-01,  ..., 1.0544e-01,
           5.5604e-01, 9.4748e-01],
          [2.7361e-01, 1.4067e-01, 5.3664e-01,  ..., 2.8712e-01,
           4.4589e-01, 4.4010e-01],
          ...,
          [5.7947e-01, 5.4961e-01, 2.1908e-02,  ..., 7.1261e-01,
           4.4154e-01, 6.8610e-01],
          [4.2396e-01, 1.0773e-01, 1.4881e-01,  ..., 7.9847e-02,
           1.5951e-01, 8.7046e-01],
          [9.7955e-01, 6.6819e-02, 2.3459e-01,  ..., 1.8095e-02,
           9.7993e-01, 2.8421e-02]],

         [[2.3848e-01, 9.0494e-01, 9.3654e-01,  ..., 3.7934e-03,
           7.4588e-01, 4.0702e-01],
          [3.5256e-01, 4.4069e-01, 2.8419e-02,  ..., 6.8835e-01,
           2.5529e-01, 9.1679e-01],
          [1.5602e-01, 2.9382e-01, 3.5203e-01,  ..., 4.3935e-01,
           5.9997e-01, 1.3894e-04],
          ...,
          [4.5203e-02, 4.1975e-01, 3.9353e-01,  ..., 5.3810e-01,
           4.0847e-01, 3.6921e-01],
          [2.3662e-03, 7.0264e-01, 9.0855e-01,  ..., 6.4236e-01,
           8.0975e-01, 4.8220e-01],
          [3.8493e-02, 7.5775e-04, 2.4612e-01,  ..., 6.7881e-01,
           4.9278e-01, 7.3590e-01]],

         [[9.8697e-01, 1.0006e-01, 5.0656e-01,  ..., 4.5078e-01,
           6.2966e-04, 1.1094e-02],
          [4.5710e-01, 7.6807e-01, 4.0026e-01,  ..., 2.1778e-01,
           7.5297e-01, 7.7552e-01],
          [9.7383e-01, 3.2373e-01, 7.9132e-01,  ..., 4.0606e-01,
           4.8960e-01, 6.8479e-01],
          ...,
          [6.1471e-01, 3.9914e-01, 9.0173e-01,  ..., 2.0722e-01,
           5.4846e-01, 5.2181e-02],
          [8.4686e-01, 5.8187e-01, 9.6186e-01,  ..., 1.0488e-01,
           3.9906e-01, 6.7386e-01],
          [6.8850e-01, 4.7557e-01, 8.2147e-02,  ..., 4.0320e-01,
           6.5456e-01, 6.2180e-01]]],


        [[[8.3541e-01, 5.4400e-01, 5.1975e-01,  ..., 4.3712e-01,
           3.3009e-01, 3.5046e-01],
          [6.2619e-01, 1.2422e-01, 4.1750e-01,  ..., 6.1729e-01,
           2.8635e-01, 9.8868e-01],
          [7.0056e-01, 3.6342e-01, 3.6119e-01,  ..., 4.1852e-01,
           1.0204e-01, 6.7137e-01],
          ...,
          [4.5561e-01, 2.5882e-01, 6.3325e-01,  ..., 7.8760e-01,
           3.4942e-01, 3.4960e-03],
          [7.6485e-01, 5.7301e-01, 2.8477e-01,  ..., 1.4886e-01,
           5.1638e-01, 3.1399e-01],
          [1.7995e-01, 4.9474e-01, 9.2819e-01,  ..., 9.1139e-01,
           2.9142e-02, 3.2700e-01]],

         [[5.5285e-01, 9.2675e-01, 3.0716e-01,  ..., 9.2488e-01,
           7.3726e-01, 6.3494e-01],
          [9.4223e-01, 8.2240e-01, 3.1321e-01,  ..., 5.7957e-01,
           2.9631e-01, 4.3036e-02],
          [8.6031e-01, 2.6819e-01, 3.7683e-01,  ..., 8.5884e-01,
           9.5905e-02, 4.0683e-02],
          ...,
          [4.4442e-01, 6.4898e-01, 9.7289e-01,  ..., 2.7987e-01,
           2.1819e-01, 5.7271e-01],
          [9.6036e-01, 9.8355e-01, 8.9709e-01,  ..., 4.0939e-01,
           9.5541e-01, 1.8316e-01],
          [9.3407e-01, 2.5327e-01, 3.7938e-01,  ..., 2.4204e-01,
           6.5215e-01, 8.6644e-01]],

         [[5.5725e-01, 8.5299e-01, 3.9408e-01,  ..., 4.8187e-01,
           8.6772e-01, 8.1397e-01],
          [7.7001e-02, 9.1074e-01, 4.0541e-01,  ..., 1.3041e-01,
           7.9609e-01, 8.5655e-01],
          [1.1679e-01, 1.8760e-01, 8.0855e-01,  ..., 7.0369e-01,
           8.7982e-01, 1.0819e-02],
          ...,
          [5.3923e-01, 4.1380e-01, 5.3153e-01,  ..., 3.3057e-01,
           3.4723e-01, 6.5331e-02],
          [3.8556e-01, 2.4418e-01, 5.2439e-01,  ..., 1.6039e-01,
           9.5846e-01, 3.7252e-01],
          [8.6580e-01, 9.2596e-02, 3.2688e-02,  ..., 3.7485e-01,
           8.3198e-01, 6.4611e-01]],

         ...,

         [[6.2012e-01, 7.6199e-01, 3.4749e-01,  ..., 7.9540e-02,
           5.3299e-01, 6.5451e-01],
          [9.3347e-01, 4.4839e-01, 9.2707e-01,  ..., 7.0350e-01,
           6.4251e-01, 5.6001e-01],
          [9.5021e-01, 9.9131e-01, 4.3122e-01,  ..., 2.3254e-01,
           2.1253e-01, 6.1568e-01],
          ...,
          [5.7007e-01, 5.4875e-01, 7.3135e-01,  ..., 4.9904e-01,
           1.8795e-01, 2.6965e-01],
          [1.9652e-02, 6.9945e-01, 2.7409e-01,  ..., 8.3757e-01,
           8.2642e-01, 8.5885e-01],
          [9.5809e-01, 1.2085e-01, 6.8430e-01,  ..., 3.1648e-01,
           7.6354e-01, 5.1124e-01]],

         [[5.5933e-02, 5.5386e-01, 8.8861e-01,  ..., 1.8881e-01,
           3.3012e-01, 2.4180e-01],
          [9.5439e-01, 5.2336e-01, 1.7340e-01,  ..., 9.3965e-01,
           7.6993e-01, 7.6158e-02],
          [8.9803e-01, 9.2263e-02, 7.3733e-02,  ..., 6.5772e-01,
           3.6521e-01, 4.8692e-01],
          ...,
          [6.7520e-01, 1.6247e-01, 7.3013e-01,  ..., 8.8484e-01,
           5.4083e-01, 2.7249e-02],
          [2.0963e-01, 6.7439e-01, 7.3063e-01,  ..., 5.7512e-01,
           9.0419e-01, 8.6987e-01],
          [7.6159e-01, 4.3907e-01, 2.8348e-01,  ..., 8.8147e-01,
           3.3500e-01, 2.8678e-01]],

         [[2.7955e-01, 9.2066e-02, 4.7653e-01,  ..., 7.1786e-01,
           4.3619e-01, 1.0761e-01],
          [6.9003e-01, 8.1315e-01, 1.2699e-01,  ..., 1.2868e-01,
           5.1808e-01, 4.3307e-01],
          [9.2347e-01, 8.2392e-01, 2.1352e-01,  ..., 6.0320e-03,
           4.8186e-01, 3.0568e-01],
          ...,
          [6.4516e-01, 6.7110e-01, 2.8992e-01,  ..., 8.4373e-01,
           7.5332e-01, 1.4914e-01],
          [4.9403e-01, 9.4800e-01, 4.3182e-01,  ..., 6.4141e-02,
           5.7403e-01, 1.7479e-01],
          [7.1187e-01, 1.4748e-01, 9.9206e-01,  ..., 5.0238e-02,
           7.8591e-01, 9.2460e-01]]],


        [[[4.3097e-01, 4.1785e-01, 2.2481e-01,  ..., 3.8640e-01,
           7.9016e-01, 8.4039e-02],
          [8.2309e-02, 6.6967e-01, 5.0402e-01,  ..., 3.9714e-01,
           3.6116e-01, 7.8221e-01],
          [1.6159e-01, 5.0850e-01, 3.3170e-01,  ..., 6.6076e-02,
           8.1313e-01, 9.0292e-01],
          ...,
          [8.6563e-02, 7.6914e-01, 4.4457e-01,  ..., 3.0707e-01,
           6.9579e-01, 4.8028e-01],
          [1.9001e-01, 7.6543e-01, 3.5456e-01,  ..., 9.8909e-01,
           9.8693e-01, 4.1931e-01],
          [7.3675e-01, 6.3595e-01, 2.9322e-01,  ..., 7.0394e-02,
           8.5233e-01, 4.0606e-02]],

         [[8.1271e-01, 1.0928e-01, 6.6338e-01,  ..., 9.7088e-01,
           8.8470e-01, 9.2967e-02],
          [2.0291e-01, 1.7295e-02, 5.9737e-01,  ..., 3.2516e-01,
           1.6911e-01, 8.9077e-01],
          [3.6608e-01, 8.4306e-01, 7.8855e-01,  ..., 9.8013e-02,
           1.3748e-01, 8.7698e-01],
          ...,
          [3.2025e-01, 4.5909e-02, 3.1191e-01,  ..., 4.3146e-01,
           7.7698e-01, 5.1170e-01],
          [7.3796e-01, 5.4327e-01, 5.5912e-01,  ..., 6.8364e-01,
           3.7406e-01, 4.8952e-01],
          [6.7946e-01, 4.9982e-01, 1.4841e-01,  ..., 1.5878e-02,
           2.2013e-01, 3.4626e-01]],

         [[3.7327e-01, 3.5509e-01, 5.5096e-01,  ..., 6.5645e-02,
           8.0126e-01, 1.4446e-01],
          [8.0248e-01, 4.9883e-01, 8.8323e-01,  ..., 1.8044e-01,
           4.0285e-01, 5.7025e-01],
          [3.5624e-01, 2.4793e-01, 8.4294e-01,  ..., 9.4339e-02,
           5.2961e-01, 3.0646e-02],
          ...,
          [1.5594e-02, 3.6992e-01, 1.0224e-01,  ..., 8.7464e-01,
           1.5283e-01, 1.6809e-01],
          [6.4567e-01, 5.5054e-01, 7.1258e-01,  ..., 2.2189e-01,
           6.0689e-01, 9.3018e-01],
          [9.5890e-01, 5.1904e-01, 2.5664e-01,  ..., 2.8778e-02,
           5.6874e-01, 5.2020e-01]],

         ...,

         [[7.3734e-01, 4.9262e-01, 8.2638e-01,  ..., 3.4803e-01,
           9.2959e-01, 3.1968e-01],
          [3.1309e-01, 4.8173e-01, 9.0442e-01,  ..., 1.9799e-01,
           3.5889e-01, 1.7233e-01],
          [3.5373e-01, 5.8520e-01, 6.3362e-01,  ..., 1.1130e-01,
           1.7751e-01, 8.8532e-01],
          ...,
          [3.0587e-01, 6.7561e-01, 1.6062e-01,  ..., 6.1394e-01,
           4.9685e-01, 6.2143e-01],
          [5.4496e-01, 2.4260e-01, 4.6408e-01,  ..., 6.5584e-01,
           7.9064e-02, 5.1250e-01],
          [5.0261e-01, 1.3668e-02, 7.0659e-01,  ..., 5.6292e-01,
           3.9341e-01, 9.7377e-01]],

         [[7.8680e-01, 1.2126e-01, 7.6299e-01,  ..., 2.2804e-01,
           2.8552e-01, 4.5296e-01],
          [7.7356e-01, 6.8711e-02, 7.6100e-02,  ..., 1.9887e-02,
           9.0293e-01, 9.9642e-01],
          [8.4597e-01, 8.8198e-01, 4.6417e-01,  ..., 8.3536e-01,
           6.4170e-01, 1.6486e-01],
          ...,
          [2.6471e-01, 6.6092e-01, 6.1815e-01,  ..., 6.3915e-01,
           4.3862e-01, 1.4025e-01],
          [4.2068e-01, 6.3238e-01, 9.9747e-01,  ..., 2.8692e-01,
           6.1508e-01, 7.4221e-01],
          [1.0688e-01, 9.5103e-01, 6.4031e-01,  ..., 3.7963e-01,
           2.9763e-01, 4.5250e-01]],

         [[8.5024e-01, 4.6212e-01, 2.0617e-01,  ..., 9.7864e-01,
           1.4851e-01, 5.6272e-01],
          [4.0169e-01, 9.2797e-01, 2.6935e-01,  ..., 5.1260e-01,
           5.6995e-01, 8.8660e-01],
          [9.1531e-01, 4.3135e-01, 4.5049e-01,  ..., 8.8008e-01,
           3.2829e-01, 1.0885e-01],
          ...,
          [5.6764e-01, 6.1333e-01, 9.0376e-01,  ..., 6.2740e-01,
           1.9895e-01, 3.5138e-01],
          [5.4165e-01, 3.8602e-01, 2.6741e-01,  ..., 5.6351e-01,
           5.2941e-01, 6.1803e-01],
          [3.5044e-01, 9.2309e-01, 3.9724e-02,  ..., 6.9400e-01,
           4.3140e-01, 2.1083e-02]]]])
