tensor([[[[2.8880e-01, 9.0894e-01, 5.6173e-01,  ..., 8.2729e-02,
           3.0695e-02, 6.7781e-01],
          [7.6261e-01, 5.1106e-01, 5.4640e-01,  ..., 2.5144e-01,
           2.5911e-01, 1.1781e-01],
          [7.2252e-01, 4.2171e-01, 2.5188e-01,  ..., 2.4924e-01,
           6.7573e-01, 7.1693e-01],
          ...,
          [2.0899e-01, 1.1364e-01, 9.6292e-01,  ..., 4.2034e-01,
           2.0430e-01, 4.6295e-01],
          [6.7440e-01, 3.7388e-02, 8.6532e-02,  ..., 6.3393e-01,
           3.0218e-01, 7.9866e-01],
          [2.3322e-02, 1.0391e-01, 1.8451e-01,  ..., 3.5704e-01,
           7.4128e-01, 1.7181e-01]],

         [[3.9653e-01, 3.0298e-01, 2.4147e-01,  ..., 7.2463e-01,
           5.2311e-01, 6.9265e-01],
          [1.3210e-01, 9.8112e-01, 5.1233e-01,  ..., 7.8259e-01,
           1.2392e-01, 9.1691e-01],
          [7.8633e-01, 8.8916e-02, 9.3304e-01,  ..., 3.4171e-01,
           5.5611e-01, 3.2571e-01],
          ...,
          [3.9921e-01, 6.5696e-02, 6.4106e-01,  ..., 2.3613e-01,
           4.7493e-01, 7.0650e-01],
          [6.1492e-01, 4.8776e-01, 5.2278e-01,  ..., 8.6821e-01,
           9.5379e-01, 8.3030e-01],
          [1.2318e-01, 9.9512e-02, 5.7813e-01,  ..., 5.8353e-02,
           1.1159e-02, 7.0451e-01]],

         [[9.7121e-01, 2.8270e-01, 4.7989e-01,  ..., 6.6645e-01,
           3.2726e-01, 1.4120e-01],
          [8.5234e-01, 3.8845e-02, 9.1942e-01,  ..., 4.4572e-04,
           5.5108e-01, 2.5302e-01],
          [2.0350e-01, 2.8085e-01, 5.9653e-01,  ..., 9.1215e-01,
           6.5431e-01, 8.2805e-01],
          ...,
          [3.0757e-01, 4.9019e-01, 7.0872e-01,  ..., 6.7622e-01,
           3.4557e-01, 6.7499e-01],
          [8.2330e-01, 7.7601e-01, 2.7733e-01,  ..., 3.2581e-01,
           3.9610e-01, 1.4193e-01],
          [5.0677e-01, 7.0369e-02, 8.5279e-01,  ..., 1.7874e-01,
           7.9388e-01, 4.9244e-01]],

         ...,

         [[4.9613e-01, 7.6222e-01, 9.7626e-01,  ..., 7.6170e-01,
           4.0761e-02, 6.6138e-01],
          [3.6786e-01, 1.0349e-01, 2.5178e-01,  ..., 6.3937e-01,
           3.7574e-02, 1.9484e-01],
          [2.2835e-01, 9.6060e-02, 3.2063e-01,  ..., 2.4935e-01,
           7.0630e-01, 3.4876e-01],
          ...,
          [5.4951e-02, 7.9870e-01, 2.4031e-01,  ..., 8.3195e-01,
           3.5554e-02, 8.5838e-01],
          [9.3207e-01, 5.7153e-01, 7.8769e-01,  ..., 3.9726e-01,
           2.7436e-01, 5.8684e-01],
          [9.5451e-02, 9.7088e-01, 9.7599e-01,  ..., 3.5139e-01,
           3.9454e-01, 5.3214e-01]],

         [[8.8158e-01, 3.8675e-01, 5.7499e-01,  ..., 2.8257e-01,
           8.5426e-01, 7.9959e-01],
          [9.4765e-01, 7.2526e-01, 1.9899e-01,  ..., 1.7302e-01,
           5.3777e-01, 9.0041e-02],
          [3.2607e-01, 7.9787e-01, 9.2173e-01,  ..., 4.4699e-01,
           5.2226e-01, 1.3666e-01],
          ...,
          [9.1535e-01, 5.3781e-01, 1.7740e-01,  ..., 3.4824e-01,
           7.6286e-01, 2.4518e-01],
          [4.8223e-01, 6.1897e-01, 9.2419e-01,  ..., 4.6075e-01,
           2.9063e-01, 2.9575e-01],
          [9.0017e-01, 7.8374e-02, 9.1952e-01,  ..., 7.4115e-01,
           4.9620e-01, 4.6357e-01]],

         [[7.8870e-01, 2.9703e-02, 3.2565e-01,  ..., 5.9609e-02,
           6.1110e-01, 4.8819e-01],
          [1.5849e-01, 8.4118e-02, 8.5417e-01,  ..., 6.9300e-01,
           8.7098e-01, 1.5555e-01],
          [9.3159e-01, 3.4873e-02, 3.2439e-02,  ..., 8.8813e-02,
           5.9097e-01, 6.8986e-01],
          ...,
          [2.2523e-01, 2.2305e-01, 1.2921e-01,  ..., 3.0376e-02,
           4.7487e-01, 6.3245e-01],
          [4.2779e-01, 9.8924e-01, 8.1725e-01,  ..., 1.9710e-01,
           7.6216e-02, 9.2207e-02],
          [2.1215e-01, 8.6289e-02, 3.0730e-02,  ..., 3.0758e-02,
           9.8563e-01, 7.4997e-01]]],


        [[[6.2497e-01, 2.4758e-01, 1.7457e-01,  ..., 9.0322e-01,
           8.8722e-01, 7.9619e-01],
          [2.3401e-02, 8.4703e-01, 3.1820e-01,  ..., 3.7240e-01,
           3.2413e-01, 1.2481e-01],
          [3.6505e-01, 6.9587e-02, 9.6076e-01,  ..., 4.0090e-01,
           2.0280e-01, 7.6213e-01],
          ...,
          [2.4959e-01, 4.1121e-01, 9.9712e-01,  ..., 7.0858e-01,
           4.7315e-01, 1.8995e-01],
          [5.8836e-01, 6.6609e-01, 4.6850e-01,  ..., 4.7644e-01,
           7.6434e-01, 5.7146e-01],
          [5.9400e-01, 2.9140e-01, 3.9246e-01,  ..., 6.4552e-01,
           7.6343e-01, 5.4438e-01]],

         [[7.5712e-01, 1.0265e-01, 2.6401e-01,  ..., 7.2880e-01,
           8.1629e-02, 8.6392e-01],
          [6.6812e-02, 9.6555e-02, 1.0407e-01,  ..., 2.9689e-01,
           4.4326e-01, 8.8661e-01],
          [3.2536e-01, 2.0603e-01, 9.3395e-01,  ..., 2.4430e-01,
           4.4152e-01, 2.2592e-01],
          ...,
          [8.9445e-01, 5.3066e-01, 2.9929e-01,  ..., 5.8413e-02,
           6.0017e-01, 6.8336e-01],
          [8.5488e-02, 1.8621e-01, 4.6470e-01,  ..., 7.8904e-01,
           2.9235e-01, 9.1672e-01],
          [4.7057e-02, 1.3956e-01, 4.0810e-02,  ..., 7.0610e-01,
           1.5926e-01, 7.9620e-01]],

         [[1.3061e-01, 7.8661e-02, 8.3372e-01,  ..., 6.2933e-01,
           4.3135e-01, 8.8111e-02],
          [7.9378e-01, 5.4675e-02, 8.3220e-01,  ..., 8.0833e-01,
           6.4639e-02, 9.2562e-01],
          [1.4975e-02, 9.2800e-01, 6.3727e-01,  ..., 8.6855e-01,
           9.3267e-01, 8.3985e-01],
          ...,
          [9.6538e-02, 2.1105e-01, 3.1096e-01,  ..., 5.2403e-01,
           9.5413e-03, 9.9695e-01],
          [5.3940e-02, 2.4729e-01, 9.0341e-01,  ..., 1.6647e-01,
           8.7685e-01, 7.7086e-01],
          [7.2974e-01, 7.6682e-01, 7.9297e-01,  ..., 5.7204e-01,
           2.5405e-01, 2.5574e-01]],

         ...,

         [[6.3439e-01, 4.6001e-01, 4.5947e-01,  ..., 7.0056e-01,
           8.4678e-01, 3.4859e-01],
          [8.8295e-01, 1.8144e-01, 2.0141e-03,  ..., 3.8022e-01,
           3.4349e-01, 8.6494e-01],
          [4.8651e-02, 3.1463e-01, 4.5698e-01,  ..., 3.1393e-01,
           7.7335e-01, 7.2839e-01],
          ...,
          [6.4556e-01, 4.9594e-01, 6.9141e-01,  ..., 4.3167e-01,
           1.4796e-01, 4.4008e-02],
          [7.0979e-01, 1.9879e-01, 1.0233e-01,  ..., 3.6325e-01,
           2.1227e-01, 7.7298e-01],
          [1.5965e-01, 2.1044e-01, 6.4422e-01,  ..., 8.1930e-01,
           4.9448e-01, 5.4105e-01]],

         [[4.1651e-01, 9.5795e-01, 6.1786e-01,  ..., 4.4031e-01,
           1.4441e-01, 8.4426e-01],
          [7.6309e-01, 4.4522e-01, 5.9243e-01,  ..., 6.1543e-01,
           3.1524e-01, 8.3336e-01],
          [8.2237e-01, 5.6516e-02, 7.1708e-02,  ..., 3.1247e-01,
           6.8931e-01, 3.2488e-01],
          ...,
          [9.5939e-01, 6.2897e-01, 7.9143e-01,  ..., 5.9646e-01,
           1.7019e-01, 7.7355e-01],
          [1.6125e-01, 1.4813e-01, 2.8133e-01,  ..., 9.2365e-01,
           9.2759e-01, 5.9544e-01],
          [9.2063e-01, 6.9939e-01, 4.1719e-01,  ..., 5.6649e-01,
           2.5233e-01, 9.2896e-01]],

         [[7.9691e-01, 9.9871e-01, 7.3298e-01,  ..., 2.7076e-01,
           7.7797e-01, 1.0845e-01],
          [4.3682e-01, 6.6596e-01, 6.7119e-01,  ..., 2.8803e-01,
           9.4132e-01, 1.1714e-01],
          [8.3504e-01, 2.5757e-01, 1.9944e-01,  ..., 3.7745e-01,
           8.9283e-01, 2.8787e-01],
          ...,
          [9.0101e-01, 2.6191e-01, 1.8290e-01,  ..., 8.1037e-02,
           3.4719e-02, 2.3451e-01],
          [3.8803e-01, 4.8599e-01, 6.5795e-01,  ..., 6.1578e-01,
           1.7917e-01, 6.5444e-01],
          [7.7026e-01, 4.4469e-01, 9.3351e-01,  ..., 2.6933e-01,
           7.0916e-01, 4.2755e-01]]],


        [[[8.3830e-01, 5.0545e-01, 6.1750e-02,  ..., 3.3838e-01,
           6.4755e-02, 4.7335e-01],
          [5.0179e-01, 2.0027e-01, 3.9718e-01,  ..., 3.2446e-01,
           3.7950e-01, 2.1805e-01],
          [4.8799e-01, 4.3407e-01, 7.8995e-01,  ..., 6.2629e-01,
           6.2513e-01, 4.6567e-02],
          ...,
          [9.2262e-01, 1.6187e-01, 5.4078e-01,  ..., 8.3946e-01,
           7.2632e-01, 9.1534e-01],
          [3.9422e-01, 6.1298e-01, 2.8095e-01,  ..., 5.9835e-01,
           2.8931e-01, 2.3707e-01],
          [1.8501e-04, 1.6232e-03, 7.8982e-01,  ..., 4.2542e-01,
           4.9904e-01, 7.9720e-01]],

         [[2.1568e-02, 1.7535e-01, 2.7895e-02,  ..., 7.4058e-01,
           8.5168e-01, 9.7396e-01],
          [4.6593e-01, 3.9873e-02, 9.0449e-01,  ..., 8.4479e-01,
           2.7782e-01, 5.6028e-01],
          [3.9425e-01, 7.9409e-02, 1.2948e-01,  ..., 5.2202e-01,
           7.3782e-01, 8.5077e-01],
          ...,
          [7.5988e-01, 9.8175e-01, 4.0193e-01,  ..., 7.7738e-01,
           5.1929e-01, 5.6269e-01],
          [3.0832e-01, 9.6597e-01, 5.6590e-01,  ..., 6.7190e-01,
           7.8198e-01, 9.4110e-01],
          [9.8006e-01, 6.0266e-01, 5.8294e-01,  ..., 1.5187e-01,
           1.2064e-01, 4.4184e-01]],

         [[5.0160e-01, 7.2755e-01, 6.4977e-01,  ..., 9.3179e-01,
           5.7159e-01, 4.2313e-01],
          [2.7404e-01, 2.5619e-01, 6.8122e-01,  ..., 8.5847e-01,
           6.2755e-03, 1.4844e-01],
          [7.9638e-01, 6.9404e-01, 9.0813e-01,  ..., 9.5145e-01,
           7.7041e-01, 4.9266e-01],
          ...,
          [2.0581e-01, 7.6970e-01, 3.0282e-01,  ..., 7.7996e-01,
           8.8008e-01, 4.7922e-02],
          [3.6958e-01, 9.6888e-01, 1.5215e-01,  ..., 4.8506e-01,
           3.3891e-02, 5.1242e-01],
          [4.7079e-02, 1.6080e-01, 1.0736e-01,  ..., 5.7556e-01,
           2.0926e-01, 4.2953e-01]],

         ...,

         [[9.6942e-01, 9.2420e-01, 4.0966e-01,  ..., 1.0203e-01,
           4.8426e-01, 8.8260e-01],
          [9.2375e-01, 2.9935e-01, 9.9026e-01,  ..., 2.4280e-01,
           8.0972e-01, 1.5894e-01],
          [7.8912e-01, 8.6441e-01, 3.9472e-01,  ..., 2.6144e-01,
           7.8969e-01, 3.3154e-01],
          ...,
          [6.3367e-01, 9.3206e-01, 5.1085e-01,  ..., 2.1404e-01,
           3.5560e-02, 9.1674e-01],
          [9.7238e-01, 3.5142e-01, 3.0362e-01,  ..., 4.7294e-01,
           8.3442e-01, 8.6118e-01],
          [3.5872e-01, 6.3461e-01, 8.0930e-01,  ..., 2.7123e-01,
           6.2734e-01, 5.1355e-01]],

         [[4.1731e-01, 7.7837e-01, 3.0877e-01,  ..., 2.9478e-01,
           9.5725e-01, 1.1967e-01],
          [7.0008e-01, 7.6551e-01, 1.7121e-01,  ..., 4.1934e-01,
           6.7260e-01, 5.2776e-01],
          [8.7895e-01, 6.1124e-01, 8.1782e-01,  ..., 4.5897e-01,
           9.9091e-01, 6.8728e-01],
          ...,
          [9.5715e-01, 3.3631e-01, 7.1286e-01,  ..., 7.7173e-01,
           1.7941e-01, 6.0587e-01],
          [3.3329e-01, 6.7540e-01, 7.2287e-01,  ..., 9.9856e-01,
           6.3012e-01, 3.9266e-01],
          [9.1151e-01, 2.1069e-01, 5.2082e-01,  ..., 9.6163e-01,
           1.1075e-01, 8.0809e-01]],

         [[8.9024e-01, 5.7284e-01, 5.5599e-01,  ..., 8.6537e-01,
           1.1440e-01, 5.5191e-01],
          [1.3624e-01, 5.2667e-01, 8.7915e-01,  ..., 5.2312e-01,
           6.8400e-01, 6.3126e-02],
          [3.8296e-01, 1.0034e-01, 2.0380e-01,  ..., 7.9001e-01,
           2.9519e-01, 3.9055e-01],
          ...,
          [2.8612e-01, 8.8412e-01, 8.8573e-01,  ..., 4.8759e-01,
           7.8957e-01, 4.7963e-01],
          [7.6726e-01, 2.9925e-02, 3.1914e-01,  ..., 2.0682e-01,
           4.9447e-02, 6.7800e-01],
          [3.2012e-01, 4.0970e-01, 5.3527e-02,  ..., 9.1958e-01,
           2.8732e-01, 2.2889e-03]]],


        ...,


        [[[3.1946e-01, 4.2637e-01, 4.5977e-01,  ..., 9.3755e-01,
           4.5151e-02, 5.5088e-01],
          [3.0982e-01, 6.0560e-01, 7.3167e-01,  ..., 5.0096e-01,
           6.4575e-01, 5.6378e-01],
          [1.5079e-01, 9.4057e-01, 1.2882e-01,  ..., 3.3879e-01,
           2.2864e-01, 2.9177e-01],
          ...,
          [8.8523e-01, 3.1419e-01, 4.5403e-01,  ..., 9.5950e-01,
           7.5642e-01, 3.8801e-01],
          [1.3500e-01, 1.6762e-01, 3.0554e-01,  ..., 6.8367e-02,
           4.3824e-01, 1.3502e-01],
          [8.4722e-01, 9.7839e-01, 4.0913e-01,  ..., 1.4076e-01,
           3.7939e-02, 6.7852e-01]],

         [[1.7810e-01, 1.6725e-01, 6.9237e-01,  ..., 1.3677e-01,
           7.7782e-01, 1.2636e-01],
          [4.7292e-01, 5.9838e-01, 8.9794e-01,  ..., 5.8927e-01,
           4.6587e-02, 3.7463e-02],
          [3.4671e-02, 1.4964e-01, 7.5596e-01,  ..., 4.5401e-01,
           9.9131e-01, 8.6280e-01],
          ...,
          [5.1157e-01, 2.9774e-01, 6.1129e-01,  ..., 2.8940e-01,
           8.7663e-01, 8.7103e-01],
          [3.4366e-03, 4.1645e-01, 2.5019e-01,  ..., 9.6176e-01,
           8.6945e-01, 4.7758e-01],
          [8.2516e-01, 9.7841e-02, 2.1950e-01,  ..., 3.2509e-01,
           6.5510e-01, 8.6759e-01]],

         [[1.9065e-01, 6.0922e-01, 9.9810e-01,  ..., 1.3371e-01,
           6.9844e-01, 5.5717e-01],
          [2.5582e-01, 4.1032e-01, 6.6047e-01,  ..., 6.8067e-01,
           5.5740e-01, 7.4254e-01],
          [9.5615e-01, 7.8669e-01, 3.3581e-01,  ..., 1.3563e-01,
           5.6796e-01, 7.7180e-03],
          ...,
          [2.4213e-01, 9.8118e-01, 5.8945e-02,  ..., 4.9258e-02,
           7.9363e-01, 8.3263e-01],
          [5.6480e-01, 8.9859e-01, 4.6703e-01,  ..., 1.1637e-01,
           7.8798e-01, 2.4537e-01],
          [5.6890e-01, 7.3851e-02, 4.6704e-01,  ..., 7.5546e-01,
           6.7843e-01, 3.9102e-01]],

         ...,

         [[6.9401e-01, 5.7983e-01, 2.9798e-01,  ..., 3.3301e-01,
           4.5743e-01, 7.1039e-01],
          [8.7462e-01, 9.9740e-01, 8.1045e-02,  ..., 2.3968e-01,
           6.1773e-01, 8.7034e-01],
          [5.8611e-01, 6.7737e-02, 4.3567e-01,  ..., 7.9934e-01,
           5.8357e-01, 1.5638e-02],
          ...,
          [8.8221e-01, 7.1950e-01, 5.7868e-01,  ..., 8.4260e-01,
           6.9043e-01, 1.4018e-01],
          [8.7823e-01, 8.6364e-02, 8.7666e-02,  ..., 2.8740e-01,
           2.9023e-01, 3.5503e-01],
          [1.2478e-01, 9.2023e-01, 3.7727e-01,  ..., 2.3595e-01,
           1.5397e-01, 8.4113e-01]],

         [[2.9881e-01, 8.0343e-01, 3.4260e-01,  ..., 9.0769e-03,
           8.4519e-01, 8.4478e-01],
          [3.3317e-01, 1.9008e-01, 3.3159e-01,  ..., 8.6020e-01,
           8.1545e-01, 1.8129e-01],
          [5.1439e-02, 2.0091e-01, 3.6282e-01,  ..., 4.4939e-01,
           3.2358e-01, 6.3692e-01],
          ...,
          [6.8459e-01, 2.3654e-01, 5.8768e-01,  ..., 2.1134e-02,
           4.8444e-01, 5.2351e-01],
          [3.0903e-01, 9.4015e-01, 9.5734e-01,  ..., 1.8502e-02,
           6.7953e-01, 8.3266e-01],
          [8.5427e-02, 9.9597e-01, 7.6102e-01,  ..., 4.2614e-01,
           4.8323e-01, 2.5075e-01]],

         [[4.0179e-02, 6.6009e-01, 3.0689e-01,  ..., 4.1407e-01,
           3.1995e-01, 3.1336e-02],
          [4.6429e-01, 9.3362e-01, 2.3437e-01,  ..., 8.2475e-01,
           5.4220e-01, 3.3560e-01],
          [8.6097e-01, 6.0699e-01, 2.1875e-01,  ..., 4.0957e-02,
           4.4047e-01, 1.4147e-01],
          ...,
          [9.3127e-01, 6.5973e-01, 6.4375e-01,  ..., 8.8880e-01,
           5.9011e-01, 8.3719e-01],
          [8.4727e-02, 9.1503e-01, 4.2564e-01,  ..., 5.9361e-01,
           6.3511e-01, 5.2138e-01],
          [9.9830e-01, 4.0535e-01, 4.8829e-01,  ..., 4.2910e-01,
           2.0179e-01, 2.8636e-01]]],


        [[[2.1015e-01, 8.4536e-01, 7.5036e-01,  ..., 4.4741e-01,
           1.5013e-01, 6.7984e-01],
          [3.0128e-01, 6.4324e-01, 1.6259e-01,  ..., 1.3094e-01,
           6.1145e-01, 1.1945e-01],
          [6.7582e-01, 4.6603e-01, 6.4022e-01,  ..., 3.2387e-01,
           2.6299e-01, 6.1041e-01],
          ...,
          [9.5933e-02, 5.6662e-01, 5.8398e-01,  ..., 2.2047e-01,
           9.7726e-01, 4.1609e-01],
          [9.5034e-01, 3.1832e-01, 4.1169e-01,  ..., 6.7891e-01,
           1.0448e-01, 5.5706e-01],
          [1.2617e-01, 6.1399e-01, 3.9280e-01,  ..., 5.6849e-01,
           2.6315e-01, 7.0613e-01]],

         [[7.7739e-01, 5.4257e-01, 6.0760e-01,  ..., 1.7670e-02,
           6.4111e-01, 4.1798e-01],
          [8.1512e-02, 2.3980e-01, 6.6845e-01,  ..., 4.7580e-01,
           3.2153e-01, 9.5842e-01],
          [3.6502e-02, 6.8021e-01, 1.3588e-01,  ..., 2.3229e-01,
           9.0291e-01, 8.9052e-01],
          ...,
          [8.9102e-02, 3.4043e-01, 1.7234e-01,  ..., 8.5665e-01,
           6.3661e-01, 6.5354e-02],
          [3.6820e-01, 4.1235e-01, 8.5063e-01,  ..., 9.1630e-04,
           9.5842e-01, 9.6333e-01],
          [8.5319e-01, 1.2398e-01, 1.5248e-01,  ..., 6.1364e-01,
           2.8404e-01, 8.0316e-01]],

         [[4.7799e-01, 8.9180e-01, 3.2960e-02,  ..., 4.0224e-01,
           5.8339e-01, 1.9539e-01],
          [2.2582e-01, 2.4952e-01, 6.3015e-01,  ..., 6.1818e-02,
           5.1550e-01, 4.8988e-02],
          [8.6144e-01, 6.4447e-01, 3.2594e-01,  ..., 4.7440e-01,
           3.7181e-01, 7.9599e-02],
          ...,
          [4.3413e-01, 8.6227e-01, 7.7177e-01,  ..., 4.8868e-01,
           8.4590e-01, 6.0509e-01],
          [9.5899e-01, 4.7810e-01, 4.5868e-02,  ..., 6.6056e-01,
           7.8286e-02, 7.8624e-01],
          [3.0444e-01, 5.7227e-01, 1.2215e-02,  ..., 1.6170e-01,
           5.4024e-01, 2.2149e-01]],

         ...,

         [[8.5300e-01, 9.4176e-01, 7.1065e-01,  ..., 8.6859e-03,
           9.3959e-01, 6.4173e-01],
          [7.3557e-01, 7.1690e-01, 6.9120e-01,  ..., 7.5023e-01,
           9.7127e-01, 6.8245e-01],
          [5.2405e-01, 4.4492e-01, 1.2206e-01,  ..., 9.9319e-03,
           1.2110e-01, 8.8050e-01],
          ...,
          [1.2806e-01, 5.8928e-01, 9.2714e-01,  ..., 3.9103e-01,
           8.4801e-01, 9.4322e-01],
          [4.5922e-01, 7.9046e-01, 7.8855e-01,  ..., 4.7823e-01,
           5.3847e-01, 6.9685e-01],
          [1.8218e-01, 9.6081e-01, 4.8319e-01,  ..., 2.5334e-01,
           6.0853e-01, 4.9893e-01]],

         [[8.3576e-01, 7.8798e-01, 8.9170e-01,  ..., 1.9905e-01,
           5.7759e-01, 3.4118e-02],
          [1.6343e-01, 7.9529e-01, 3.3123e-03,  ..., 2.1338e-01,
           3.0865e-01, 7.0797e-01],
          [7.2507e-01, 3.3457e-01, 5.6074e-01,  ..., 5.4626e-01,
           7.5938e-01, 4.2557e-01],
          ...,
          [1.5645e-01, 1.8455e-01, 8.6482e-03,  ..., 1.7990e-01,
           6.2483e-01, 9.0609e-01],
          [3.6903e-01, 7.2016e-02, 2.0197e-02,  ..., 9.6002e-01,
           8.4600e-01, 3.1360e-01],
          [6.8938e-01, 2.7966e-01, 8.7796e-01,  ..., 2.0934e-01,
           6.5667e-01, 9.2472e-01]],

         [[9.1843e-01, 8.0606e-01, 8.9636e-01,  ..., 9.1225e-01,
           3.4293e-01, 5.8062e-01],
          [8.2016e-01, 9.6291e-01, 7.7753e-02,  ..., 4.8544e-01,
           8.0294e-01, 7.3411e-01],
          [4.5471e-01, 8.9907e-01, 5.6680e-01,  ..., 8.6798e-01,
           7.8324e-01, 7.9957e-01],
          ...,
          [6.1707e-01, 1.3809e-01, 4.6271e-01,  ..., 3.1131e-01,
           5.5721e-01, 6.9694e-01],
          [5.9556e-01, 6.9782e-01, 8.1138e-01,  ..., 8.4421e-01,
           9.9680e-03, 7.5988e-01],
          [1.5887e-01, 7.5915e-01, 2.3299e-04,  ..., 7.7251e-01,
           6.0552e-01, 5.3109e-02]]],


        [[[1.3664e-02, 6.6186e-01, 8.9427e-01,  ..., 4.2024e-01,
           1.6451e-01, 8.2899e-01],
          [7.6393e-01, 2.0529e-01, 8.3624e-01,  ..., 7.4077e-01,
           5.0267e-02, 4.4380e-01],
          [6.3525e-01, 2.8423e-01, 1.6152e-01,  ..., 9.4390e-01,
           6.3177e-03, 2.4977e-01],
          ...,
          [2.8878e-01, 6.4630e-01, 6.9098e-01,  ..., 3.6361e-01,
           4.2248e-01, 1.0486e-01],
          [6.6909e-01, 5.3604e-01, 5.9639e-01,  ..., 2.5631e-01,
           7.2298e-01, 3.6895e-01],
          [1.7764e-01, 5.1800e-01, 3.5809e-01,  ..., 8.1976e-01,
           3.6460e-01, 4.4047e-02]],

         [[3.6828e-01, 3.6761e-01, 4.2202e-01,  ..., 8.8990e-01,
           4.2728e-01, 3.3602e-01],
          [9.6768e-01, 8.8348e-01, 8.3816e-01,  ..., 1.3059e-01,
           2.0829e-01, 2.0291e-01],
          [6.5545e-02, 4.7986e-01, 5.1858e-01,  ..., 4.6816e-01,
           6.7595e-01, 4.2579e-01],
          ...,
          [9.3721e-01, 4.8904e-01, 7.0281e-01,  ..., 6.1070e-01,
           5.9977e-01, 1.1197e-01],
          [5.9900e-01, 6.6960e-02, 4.8961e-01,  ..., 7.3213e-01,
           2.6340e-01, 5.3982e-02],
          [1.9357e-01, 5.2779e-01, 8.6059e-01,  ..., 2.4953e-01,
           7.9006e-01, 3.1693e-01]],

         [[6.6744e-01, 9.1740e-01, 5.2407e-01,  ..., 9.8649e-02,
           7.9155e-01, 6.0162e-01],
          [2.1915e-02, 1.1758e-01, 9.4982e-01,  ..., 2.3057e-01,
           7.3632e-01, 3.0184e-01],
          [6.4781e-01, 4.9015e-01, 9.5153e-01,  ..., 2.4602e-01,
           8.4738e-01, 8.6107e-01],
          ...,
          [4.1270e-02, 3.6983e-01, 9.5281e-01,  ..., 7.4999e-01,
           8.9555e-01, 9.2887e-01],
          [8.8788e-01, 3.2550e-01, 3.7929e-01,  ..., 2.2667e-01,
           6.3917e-01, 7.8370e-01],
          [5.1610e-01, 7.9231e-01, 4.4746e-01,  ..., 4.8763e-01,
           8.0841e-01, 5.3533e-01]],

         ...,

         [[1.2245e-01, 9.1212e-01, 7.3242e-01,  ..., 1.9501e-01,
           8.7446e-01, 1.7920e-01],
          [5.4054e-01, 6.4673e-01, 5.6235e-01,  ..., 1.7084e-01,
           2.3898e-01, 9.6024e-01],
          [9.0643e-01, 2.7752e-01, 8.6936e-01,  ..., 1.2521e-01,
           5.3844e-01, 2.8881e-01],
          ...,
          [2.8581e-01, 8.9041e-01, 5.1640e-01,  ..., 5.6998e-01,
           9.0010e-01, 8.0465e-01],
          [1.4984e-01, 8.0802e-01, 5.0437e-01,  ..., 9.3409e-01,
           2.2348e-01, 6.1350e-01],
          [3.4149e-02, 9.0373e-01, 2.7758e-01,  ..., 7.3452e-02,
           3.2868e-02, 6.5218e-01]],

         [[9.9336e-01, 3.4317e-01, 7.7744e-01,  ..., 6.5675e-01,
           8.7106e-01, 3.6134e-01],
          [4.8506e-01, 7.1657e-01, 8.8897e-01,  ..., 4.2633e-01,
           3.2893e-02, 6.3181e-02],
          [1.1028e-01, 1.6041e-01, 5.7971e-01,  ..., 7.2663e-01,
           9.3061e-01, 9.4592e-01],
          ...,
          [2.6775e-01, 1.2243e-01, 5.7252e-01,  ..., 6.8391e-01,
           8.6091e-01, 3.0884e-01],
          [7.0377e-01, 6.1981e-01, 5.4850e-01,  ..., 8.7940e-01,
           1.0409e-01, 9.5819e-01],
          [3.6435e-01, 3.4760e-01, 4.0681e-01,  ..., 3.4237e-01,
           9.5242e-02, 2.8074e-01]],

         [[4.7334e-01, 3.7782e-01, 4.7427e-01,  ..., 6.2142e-01,
           3.4030e-02, 3.0841e-01],
          [9.2036e-01, 4.1858e-01, 1.2572e-01,  ..., 4.3483e-01,
           3.5557e-01, 2.1895e-01],
          [8.0879e-02, 6.3909e-01, 5.6589e-01,  ..., 3.8908e-01,
           7.9616e-01, 6.1894e-01],
          ...,
          [1.2369e-01, 9.2448e-01, 3.1847e-01,  ..., 1.2009e-01,
           6.9027e-01, 1.5671e-01],
          [8.6458e-01, 3.0081e-01, 6.7701e-01,  ..., 4.5591e-01,
           1.9128e-01, 4.0488e-01],
          [8.8717e-01, 6.2463e-01, 5.2204e-01,  ..., 8.8197e-01,
           5.0333e-01, 7.6386e-01]]]])
