tensor([[[[8.8649e-02, 6.0732e-01, 3.7552e-01,  ..., 6.0938e-01,
           2.0444e-01, 8.8446e-01],
          [7.2149e-01, 9.0591e-01, 6.4794e-01,  ..., 6.3484e-01,
           8.3539e-01, 9.7528e-01],
          [6.3271e-02, 4.9390e-01, 5.2998e-01,  ..., 6.5155e-02,
           1.7519e-02, 3.0681e-01],
          ...,
          [9.3420e-01, 5.3552e-01, 3.0544e-01,  ..., 2.0110e-01,
           7.7931e-01, 4.1253e-01],
          [6.8011e-01, 7.4366e-01, 2.3081e-01,  ..., 7.1546e-01,
           6.9254e-02, 1.9740e-01],
          [2.3724e-01, 5.1851e-01, 9.4679e-01,  ..., 8.1953e-01,
           7.5752e-01, 9.4472e-01]],

         [[8.2247e-01, 3.2015e-01, 5.7095e-01,  ..., 5.7661e-01,
           3.1543e-01, 7.1901e-01],
          [8.5341e-01, 4.4147e-02, 9.5812e-01,  ..., 3.0924e-01,
           2.8250e-01, 9.8092e-01],
          [6.6534e-01, 8.1316e-01, 6.7383e-01,  ..., 4.5814e-01,
           8.7390e-01, 3.0692e-01],
          ...,
          [9.8943e-01, 7.3118e-02, 2.4753e-01,  ..., 5.6551e-01,
           7.4041e-01, 2.5696e-01],
          [1.7958e-01, 2.5027e-01, 8.3577e-01,  ..., 5.8141e-01,
           7.6549e-02, 1.5456e-01],
          [1.6565e-01, 1.9110e-01, 4.0959e-01,  ..., 1.4102e-01,
           8.5161e-01, 2.4002e-01]],

         [[9.3584e-01, 8.1633e-02, 8.9846e-01,  ..., 7.5861e-01,
           3.2782e-01, 7.6410e-01],
          [5.7298e-01, 3.1491e-01, 6.4604e-01,  ..., 1.9487e-01,
           3.1570e-02, 8.1155e-01],
          [2.7858e-01, 6.6168e-01, 9.5015e-01,  ..., 2.1757e-01,
           7.1964e-01, 8.8094e-01],
          ...,
          [6.7579e-01, 3.6969e-01, 4.1342e-01,  ..., 9.8203e-01,
           6.3619e-01, 2.8763e-01],
          [4.9301e-01, 4.0009e-01, 6.7300e-01,  ..., 9.3018e-01,
           8.5876e-01, 4.7945e-01],
          [3.1291e-03, 3.8498e-01, 3.7473e-01,  ..., 6.1868e-01,
           3.0955e-01, 5.8240e-01]],

         ...,

         [[3.8460e-01, 1.0716e-01, 2.9535e-01,  ..., 2.7885e-01,
           6.3920e-01, 6.0750e-01],
          [3.5387e-01, 6.5824e-02, 4.7722e-01,  ..., 3.1932e-01,
           5.9323e-02, 8.9402e-01],
          [9.5902e-01, 3.7065e-01, 9.8771e-01,  ..., 2.2563e-01,
           7.4012e-01, 8.1773e-02],
          ...,
          [7.6989e-01, 5.8874e-01, 4.1548e-01,  ..., 9.9266e-01,
           5.3209e-01, 8.7352e-01],
          [1.3234e-01, 5.1388e-01, 5.4778e-01,  ..., 9.7607e-01,
           6.0868e-01, 7.4745e-01],
          [1.4826e-01, 4.6272e-01, 1.3930e-01,  ..., 3.9156e-01,
           9.2846e-01, 9.2188e-01]],

         [[7.3141e-01, 3.0947e-01, 6.9982e-01,  ..., 6.6644e-01,
           8.2161e-01, 5.2408e-01],
          [8.2719e-01, 9.2342e-01, 7.7733e-02,  ..., 7.7439e-01,
           2.0598e-01, 5.1541e-01],
          [7.7051e-01, 6.2748e-01, 6.6263e-01,  ..., 7.1244e-01,
           9.8408e-01, 8.4853e-01],
          ...,
          [9.5096e-01, 7.6479e-01, 7.2793e-01,  ..., 8.0743e-01,
           3.4022e-01, 3.7658e-01],
          [5.0750e-01, 1.1587e-01, 8.5165e-01,  ..., 9.5008e-01,
           6.3632e-02, 3.6545e-01],
          [1.9359e-01, 9.0390e-01, 7.8374e-01,  ..., 8.4141e-01,
           8.0067e-01, 9.9020e-01]],

         [[8.0998e-01, 7.1770e-01, 3.5319e-01,  ..., 8.7605e-01,
           4.0514e-01, 5.9248e-01],
          [3.0250e-01, 7.4495e-01, 1.6388e-01,  ..., 9.8979e-01,
           9.8470e-01, 7.3556e-01],
          [2.4820e-01, 5.4591e-01, 3.7440e-01,  ..., 5.8051e-01,
           8.7321e-01, 6.1596e-01],
          ...,
          [6.8216e-01, 7.0966e-01, 5.3258e-01,  ..., 8.1579e-01,
           2.0690e-01, 9.6768e-01],
          [4.5802e-01, 5.1271e-01, 1.7829e-01,  ..., 2.4184e-01,
           3.5848e-01, 3.1230e-01],
          [2.5995e-01, 4.4345e-01, 4.3728e-01,  ..., 9.8981e-01,
           8.3969e-01, 1.6085e-01]]],


        [[[2.3771e-01, 1.1766e-01, 7.8622e-01,  ..., 8.1693e-02,
           4.2086e-01, 3.4415e-01],
          [3.0662e-01, 6.2313e-01, 2.4809e-01,  ..., 4.1612e-01,
           2.4035e-01, 7.5731e-01],
          [3.0639e-01, 5.7511e-02, 5.3183e-01,  ..., 7.6086e-01,
           3.4023e-01, 3.0921e-02],
          ...,
          [3.3269e-01, 8.1822e-01, 6.5127e-01,  ..., 1.2248e-01,
           5.8419e-01, 2.0116e-02],
          [8.0706e-01, 4.7116e-01, 7.2316e-01,  ..., 7.6147e-01,
           1.9445e-01, 1.7007e-01],
          [2.7494e-01, 3.7123e-01, 5.8314e-01,  ..., 3.6286e-01,
           9.6976e-01, 6.6062e-01]],

         [[3.7066e-03, 5.3951e-01, 4.6403e-02,  ..., 7.0526e-01,
           6.5592e-02, 7.4072e-01],
          [4.8195e-01, 2.1945e-01, 2.1577e-01,  ..., 4.8062e-02,
           4.8547e-01, 9.9740e-01],
          [8.3518e-01, 8.6396e-02, 5.0308e-01,  ..., 4.9269e-01,
           4.2692e-01, 1.4560e-01],
          ...,
          [1.8947e-01, 8.2651e-01, 7.2461e-01,  ..., 6.3757e-01,
           2.9821e-01, 5.0608e-01],
          [4.4960e-01, 2.7509e-01, 3.7153e-01,  ..., 4.5519e-01,
           4.6337e-02, 3.6276e-01],
          [9.8596e-01, 7.0108e-01, 5.7260e-01,  ..., 6.3581e-01,
           6.5434e-01, 9.6712e-01]],

         [[6.1307e-01, 2.1197e-01, 3.2570e-02,  ..., 4.5344e-01,
           8.9012e-03, 6.1507e-01],
          [4.2783e-01, 8.2027e-01, 3.5177e-01,  ..., 1.8085e-02,
           8.7760e-01, 6.4007e-01],
          [8.0692e-01, 4.6582e-01, 1.6928e-01,  ..., 4.8038e-01,
           1.8073e-01, 3.4248e-02],
          ...,
          [4.9839e-01, 1.8912e-02, 9.3998e-01,  ..., 6.4190e-02,
           7.4957e-01, 7.1459e-01],
          [7.6866e-01, 8.6923e-01, 4.5301e-01,  ..., 5.5058e-01,
           8.6350e-01, 1.5121e-02],
          [9.5047e-01, 2.4735e-01, 2.9517e-01,  ..., 4.1328e-02,
           4.3764e-02, 9.8543e-01]],

         ...,

         [[1.8660e-02, 5.5840e-01, 3.6547e-01,  ..., 1.2815e-01,
           9.4405e-01, 6.0420e-01],
          [2.2632e-01, 1.6346e-01, 2.9620e-02,  ..., 6.4054e-01,
           4.4765e-01, 9.6711e-01],
          [4.2918e-01, 8.8924e-02, 7.2203e-01,  ..., 8.1499e-01,
           4.7510e-01, 3.0165e-01],
          ...,
          [6.2887e-01, 2.3583e-01, 8.5248e-01,  ..., 7.3248e-01,
           5.5580e-01, 6.3732e-01],
          [5.7237e-01, 5.5472e-01, 1.5575e-01,  ..., 4.2151e-01,
           5.0871e-01, 5.9502e-01],
          [7.1786e-01, 8.3364e-01, 8.5118e-01,  ..., 9.8054e-01,
           5.6632e-01, 8.4262e-01]],

         [[6.3584e-01, 7.1625e-01, 5.6444e-01,  ..., 7.6417e-01,
           2.8154e-01, 7.7728e-01],
          [1.5791e-01, 4.9044e-01, 6.2642e-01,  ..., 4.6130e-01,
           1.5830e-01, 1.9667e-01],
          [4.6709e-01, 8.5860e-01, 9.7110e-01,  ..., 8.8376e-01,
           4.2765e-01, 1.1126e-01],
          ...,
          [4.2526e-01, 1.5046e-01, 3.5313e-01,  ..., 4.3211e-02,
           5.1202e-01, 8.8689e-01],
          [2.2653e-01, 8.6747e-01, 5.6953e-01,  ..., 6.1059e-01,
           2.9522e-01, 9.2255e-01],
          [2.3175e-01, 1.6574e-01, 6.2468e-02,  ..., 1.2853e-01,
           7.9750e-01, 9.6127e-01]],

         [[6.1079e-01, 4.7718e-01, 6.1626e-01,  ..., 6.7255e-01,
           6.3425e-01, 2.4722e-01],
          [2.5154e-01, 2.7364e-01, 2.0849e-01,  ..., 7.8162e-01,
           9.9875e-01, 5.1221e-01],
          [7.4868e-01, 5.5550e-01, 4.7869e-01,  ..., 3.3653e-01,
           9.5901e-01, 5.3124e-01],
          ...,
          [8.1199e-01, 3.8029e-01, 7.7540e-01,  ..., 7.3881e-01,
           3.2181e-01, 2.8341e-02],
          [8.1444e-01, 9.5402e-01, 5.6462e-01,  ..., 8.5378e-01,
           4.7962e-01, 1.0872e-01],
          [2.9766e-01, 7.0435e-01, 4.6171e-01,  ..., 1.0253e-01,
           7.4192e-01, 8.8387e-01]]],


        [[[4.6920e-01, 4.3589e-01, 5.5715e-01,  ..., 2.0419e-01,
           7.1775e-01, 6.0879e-02],
          [2.6587e-01, 4.0424e-01, 6.3868e-01,  ..., 2.0649e-01,
           2.9037e-01, 5.9495e-01],
          [2.3925e-01, 7.9952e-01, 6.2558e-01,  ..., 6.3606e-01,
           1.2982e-01, 2.7236e-01],
          ...,
          [2.9306e-01, 1.1743e-01, 5.0592e-01,  ..., 5.9267e-01,
           1.8644e-01, 1.0556e-01],
          [1.4726e-01, 3.8150e-01, 7.9779e-01,  ..., 7.3258e-02,
           8.8748e-01, 5.6343e-01],
          [2.4834e-01, 2.1214e-01, 9.4482e-01,  ..., 6.7950e-01,
           9.9220e-01, 4.6900e-02]],

         [[6.5357e-01, 4.5393e-01, 3.2539e-01,  ..., 3.9210e-02,
           9.1199e-01, 9.3107e-01],
          [9.4591e-01, 1.0141e-01, 3.9981e-01,  ..., 4.0817e-01,
           4.5446e-01, 1.2200e-01],
          [5.3050e-01, 2.1575e-01, 2.0314e-01,  ..., 8.8938e-01,
           2.1599e-02, 4.0475e-01],
          ...,
          [9.1759e-01, 4.1375e-01, 2.3347e-01,  ..., 4.0239e-02,
           8.7268e-01, 7.7705e-01],
          [3.6232e-01, 3.9504e-01, 4.2215e-01,  ..., 3.6065e-01,
           4.3852e-01, 6.3244e-01],
          [5.1412e-01, 1.6694e-01, 5.3087e-01,  ..., 8.7985e-01,
           4.6193e-01, 8.4508e-01]],

         [[3.5960e-01, 1.3507e-01, 8.2355e-02,  ..., 2.9769e-01,
           5.6819e-01, 8.0887e-01],
          [9.4147e-01, 1.9886e-01, 9.8421e-01,  ..., 1.7865e-01,
           8.6469e-01, 9.6435e-01],
          [9.1985e-01, 4.5200e-01, 9.5583e-01,  ..., 2.3232e-01,
           2.0623e-01, 3.0857e-01],
          ...,
          [9.7498e-01, 8.7759e-01, 3.9990e-01,  ..., 6.3479e-01,
           7.5333e-01, 7.8901e-01],
          [7.8759e-01, 4.6215e-01, 3.1516e-01,  ..., 5.6654e-02,
           3.2334e-01, 6.3415e-03],
          [9.1112e-01, 8.3291e-02, 9.3673e-01,  ..., 3.6216e-01,
           3.5295e-01, 9.6379e-01]],

         ...,

         [[9.9095e-01, 7.7469e-01, 5.8425e-01,  ..., 2.7514e-01,
           2.4244e-01, 3.8673e-01],
          [9.7146e-01, 2.1300e-01, 5.6306e-01,  ..., 2.6652e-01,
           1.0939e-01, 5.1320e-01],
          [5.9793e-01, 9.1234e-01, 4.3197e-01,  ..., 8.9760e-01,
           5.1887e-01, 3.7585e-01],
          ...,
          [9.2356e-01, 7.9836e-01, 9.3310e-01,  ..., 9.6542e-01,
           9.7035e-01, 8.2142e-01],
          [2.9916e-01, 7.3427e-01, 5.5169e-01,  ..., 7.5943e-01,
           6.9844e-01, 7.7037e-01],
          [5.5915e-01, 2.3896e-01, 1.2561e-01,  ..., 4.7579e-01,
           2.1115e-02, 9.3669e-01]],

         [[3.9100e-01, 1.5442e-01, 6.1255e-01,  ..., 1.4757e-02,
           8.0216e-01, 3.1011e-01],
          [4.6809e-01, 8.9782e-01, 5.3669e-01,  ..., 2.3557e-01,
           5.1657e-01, 9.0056e-01],
          [1.0962e-01, 7.1379e-01, 7.8188e-01,  ..., 7.8226e-01,
           6.4856e-01, 2.8395e-01],
          ...,
          [6.9946e-01, 7.8105e-01, 7.3618e-01,  ..., 7.3522e-01,
           9.0411e-01, 2.1087e-01],
          [8.5005e-01, 1.8615e-01, 4.9199e-01,  ..., 1.8483e-01,
           9.7392e-01, 7.6447e-01],
          [1.3654e-01, 9.8209e-01, 8.7100e-01,  ..., 9.8834e-02,
           4.9012e-01, 1.6095e-01]],

         [[1.5362e-01, 5.6900e-01, 4.6968e-01,  ..., 7.6586e-01,
           9.9541e-01, 2.6957e-01],
          [3.1142e-01, 8.1371e-01, 7.5070e-01,  ..., 8.9825e-01,
           3.7348e-01, 7.7016e-01],
          [7.3923e-01, 4.3554e-01, 7.4840e-01,  ..., 1.2416e-01,
           4.6845e-01, 8.6106e-01],
          ...,
          [7.8694e-01, 4.4369e-01, 4.6235e-01,  ..., 8.4468e-01,
           4.5686e-01, 3.5168e-01],
          [5.8331e-01, 2.0954e-01, 7.9045e-01,  ..., 4.3695e-01,
           5.3619e-01, 5.1230e-01],
          [9.3482e-01, 8.1321e-01, 5.9491e-01,  ..., 4.7729e-02,
           6.8250e-01, 1.0136e-02]]],


        ...,


        [[[2.4473e-01, 3.5751e-01, 3.3677e-01,  ..., 2.3984e-01,
           4.2377e-01, 1.0455e-01],
          [6.0073e-02, 7.2661e-01, 8.1840e-01,  ..., 8.1941e-01,
           1.9425e-01, 3.7832e-01],
          [4.1984e-02, 5.3061e-03, 2.0172e-01,  ..., 9.3314e-01,
           8.5831e-01, 9.5211e-01],
          ...,
          [7.6160e-02, 8.1492e-01, 6.7505e-01,  ..., 8.2306e-01,
           2.0840e-01, 7.0787e-01],
          [2.6905e-01, 1.2542e-01, 1.3198e-01,  ..., 2.7394e-01,
           5.8975e-01, 6.3776e-01],
          [5.9842e-01, 5.0086e-01, 1.4401e-01,  ..., 5.0415e-01,
           2.3574e-01, 6.0808e-01]],

         [[3.4235e-01, 4.5084e-01, 7.1698e-01,  ..., 9.9387e-03,
           9.8182e-01, 8.1067e-01],
          [5.9149e-01, 2.8743e-01, 8.7467e-01,  ..., 9.5103e-01,
           7.2697e-01, 6.2594e-01],
          [9.4272e-01, 4.3484e-01, 6.4883e-01,  ..., 3.6888e-01,
           9.6471e-01, 9.2714e-01],
          ...,
          [2.9630e-01, 6.1452e-01, 2.3668e-01,  ..., 6.9651e-01,
           8.4343e-01, 4.7474e-01],
          [8.2758e-01, 7.3027e-01, 8.4260e-01,  ..., 5.8281e-01,
           1.1090e-02, 5.8981e-01],
          [5.4024e-01, 9.9875e-01, 9.3770e-01,  ..., 4.9901e-01,
           3.3620e-01, 8.3365e-01]],

         [[3.7130e-01, 2.9948e-01, 5.3443e-01,  ..., 3.0451e-01,
           8.5324e-02, 9.8788e-01],
          [7.2816e-01, 8.0074e-01, 4.4042e-01,  ..., 4.6092e-01,
           9.5307e-01, 7.8503e-01],
          [2.4751e-01, 2.8195e-01, 5.4758e-01,  ..., 4.0883e-01,
           9.5825e-01, 5.9812e-01],
          ...,
          [4.3990e-01, 2.9664e-01, 2.2390e-01,  ..., 1.1415e-01,
           9.3563e-01, 8.6483e-01],
          [5.1639e-01, 3.5049e-01, 1.3140e-01,  ..., 3.8775e-01,
           5.6282e-01, 2.5956e-01],
          [1.1049e-01, 9.5151e-01, 1.9830e-01,  ..., 8.3257e-02,
           6.2150e-01, 6.3603e-01]],

         ...,

         [[5.4655e-01, 3.2740e-01, 9.9477e-01,  ..., 4.2263e-01,
           8.4248e-01, 8.8252e-01],
          [4.4434e-01, 3.6533e-01, 3.7189e-01,  ..., 2.0566e-01,
           4.0007e-01, 3.9730e-01],
          [6.8806e-01, 9.9602e-01, 5.3693e-01,  ..., 5.1332e-01,
           8.4303e-01, 5.7761e-01],
          ...,
          [3.3610e-01, 7.1545e-01, 8.5632e-01,  ..., 5.2790e-01,
           6.6515e-01, 5.9162e-01],
          [9.7894e-01, 2.4174e-01, 6.2348e-01,  ..., 1.0470e-02,
           3.3455e-01, 6.3205e-01],
          [3.0903e-01, 2.8356e-01, 4.0950e-01,  ..., 3.4789e-01,
           1.4708e-01, 2.9080e-01]],

         [[8.4954e-01, 5.2413e-01, 3.3030e-01,  ..., 2.8821e-01,
           7.7662e-01, 7.1486e-01],
          [9.7993e-01, 4.5201e-01, 1.9921e-02,  ..., 8.9093e-01,
           1.7375e-01, 9.4867e-01],
          [4.4268e-01, 5.5824e-01, 1.3326e-01,  ..., 5.7303e-02,
           1.0244e-02, 4.5924e-01],
          ...,
          [1.8852e-01, 3.5769e-01, 2.6049e-01,  ..., 8.8806e-01,
           3.4969e-01, 2.7502e-01],
          [5.5375e-01, 1.8578e-02, 4.2624e-01,  ..., 2.9444e-01,
           3.5830e-01, 2.5027e-01],
          [3.5855e-01, 9.2285e-01, 5.5300e-01,  ..., 2.2686e-01,
           2.9889e-01, 8.2767e-01]],

         [[7.3714e-01, 7.3705e-01, 4.9721e-01,  ..., 3.6230e-01,
           5.3819e-01, 6.2320e-01],
          [6.6180e-01, 8.5333e-01, 4.2136e-01,  ..., 6.0936e-01,
           9.4264e-01, 6.9932e-01],
          [9.7870e-01, 2.0716e-01, 3.5569e-01,  ..., 7.9223e-01,
           4.9340e-01, 8.5833e-01],
          ...,
          [5.3682e-01, 3.7772e-01, 6.4647e-01,  ..., 6.4593e-01,
           4.2469e-01, 6.1957e-01],
          [6.7940e-01, 4.2746e-01, 2.9309e-01,  ..., 7.5994e-02,
           9.2078e-02, 1.5466e-01],
          [2.9267e-01, 7.4089e-01, 8.8840e-01,  ..., 5.7189e-01,
           5.2689e-01, 8.4317e-01]]],


        [[[9.4654e-01, 2.3811e-01, 9.2342e-01,  ..., 3.0599e-01,
           9.2660e-01, 7.6584e-01],
          [3.5608e-02, 7.6392e-01, 6.9984e-01,  ..., 9.0836e-01,
           9.3455e-01, 5.9048e-01],
          [8.3274e-01, 4.6794e-01, 8.4392e-01,  ..., 1.0060e-01,
           5.1379e-01, 3.3935e-01],
          ...,
          [3.8714e-01, 5.0422e-01, 3.8055e-01,  ..., 4.6461e-01,
           6.7372e-01, 5.3945e-01],
          [1.5511e-01, 1.3325e-01, 5.1153e-01,  ..., 7.4067e-01,
           5.9990e-01, 7.1370e-01],
          [6.4488e-01, 6.9570e-01, 1.4467e-01,  ..., 8.1878e-01,
           6.3292e-01, 2.4056e-01]],

         [[6.0381e-01, 3.1410e-01, 2.4180e-01,  ..., 6.6274e-02,
           4.5042e-01, 4.6142e-01],
          [7.3017e-01, 1.0458e-01, 3.6632e-01,  ..., 8.3484e-01,
           7.6457e-01, 1.3033e-01],
          [1.4902e-01, 2.7841e-01, 9.6600e-02,  ..., 5.2198e-01,
           9.3181e-01, 8.1716e-01],
          ...,
          [9.6079e-01, 9.7098e-01, 6.9497e-01,  ..., 6.2252e-01,
           6.7345e-01, 2.1063e-01],
          [6.6528e-01, 4.2139e-02, 6.0864e-01,  ..., 7.3013e-01,
           1.0164e-02, 6.0299e-01],
          [4.2000e-01, 8.5279e-01, 3.3198e-01,  ..., 1.2431e-01,
           5.5624e-01, 2.1145e-01]],

         [[8.7888e-01, 1.1367e-01, 3.6045e-01,  ..., 1.2789e-02,
           9.7712e-01, 4.2823e-01],
          [7.5481e-01, 4.5358e-01, 3.4301e-01,  ..., 7.7076e-01,
           5.4846e-01, 9.2348e-01],
          [3.2605e-01, 2.9827e-01, 8.6002e-01,  ..., 3.5213e-01,
           6.9504e-01, 5.9248e-01],
          ...,
          [2.2639e-01, 5.8084e-01, 5.1293e-01,  ..., 9.7797e-01,
           3.4462e-01, 3.6211e-01],
          [9.9007e-01, 4.3898e-01, 3.1041e-01,  ..., 4.3283e-01,
           1.3364e-01, 9.9183e-01],
          [4.4504e-01, 2.4871e-01, 6.7157e-01,  ..., 5.0298e-01,
           4.0056e-01, 3.8347e-01]],

         ...,

         [[3.8126e-01, 1.7491e-01, 8.2075e-01,  ..., 4.9375e-01,
           5.0916e-01, 5.8412e-01],
          [3.4136e-01, 6.3422e-01, 7.0394e-01,  ..., 9.7061e-01,
           9.5716e-01, 7.9685e-01],
          [5.4851e-01, 6.2912e-01, 3.3501e-01,  ..., 4.8975e-01,
           5.3776e-01, 2.4713e-01],
          ...,
          [7.8039e-01, 5.9523e-02, 4.5811e-01,  ..., 3.2539e-01,
           7.6517e-01, 2.7360e-01],
          [5.8045e-03, 5.1834e-01, 9.1591e-01,  ..., 4.2591e-01,
           3.6356e-01, 7.3737e-04],
          [9.9538e-01, 1.0835e-01, 1.8886e-01,  ..., 9.4068e-01,
           2.9695e-01, 1.1595e-01]],

         [[6.0435e-01, 7.1228e-01, 2.2403e-01,  ..., 4.8286e-01,
           7.2339e-02, 1.7599e-01],
          [2.7144e-01, 3.2876e-01, 1.6950e-01,  ..., 9.0171e-01,
           1.2731e-01, 4.3780e-01],
          [6.4938e-01, 9.2979e-01, 2.7904e-02,  ..., 9.9305e-01,
           3.1730e-01, 5.7873e-01],
          ...,
          [4.8015e-01, 2.6598e-01, 5.2760e-01,  ..., 2.8107e-01,
           6.9638e-01, 6.2010e-01],
          [1.2031e-02, 2.8119e-01, 5.1277e-01,  ..., 7.5530e-02,
           8.5098e-01, 1.4901e-01],
          [3.1896e-01, 9.6149e-01, 1.1294e-01,  ..., 1.2678e-02,
           8.3742e-01, 9.1951e-01]],

         [[5.8211e-01, 5.0343e-01, 5.7003e-02,  ..., 3.5838e-01,
           1.1154e-02, 8.2182e-01],
          [8.3756e-01, 6.6796e-01, 4.4582e-01,  ..., 7.8688e-01,
           3.7667e-01, 1.8285e-01],
          [4.8195e-01, 4.1334e-01, 8.0573e-01,  ..., 5.6341e-01,
           5.9714e-01, 2.0207e-02],
          ...,
          [4.1869e-01, 7.5913e-01, 6.1009e-01,  ..., 1.5959e-01,
           5.6969e-01, 2.4253e-01],
          [5.4711e-01, 4.0950e-01, 6.4168e-02,  ..., 1.8198e-01,
           4.0258e-01, 6.1870e-01],
          [7.7506e-02, 1.5249e-01, 2.8600e-01,  ..., 4.9099e-01,
           1.4048e-01, 2.0785e-02]]],


        [[[8.3697e-01, 5.0884e-01, 7.4916e-01,  ..., 6.0636e-01,
           7.6156e-01, 9.0691e-01],
          [3.9625e-01, 9.6957e-01, 8.2114e-01,  ..., 2.7303e-01,
           1.6166e-01, 1.3369e-01],
          [7.4725e-01, 1.4344e-01, 2.4707e-01,  ..., 7.5115e-01,
           1.0816e-01, 6.9552e-01],
          ...,
          [1.0535e-02, 2.1068e-01, 6.3210e-01,  ..., 8.9668e-01,
           8.8818e-01, 8.1884e-01],
          [8.9826e-01, 2.5263e-01, 1.3401e-01,  ..., 8.7699e-01,
           7.6281e-01, 1.0574e-02],
          [8.0796e-01, 2.0699e-01, 6.1800e-01,  ..., 9.4656e-01,
           1.3832e-01, 4.3263e-01]],

         [[8.6464e-01, 8.1862e-01, 8.1179e-01,  ..., 7.0354e-01,
           9.2355e-01, 7.2902e-01],
          [6.3772e-01, 1.2916e-01, 5.7218e-01,  ..., 8.6442e-01,
           9.0157e-01, 8.4741e-02],
          [2.3496e-01, 5.5315e-02, 7.4056e-01,  ..., 7.5540e-01,
           3.5531e-01, 2.0657e-01],
          ...,
          [6.2374e-01, 6.7639e-01, 9.8200e-01,  ..., 8.1717e-01,
           9.6342e-01, 7.5487e-01],
          [3.8673e-01, 3.4618e-01, 7.9151e-01,  ..., 1.4802e-01,
           2.0912e-01, 4.6944e-01],
          [8.3809e-01, 3.7361e-01, 4.5059e-01,  ..., 1.7175e-01,
           8.0537e-01, 7.8526e-01]],

         [[2.0976e-01, 1.4644e-01, 2.5240e-01,  ..., 3.8429e-01,
           9.4929e-01, 9.1065e-01],
          [4.3694e-01, 9.9342e-02, 6.0802e-01,  ..., 6.4311e-01,
           4.4828e-01, 1.0618e-01],
          [5.8093e-01, 6.5543e-02, 6.6554e-01,  ..., 1.9167e-01,
           8.5371e-01, 1.7997e-01],
          ...,
          [9.9848e-01, 8.5955e-01, 5.2342e-01,  ..., 9.7718e-01,
           6.4984e-01, 9.4965e-01],
          [7.9432e-01, 9.3454e-01, 2.5823e-01,  ..., 8.9744e-01,
           7.1803e-01, 7.4258e-01],
          [5.4945e-01, 1.9916e-01, 7.3444e-01,  ..., 6.9958e-01,
           4.2332e-01, 7.3882e-03]],

         ...,

         [[1.3752e-01, 7.7554e-01, 1.5333e-02,  ..., 4.1156e-01,
           3.9131e-02, 1.5547e-02],
          [4.2616e-01, 3.0907e-01, 8.0597e-01,  ..., 1.0903e-01,
           3.3096e-01, 7.2185e-02],
          [5.0203e-01, 9.7633e-01, 9.9256e-01,  ..., 3.2973e-01,
           9.2037e-01, 9.2930e-01],
          ...,
          [3.7617e-01, 4.4450e-01, 2.4205e-01,  ..., 2.7708e-01,
           8.9728e-01, 9.4403e-01],
          [8.1910e-01, 8.9308e-01, 8.5541e-01,  ..., 2.0650e-01,
           8.4847e-01, 9.8640e-01],
          [1.3338e-01, 4.8195e-01, 9.0788e-01,  ..., 3.0013e-01,
           7.1620e-01, 8.8381e-01]],

         [[1.3681e-01, 2.9505e-01, 5.1847e-01,  ..., 3.2026e-01,
           7.4683e-01, 7.1854e-01],
          [2.6027e-01, 3.0910e-01, 4.4622e-01,  ..., 4.2501e-01,
           4.1963e-01, 8.3071e-03],
          [7.8694e-01, 1.8026e-01, 3.9840e-01,  ..., 1.8927e-01,
           6.3229e-01, 3.2784e-01],
          ...,
          [9.1428e-01, 1.7181e-01, 5.0833e-01,  ..., 5.7831e-01,
           9.1572e-02, 7.3265e-01],
          [2.1175e-02, 5.6951e-01, 2.0203e-01,  ..., 7.6753e-01,
           4.9945e-01, 8.8295e-01],
          [5.0756e-01, 1.4362e-01, 1.0480e-01,  ..., 3.9654e-01,
           7.1377e-01, 6.6332e-01]],

         [[1.3338e-01, 9.8989e-01, 7.2070e-01,  ..., 6.2697e-02,
           3.5964e-01, 1.3549e-01],
          [9.9034e-01, 9.0251e-01, 8.6029e-01,  ..., 7.3608e-01,
           2.7512e-01, 2.6613e-01],
          [5.6276e-01, 5.7819e-01, 8.8077e-01,  ..., 6.2324e-01,
           8.2901e-02, 6.7391e-01],
          ...,
          [6.0702e-01, 9.7026e-01, 5.4108e-01,  ..., 2.8609e-01,
           3.2068e-01, 1.9079e-02],
          [9.9817e-01, 9.1002e-01, 8.1891e-01,  ..., 2.4012e-02,
           7.6568e-01, 1.5891e-01],
          [5.1606e-01, 2.4848e-01, 9.0466e-01,  ..., 9.9586e-01,
           4.3199e-02, 2.1209e-01]]]])
