tensor([[[[6.7790e-01, 9.2837e-01, 4.4621e-02,  ..., 3.7046e-01,
           2.6130e-01, 8.3714e-01],
          [7.3938e-01, 2.2248e-01, 9.1617e-01,  ..., 9.5021e-01,
           6.1445e-01, 9.3257e-01],
          [3.3919e-01, 3.1227e-01, 2.5523e-02,  ..., 9.9878e-03,
           9.0639e-01, 1.0302e-02],
          ...,
          [2.7644e-01, 9.6363e-01, 1.7464e-01,  ..., 5.8801e-02,
           6.9099e-01, 1.4865e-01],
          [8.1898e-01, 7.9561e-01, 5.4344e-01,  ..., 3.0934e-01,
           5.5773e-01, 9.4436e-01],
          [5.6629e-01, 6.9894e-01, 9.9656e-01,  ..., 3.0925e-01,
           4.3865e-01, 8.4625e-01]],

         [[1.4074e-01, 6.3686e-01, 5.4025e-01,  ..., 3.2164e-01,
           6.0276e-01, 3.9909e-01],
          [1.4405e-01, 2.5857e-01, 5.2430e-01,  ..., 9.0934e-01,
           6.4813e-01, 5.7252e-01],
          [9.8802e-01, 2.8163e-01, 6.0316e-01,  ..., 3.1375e-01,
           5.0594e-01, 7.2636e-01],
          ...,
          [5.7468e-01, 2.5989e-01, 2.0334e-02,  ..., 3.4855e-01,
           1.3465e-02, 2.6622e-01],
          [9.6699e-01, 2.1436e-01, 8.9926e-01,  ..., 7.5725e-01,
           4.3382e-02, 6.4654e-01],
          [2.8199e-01, 9.6947e-01, 1.0838e-02,  ..., 1.2558e-01,
           2.1571e-01, 3.4561e-02]],

         [[5.7024e-02, 7.1719e-01, 5.4658e-01,  ..., 2.4704e-01,
           3.4671e-01, 4.1631e-01],
          [4.8862e-01, 9.6821e-01, 4.8876e-01,  ..., 5.6108e-01,
           9.6974e-01, 5.0974e-01],
          [9.7853e-01, 4.3876e-01, 9.1874e-01,  ..., 6.5116e-01,
           1.9074e-03, 6.8322e-01],
          ...,
          [5.6247e-01, 9.7538e-01, 8.8089e-01,  ..., 1.1055e-01,
           5.2767e-01, 9.0274e-01],
          [5.5342e-01, 9.6303e-02, 5.8554e-01,  ..., 2.1887e-01,
           4.9121e-01, 4.3204e-02],
          [1.4217e-01, 3.3084e-01, 2.3710e-01,  ..., 3.7701e-01,
           6.9591e-01, 8.7157e-01]],

         ...,

         [[7.8450e-01, 3.7863e-02, 7.0935e-01,  ..., 4.3043e-01,
           8.0492e-01, 6.6881e-01],
          [2.0870e-01, 9.5951e-01, 2.0601e-02,  ..., 6.4503e-01,
           3.3137e-01, 6.7563e-01],
          [2.3108e-01, 5.5037e-01, 5.9132e-01,  ..., 2.1368e-01,
           6.6546e-01, 1.7151e-01],
          ...,
          [6.9709e-01, 1.3290e-01, 3.7504e-01,  ..., 9.2806e-01,
           8.9728e-01, 7.7357e-01],
          [8.2173e-01, 9.5616e-01, 2.7674e-01,  ..., 3.4211e-02,
           8.8158e-02, 6.8048e-01],
          [1.3335e-01, 3.4533e-01, 3.3170e-01,  ..., 5.3599e-01,
           8.6964e-01, 5.3487e-01]],

         [[3.6460e-01, 9.4023e-02, 9.8798e-01,  ..., 8.2831e-01,
           9.4391e-01, 5.4510e-01],
          [2.2929e-01, 1.2352e-01, 2.3065e-01,  ..., 3.3642e-02,
           7.4595e-01, 4.3472e-01],
          [3.5538e-01, 3.6130e-01, 6.1474e-01,  ..., 5.7072e-01,
           3.9389e-01, 5.8664e-01],
          ...,
          [3.9525e-01, 7.6120e-01, 9.6289e-01,  ..., 9.9868e-01,
           3.9438e-01, 5.9645e-01],
          [9.2144e-01, 3.4876e-01, 7.4572e-01,  ..., 9.5736e-01,
           5.7411e-01, 9.0367e-01],
          [2.2344e-01, 6.7369e-01, 4.2164e-01,  ..., 2.8932e-01,
           5.1969e-01, 7.6672e-01]],

         [[9.3666e-01, 9.6354e-01, 1.4726e-02,  ..., 5.7256e-01,
           8.8692e-01, 5.9047e-01],
          [8.8392e-01, 5.1503e-01, 2.2212e-01,  ..., 4.8522e-01,
           8.1142e-01, 8.4797e-01],
          [7.7653e-01, 1.0711e-01, 3.6467e-01,  ..., 7.1663e-01,
           1.0135e-01, 1.7919e-01],
          ...,
          [5.2881e-01, 2.5991e-01, 7.1264e-01,  ..., 5.2414e-01,
           2.2707e-01, 2.3865e-01],
          [8.5528e-01, 5.9372e-02, 8.1169e-01,  ..., 4.5219e-01,
           6.7143e-01, 5.8549e-01],
          [6.6239e-01, 8.6622e-01, 6.9993e-01,  ..., 7.1285e-01,
           3.4149e-02, 8.9756e-01]]],


        [[[6.7251e-01, 7.7388e-01, 4.1139e-02,  ..., 5.0325e-01,
           5.2656e-01, 7.6344e-01],
          [9.0177e-01, 6.5999e-01, 2.7159e-01,  ..., 2.1189e-01,
           9.6655e-01, 5.9650e-02],
          [7.2876e-01, 3.9433e-01, 1.2572e-01,  ..., 2.7782e-01,
           9.5185e-01, 3.3609e-01],
          ...,
          [3.1060e-01, 3.1531e-01, 8.1855e-04,  ..., 2.6006e-02,
           8.0391e-01, 8.6238e-01],
          [1.1042e-01, 9.6179e-01, 4.1837e-01,  ..., 9.1306e-01,
           3.1421e-01, 3.2330e-01],
          [1.0441e-02, 5.8488e-01, 8.2433e-01,  ..., 5.0996e-01,
           5.2454e-01, 5.8351e-01]],

         [[1.8727e-01, 2.0017e-01, 4.5866e-01,  ..., 2.0725e-01,
           1.8197e-01, 5.0406e-01],
          [6.6374e-01, 8.3688e-01, 7.3556e-01,  ..., 6.6009e-01,
           6.9862e-01, 6.8745e-01],
          [2.8360e-01, 2.4159e-02, 2.4710e-01,  ..., 2.5378e-01,
           3.5822e-02, 7.1452e-01],
          ...,
          [3.4770e-01, 6.8897e-01, 3.6384e-01,  ..., 5.8742e-02,
           6.1036e-01, 2.3945e-01],
          [5.3381e-01, 8.6553e-01, 5.5852e-02,  ..., 4.5447e-01,
           4.5211e-01, 1.0688e-01],
          [6.9511e-01, 7.8929e-01, 8.5026e-02,  ..., 2.8361e-01,
           6.4518e-01, 5.1765e-02]],

         [[9.3061e-02, 9.5582e-01, 7.4761e-01,  ..., 5.1300e-01,
           7.2166e-01, 5.5927e-01],
          [7.4264e-01, 8.8122e-01, 5.1857e-01,  ..., 4.2098e-01,
           4.5125e-01, 2.3655e-01],
          [4.0581e-01, 2.1661e-01, 9.3331e-01,  ..., 2.0407e-01,
           5.5525e-01, 7.6686e-01],
          ...,
          [8.5190e-01, 1.3246e-01, 3.5742e-01,  ..., 4.2096e-01,
           4.3873e-01, 3.8419e-01],
          [7.1838e-01, 8.6414e-01, 4.3742e-01,  ..., 7.1488e-01,
           3.2545e-01, 4.5753e-01],
          [5.5805e-02, 7.8657e-01, 1.8417e-01,  ..., 4.5389e-01,
           5.1554e-01, 7.8140e-01]],

         ...,

         [[8.8534e-01, 1.1778e-01, 9.6310e-01,  ..., 3.2165e-01,
           2.7744e-01, 8.0421e-01],
          [6.4800e-01, 6.3254e-01, 2.0764e-01,  ..., 8.3160e-01,
           3.5216e-01, 8.9545e-01],
          [5.3031e-02, 5.7887e-01, 2.2793e-01,  ..., 3.2422e-02,
           8.0692e-01, 9.7835e-01],
          ...,
          [3.5916e-01, 8.8007e-01, 5.6503e-01,  ..., 1.9058e-02,
           9.6915e-01, 2.9677e-01],
          [7.2267e-01, 7.4807e-01, 2.7219e-01,  ..., 6.4390e-01,
           7.6951e-01, 4.6191e-01],
          [9.4433e-01, 3.0547e-01, 3.8929e-01,  ..., 5.5604e-01,
           9.8869e-01, 9.7616e-01]],

         [[9.1218e-01, 1.3207e-01, 2.3325e-02,  ..., 8.8937e-01,
           8.9886e-01, 8.7942e-01],
          [8.8837e-01, 1.7067e-01, 2.3304e-01,  ..., 2.2982e-01,
           2.5400e-01, 8.4168e-01],
          [2.4743e-01, 9.6664e-01, 6.3162e-01,  ..., 5.9407e-01,
           1.4025e-01, 6.7865e-01],
          ...,
          [3.1643e-01, 7.9939e-01, 2.8015e-01,  ..., 7.2046e-01,
           6.5764e-01, 8.6542e-01],
          [7.4922e-01, 4.2385e-01, 1.6462e-01,  ..., 6.1701e-01,
           7.2279e-01, 3.8697e-01],
          [2.6668e-02, 1.6670e-01, 2.9396e-01,  ..., 7.1828e-01,
           3.8121e-01, 3.3083e-02]],

         [[6.5018e-01, 2.9054e-01, 1.9305e-01,  ..., 6.7203e-01,
           3.9630e-01, 5.3147e-01],
          [9.1415e-01, 8.7658e-01, 9.6740e-01,  ..., 8.0029e-01,
           6.3406e-03, 1.7549e-01],
          [4.3142e-02, 8.7604e-01, 8.3895e-01,  ..., 1.1003e-01,
           9.6770e-01, 5.4299e-01],
          ...,
          [2.0966e-01, 7.7266e-01, 3.3502e-01,  ..., 3.2353e-01,
           3.6827e-02, 5.9266e-02],
          [4.6743e-01, 9.1773e-01, 5.7452e-01,  ..., 6.7123e-01,
           2.6834e-01, 9.2569e-01],
          [4.9612e-01, 1.6253e-01, 7.2494e-01,  ..., 7.8517e-01,
           4.3548e-01, 5.1452e-01]]],


        [[[9.6900e-01, 9.7939e-01, 9.5623e-01,  ..., 1.6362e-01,
           2.8094e-01, 2.1801e-01],
          [2.0589e-01, 7.9946e-01, 4.0730e-01,  ..., 7.5781e-01,
           2.6182e-01, 6.2334e-01],
          [1.6008e-01, 5.5609e-01, 5.1072e-01,  ..., 1.1715e-02,
           5.0533e-01, 5.5515e-01],
          ...,
          [4.0442e-01, 7.3890e-01, 7.8912e-01,  ..., 7.0503e-01,
           9.7990e-01, 9.3975e-01],
          [4.2691e-02, 7.8169e-01, 2.0364e-01,  ..., 9.1369e-01,
           5.0280e-01, 7.1876e-01],
          [9.8626e-02, 1.1227e-01, 3.7694e-01,  ..., 1.6831e-01,
           9.6386e-01, 5.2553e-01]],

         [[8.5007e-01, 6.5031e-01, 6.6103e-01,  ..., 4.6772e-01,
           4.6570e-01, 6.0176e-02],
          [5.8775e-01, 1.7710e-01, 7.4000e-01,  ..., 8.6638e-01,
           2.7932e-02, 3.3056e-01],
          [5.5649e-02, 9.3619e-01, 7.3591e-01,  ..., 9.9344e-01,
           7.4912e-01, 4.3127e-01],
          ...,
          [6.2769e-02, 1.7836e-01, 3.4672e-01,  ..., 6.3596e-01,
           7.8585e-01, 1.1148e-01],
          [9.7606e-01, 7.8737e-01, 8.6374e-01,  ..., 3.6261e-01,
           2.5494e-01, 8.3740e-02],
          [3.4350e-01, 8.7186e-01, 9.7886e-02,  ..., 2.2370e-01,
           7.1845e-01, 9.2765e-01]],

         [[2.5240e-01, 6.1413e-01, 7.1212e-01,  ..., 4.5559e-01,
           1.9311e-01, 1.3007e-01],
          [7.0218e-01, 2.9807e-01, 1.1716e-01,  ..., 1.3510e-01,
           2.7032e-01, 5.5863e-01],
          [4.5463e-01, 4.5555e-01, 4.8178e-01,  ..., 3.7184e-01,
           2.0370e-01, 8.4344e-01],
          ...,
          [3.5898e-01, 7.1244e-01, 9.6416e-01,  ..., 8.0436e-01,
           8.0671e-02, 2.7502e-01],
          [7.5641e-01, 1.6003e-01, 9.5035e-01,  ..., 4.8105e-01,
           2.6718e-01, 5.2591e-01],
          [6.7748e-01, 1.6429e-01, 2.2639e-01,  ..., 5.8735e-01,
           1.4655e-01, 6.5093e-01]],

         ...,

         [[1.2459e-01, 9.9996e-02, 6.0514e-01,  ..., 6.7493e-01,
           1.7876e-01, 5.9755e-01],
          [1.7576e-01, 1.6663e-01, 5.2678e-01,  ..., 5.5788e-01,
           4.2316e-02, 4.9685e-01],
          [9.3734e-01, 1.4911e-01, 8.7278e-01,  ..., 8.2720e-01,
           3.8069e-01, 1.0023e-01],
          ...,
          [8.7593e-01, 5.9094e-01, 6.0386e-01,  ..., 3.6857e-01,
           5.5315e-01, 7.4581e-02],
          [7.9530e-02, 6.0262e-01, 8.0566e-01,  ..., 9.3594e-01,
           6.2711e-01, 9.4617e-01],
          [5.6193e-01, 3.4817e-01, 4.2775e-01,  ..., 8.4736e-01,
           7.7640e-01, 7.0159e-01]],

         [[9.8783e-01, 2.6172e-01, 7.3004e-01,  ..., 9.6546e-01,
           1.1224e-02, 1.8966e-01],
          [6.0159e-01, 9.2855e-01, 9.7433e-01,  ..., 2.8790e-01,
           3.3384e-01, 8.5784e-01],
          [5.6939e-01, 2.1548e-01, 9.6817e-01,  ..., 5.0275e-01,
           8.3897e-01, 7.5253e-01],
          ...,
          [5.3656e-01, 4.5498e-01, 1.0490e-01,  ..., 1.0223e-01,
           1.0017e-01, 7.1252e-01],
          [3.6454e-01, 7.3511e-01, 1.5211e-02,  ..., 4.7921e-01,
           7.7938e-01, 6.4041e-02],
          [4.8379e-01, 4.5606e-01, 2.9809e-01,  ..., 6.4681e-01,
           1.5247e-01, 5.9854e-01]],

         [[8.8370e-01, 9.9945e-01, 8.2184e-02,  ..., 3.3310e-02,
           5.1664e-01, 3.6438e-01],
          [8.0452e-01, 4.0617e-02, 4.3073e-01,  ..., 8.2115e-02,
           3.6910e-01, 3.5838e-01],
          [2.7544e-01, 8.7201e-01, 8.2297e-01,  ..., 9.8178e-01,
           8.1725e-03, 3.9576e-01],
          ...,
          [3.9233e-02, 1.2809e-01, 5.3175e-01,  ..., 7.6125e-01,
           8.1857e-01, 7.6287e-01],
          [1.7325e-01, 5.8780e-01, 5.5602e-01,  ..., 8.1994e-01,
           6.4745e-01, 4.9462e-01],
          [7.1013e-01, 2.2467e-01, 8.9644e-01,  ..., 6.1605e-01,
           2.0676e-01, 9.4827e-01]]],


        ...,


        [[[4.3949e-01, 6.5926e-01, 2.9381e-02,  ..., 6.6219e-01,
           9.7280e-01, 1.3194e-01],
          [2.4785e-01, 6.9195e-01, 5.2175e-01,  ..., 6.1119e-01,
           8.1862e-01, 6.6718e-01],
          [1.2042e-01, 1.9167e-02, 9.2769e-02,  ..., 7.2692e-02,
           2.7198e-01, 7.9209e-01],
          ...,
          [5.5519e-01, 4.2351e-01, 9.3694e-01,  ..., 2.7001e-01,
           2.6870e-01, 7.7907e-01],
          [7.6673e-01, 9.9351e-01, 6.3869e-01,  ..., 6.7386e-01,
           6.3220e-01, 9.0091e-01],
          [1.8846e-01, 4.8094e-01, 3.4652e-01,  ..., 2.9106e-01,
           1.6709e-01, 3.5258e-01]],

         [[2.0564e-01, 9.2479e-01, 3.5334e-01,  ..., 5.1841e-02,
           6.2928e-01, 3.8543e-02],
          [3.6261e-01, 5.0791e-01, 2.8689e-01,  ..., 5.1051e-02,
           2.1194e-02, 6.6131e-01],
          [5.1416e-01, 9.6933e-01, 2.1550e-01,  ..., 8.5070e-01,
           4.9759e-03, 6.6624e-02],
          ...,
          [8.5895e-01, 4.6722e-01, 3.1936e-01,  ..., 5.5415e-01,
           2.7581e-01, 6.8344e-01],
          [3.9233e-01, 9.7496e-01, 4.4038e-01,  ..., 3.5622e-01,
           3.9457e-01, 3.6828e-01],
          [5.6512e-01, 2.1495e-01, 2.8948e-01,  ..., 8.5512e-01,
           4.9562e-01, 2.7089e-01]],

         [[3.4117e-02, 1.3294e-01, 4.7398e-01,  ..., 2.0630e-01,
           1.9655e-01, 3.2006e-02],
          [3.9664e-01, 5.8501e-01, 8.3471e-01,  ..., 4.4499e-01,
           5.6498e-01, 8.7623e-02],
          [3.5219e-01, 1.4625e-01, 9.5114e-01,  ..., 5.0582e-01,
           1.6829e-01, 4.8233e-01],
          ...,
          [6.2681e-01, 7.4790e-01, 9.6937e-01,  ..., 9.5655e-01,
           8.3860e-01, 5.6359e-01],
          [4.0987e-01, 4.2671e-01, 1.7719e-01,  ..., 4.3398e-01,
           1.2595e-02, 3.3947e-01],
          [2.2160e-01, 2.6115e-01, 9.3186e-01,  ..., 6.0061e-01,
           1.3429e-02, 3.5653e-02]],

         ...,

         [[2.0657e-01, 5.2809e-01, 3.0227e-01,  ..., 3.1829e-01,
           4.1022e-01, 9.8374e-02],
          [8.6199e-01, 6.8808e-01, 2.0204e-01,  ..., 6.5693e-01,
           4.0152e-01, 2.5342e-01],
          [2.0021e-01, 9.3373e-01, 5.6915e-01,  ..., 1.8390e-01,
           6.6977e-01, 2.5190e-01],
          ...,
          [5.8526e-01, 5.9504e-01, 6.3224e-01,  ..., 6.9192e-01,
           7.2257e-01, 4.8413e-01],
          [4.5428e-02, 3.7695e-01, 3.2999e-01,  ..., 6.1414e-01,
           2.6922e-01, 9.4772e-01],
          [2.2364e-01, 1.6584e-01, 1.8146e-02,  ..., 6.9172e-01,
           1.2742e-01, 4.8406e-01]],

         [[4.9766e-01, 9.7778e-01, 8.5013e-03,  ..., 7.9636e-01,
           9.5584e-01, 3.0369e-01],
          [8.4109e-01, 8.9461e-01, 4.1617e-01,  ..., 2.3645e-01,
           3.4760e-01, 3.8356e-01],
          [7.3852e-01, 1.0694e-01, 6.7758e-01,  ..., 3.3077e-01,
           8.6638e-01, 3.6483e-01],
          ...,
          [3.9018e-01, 9.9880e-01, 3.9423e-01,  ..., 4.2836e-01,
           8.9441e-01, 5.7584e-01],
          [8.1886e-01, 9.5021e-01, 4.0678e-01,  ..., 7.7136e-01,
           9.7935e-01, 4.7164e-01],
          [2.4102e-01, 5.8355e-01, 4.9693e-01,  ..., 7.5508e-01,
           4.0691e-01, 8.9724e-01]],

         [[6.1607e-01, 3.2614e-01, 8.3709e-01,  ..., 8.4604e-01,
           3.8250e-01, 6.3956e-01],
          [1.6351e-01, 5.8522e-02, 5.1201e-01,  ..., 7.4567e-01,
           5.2023e-01, 7.7375e-01],
          [2.3265e-01, 2.7442e-01, 7.1459e-01,  ..., 8.6430e-01,
           5.3144e-01, 6.4131e-02],
          ...,
          [2.0812e-01, 4.1587e-01, 4.3895e-01,  ..., 3.1979e-01,
           9.7969e-02, 9.8252e-02],
          [9.4691e-01, 6.7070e-01, 4.9795e-01,  ..., 3.3350e-01,
           8.4917e-01, 8.1218e-01],
          [3.3554e-01, 6.2031e-01, 8.2948e-01,  ..., 3.4902e-01,
           2.0836e-01, 3.9831e-01]]],


        [[[5.6561e-01, 7.0783e-01, 1.4286e-01,  ..., 5.8889e-01,
           6.3596e-01, 2.0899e-01],
          [7.7038e-01, 5.4110e-01, 6.3762e-01,  ..., 1.7336e-01,
           9.3594e-01, 9.4663e-01],
          [3.0095e-01, 8.5579e-01, 2.8091e-01,  ..., 3.2966e-01,
           4.7355e-01, 4.4968e-01],
          ...,
          [5.3846e-01, 1.3642e-01, 7.8104e-01,  ..., 1.7579e-01,
           8.7300e-02, 8.0587e-01],
          [9.1627e-02, 6.8791e-02, 1.8217e-01,  ..., 7.0414e-01,
           4.6143e-01, 4.2740e-01],
          [8.1710e-01, 5.8233e-01, 9.9129e-01,  ..., 6.8598e-01,
           3.5123e-01, 1.4229e-02]],

         [[9.4895e-01, 4.4254e-02, 7.6473e-02,  ..., 2.0712e-01,
           2.8501e-01, 3.1741e-01],
          [9.2116e-01, 6.0830e-01, 8.7117e-01,  ..., 7.0854e-01,
           9.5114e-01, 6.4764e-01],
          [1.7295e-01, 4.7832e-01, 6.9351e-01,  ..., 9.3492e-01,
           1.8002e-01, 9.6898e-01],
          ...,
          [6.9908e-01, 3.9487e-01, 6.0800e-01,  ..., 7.7425e-01,
           1.2878e-01, 2.8429e-01],
          [3.5940e-01, 5.7310e-01, 1.4469e-01,  ..., 2.1671e-02,
           5.2355e-02, 8.0812e-01],
          [6.2882e-01, 9.6280e-01, 5.7219e-01,  ..., 3.5564e-01,
           9.2268e-01, 2.9386e-02]],

         [[4.0826e-01, 8.0148e-01, 9.6520e-01,  ..., 8.6287e-02,
           8.0446e-01, 8.8245e-01],
          [3.5824e-01, 8.9623e-01, 1.4091e-01,  ..., 2.5346e-02,
           9.5650e-01, 3.0134e-02],
          [4.2058e-01, 5.8167e-01, 4.5316e-01,  ..., 6.2205e-01,
           3.5149e-02, 7.1432e-01],
          ...,
          [5.0285e-01, 1.8231e-02, 7.5938e-01,  ..., 9.5816e-01,
           2.8852e-01, 5.2652e-01],
          [2.4696e-01, 3.6494e-01, 9.4618e-01,  ..., 4.0073e-01,
           1.4022e-01, 8.7348e-01],
          [6.1764e-01, 7.2342e-01, 7.4031e-01,  ..., 9.0266e-01,
           2.9055e-01, 7.6802e-01]],

         ...,

         [[1.2138e-01, 5.9366e-01, 5.4111e-01,  ..., 6.3547e-01,
           5.3538e-01, 8.7528e-01],
          [8.1008e-01, 3.7274e-01, 7.7022e-01,  ..., 9.8087e-01,
           7.7079e-01, 4.8862e-01],
          [5.4510e-01, 6.1529e-01, 6.3515e-01,  ..., 4.1673e-02,
           2.3537e-01, 1.5389e-01],
          ...,
          [8.6522e-01, 3.9414e-01, 6.1297e-01,  ..., 8.1411e-01,
           5.7262e-02, 6.9980e-02],
          [4.3252e-01, 6.2617e-01, 5.8968e-01,  ..., 3.5166e-01,
           8.8599e-01, 8.7352e-01],
          [2.5382e-01, 8.2013e-01, 2.3214e-01,  ..., 3.2083e-01,
           7.3149e-02, 2.6719e-01]],

         [[3.7785e-01, 9.1746e-01, 6.2911e-02,  ..., 6.0372e-01,
           9.0258e-01, 6.8762e-01],
          [8.3498e-02, 9.4956e-01, 1.1594e-01,  ..., 5.3286e-01,
           9.1501e-01, 8.8229e-01],
          [4.1704e-01, 3.4050e-01, 4.6489e-01,  ..., 2.0596e-01,
           5.1391e-01, 4.8079e-02],
          ...,
          [2.9875e-01, 8.2627e-01, 2.3046e-01,  ..., 5.7080e-02,
           3.6907e-01, 1.3056e-02],
          [4.6244e-02, 5.3537e-01, 6.3613e-01,  ..., 7.6078e-01,
           9.5218e-01, 7.3478e-01],
          [1.5126e-01, 6.3701e-02, 4.2345e-01,  ..., 4.6051e-01,
           5.9751e-01, 4.2644e-02]],

         [[7.5889e-01, 2.9950e-01, 6.4968e-01,  ..., 5.1887e-01,
           3.5370e-01, 1.2063e-01],
          [5.3905e-01, 1.7748e-03, 7.4643e-01,  ..., 6.3511e-02,
           2.4162e-01, 6.4759e-01],
          [8.9988e-01, 6.5720e-02, 8.1826e-01,  ..., 7.8640e-01,
           2.3261e-01, 6.0464e-01],
          ...,
          [9.9623e-01, 9.8647e-03, 1.3643e-01,  ..., 5.5863e-01,
           9.3307e-02, 6.2001e-01],
          [1.0123e-01, 3.9609e-01, 5.2797e-01,  ..., 8.2950e-01,
           3.8360e-01, 7.8987e-01],
          [8.4322e-01, 7.4605e-02, 5.6270e-01,  ..., 5.1731e-01,
           8.4265e-01, 9.3524e-01]]],


        [[[9.4810e-01, 7.9678e-01, 3.7617e-01,  ..., 3.8468e-02,
           4.7300e-01, 9.1521e-01],
          [8.9907e-01, 3.6760e-01, 2.3165e-01,  ..., 4.6198e-01,
           6.1230e-01, 6.2065e-01],
          [6.4720e-01, 2.7033e-01, 5.5978e-01,  ..., 9.7255e-02,
           6.7009e-01, 2.7194e-01],
          ...,
          [1.8387e-02, 7.8799e-01, 9.9387e-01,  ..., 3.7285e-01,
           2.7028e-01, 1.0684e-01],
          [8.7611e-01, 3.5870e-01, 9.6483e-01,  ..., 2.6093e-03,
           4.0077e-01, 8.2228e-01],
          [5.7999e-01, 7.2266e-01, 2.2224e-02,  ..., 8.8281e-01,
           5.5632e-01, 6.8548e-01]],

         [[4.3598e-01, 2.3817e-01, 4.9361e-01,  ..., 3.9463e-02,
           9.3754e-01, 4.3777e-02],
          [7.8363e-01, 6.0362e-01, 1.5152e-01,  ..., 3.3276e-01,
           5.8770e-01, 8.5261e-01],
          [7.6648e-01, 4.6651e-01, 9.8446e-01,  ..., 1.7674e-01,
           5.9141e-01, 5.8375e-01],
          ...,
          [7.7652e-01, 4.7170e-01, 5.8122e-01,  ..., 1.5339e-01,
           5.2756e-02, 5.6216e-01],
          [7.7495e-01, 6.6311e-01, 4.1399e-01,  ..., 1.5977e-01,
           9.4575e-01, 7.9212e-01],
          [1.1925e-01, 8.9071e-01, 2.8750e-01,  ..., 4.1954e-02,
           8.5835e-01, 9.5679e-01]],

         [[8.4933e-01, 2.2843e-01, 2.6211e-01,  ..., 6.5324e-01,
           6.1201e-01, 5.4195e-01],
          [5.3447e-01, 3.5760e-01, 9.1495e-01,  ..., 6.1139e-01,
           8.2271e-01, 4.2339e-01],
          [9.3038e-01, 2.0898e-01, 3.1589e-01,  ..., 3.2449e-01,
           7.5117e-01, 2.1405e-01],
          ...,
          [9.3905e-01, 7.4194e-01, 2.4661e-01,  ..., 9.3962e-01,
           9.9914e-01, 3.1370e-01],
          [4.4283e-01, 4.4545e-01, 1.3536e-01,  ..., 2.1918e-01,
           8.4194e-01, 8.9823e-01],
          [8.0742e-01, 4.5727e-01, 9.4833e-01,  ..., 1.2479e-01,
           1.9802e-01, 5.5470e-01]],

         ...,

         [[8.7503e-01, 7.2298e-01, 4.8611e-01,  ..., 7.6778e-02,
           3.5961e-01, 9.8341e-01],
          [9.6634e-02, 7.5079e-01, 3.5672e-01,  ..., 1.2538e-01,
           5.2456e-01, 9.2866e-01],
          [5.0909e-01, 5.4585e-01, 8.4743e-01,  ..., 1.1833e-01,
           2.8553e-01, 1.9532e-01],
          ...,
          [3.9807e-01, 6.5372e-01, 4.3904e-01,  ..., 8.3891e-02,
           4.2171e-01, 7.5646e-01],
          [7.7313e-01, 4.8371e-01, 5.9963e-01,  ..., 7.8382e-01,
           3.1071e-01, 8.1634e-01],
          [9.0165e-01, 9.0251e-01, 5.3845e-01,  ..., 5.2796e-01,
           4.3364e-01, 1.9098e-01]],

         [[5.7650e-01, 2.5625e-01, 4.9949e-01,  ..., 7.0483e-01,
           3.5699e-01, 5.2558e-01],
          [1.0672e-01, 6.9415e-01, 9.9710e-01,  ..., 1.3474e-01,
           2.2194e-01, 7.9326e-01],
          [4.6470e-01, 8.3599e-01, 6.8772e-01,  ..., 6.3819e-01,
           3.6379e-01, 3.1055e-01],
          ...,
          [7.4703e-01, 6.3641e-01, 7.0764e-01,  ..., 5.3566e-01,
           2.6415e-01, 5.0503e-02],
          [1.5695e-01, 7.5564e-01, 4.8760e-01,  ..., 2.4213e-01,
           9.9035e-01, 5.4304e-01],
          [1.8230e-01, 7.9615e-01, 7.1497e-01,  ..., 6.0530e-01,
           3.3206e-02, 8.0285e-01]],

         [[1.0688e-01, 7.7483e-01, 3.5482e-01,  ..., 3.0719e-01,
           1.9972e-01, 5.4328e-01],
          [4.5782e-01, 8.2880e-01, 8.1267e-02,  ..., 5.3074e-01,
           5.4954e-01, 8.0517e-01],
          [8.3837e-01, 6.7344e-01, 2.9348e-01,  ..., 7.9306e-01,
           1.7889e-02, 3.7266e-01],
          ...,
          [8.2127e-01, 7.2323e-01, 1.8002e-01,  ..., 5.7166e-01,
           6.3690e-01, 6.8294e-01],
          [4.6439e-01, 2.7841e-01, 3.0179e-01,  ..., 5.3622e-02,
           5.3884e-01, 3.0927e-01],
          [2.5130e-01, 1.5515e-01, 9.4913e-01,  ..., 6.3507e-01,
           4.5258e-01, 3.1915e-01]]]])
