tensor([[[[0.9408, 0.0811, 0.7049,  ..., 0.8360, 0.6642, 0.7386],
          [0.2910, 0.8079, 0.8712,  ..., 0.1570, 0.6219, 0.1254],
          [0.6170, 0.0116, 0.3111,  ..., 0.2790, 0.4709, 0.5162],
          ...,
          [0.1149, 0.0989, 0.5262,  ..., 0.3519, 0.2715, 0.0759],
          [0.9402, 0.5389, 0.8397,  ..., 0.1267, 0.2869, 0.8368],
          [0.5149, 0.7448, 0.3800,  ..., 0.9350, 0.6268, 0.3694]],

         [[0.9061, 0.5947, 0.0968,  ..., 0.5349, 0.3743, 0.8110],
          [0.3782, 0.8000, 0.9062,  ..., 0.4906, 0.9510, 0.8099],
          [0.3988, 0.8747, 0.4119,  ..., 0.3516, 0.8681, 0.6818],
          ...,
          [0.8685, 0.8260, 0.6887,  ..., 0.7420, 0.7159, 0.3909],
          [0.8791, 0.0026, 0.4278,  ..., 0.4471, 0.9139, 0.0620],
          [0.2892, 0.9478, 0.6729,  ..., 0.0743, 0.5125, 0.7261]],

         [[0.7698, 0.2867, 0.5347,  ..., 0.4208, 0.3815, 0.3098],
          [0.4580, 0.2700, 0.4305,  ..., 0.9633, 0.9101, 0.8008],
          [0.1006, 0.9832, 0.0266,  ..., 0.1546, 0.7313, 0.8985],
          ...,
          [0.8899, 0.9430, 0.0474,  ..., 0.0162, 0.2924, 0.4217],
          [0.9060, 0.1892, 0.2973,  ..., 0.6568, 0.8175, 0.9128],
          [0.2969, 0.9060, 0.3667,  ..., 0.9315, 0.2257, 0.5226]],

         ...,

         [[0.8615, 0.6685, 0.3731,  ..., 0.5636, 0.3950, 0.8574],
          [0.2842, 0.7397, 0.8834,  ..., 0.3140, 0.6639, 0.6063],
          [0.4076, 0.8686, 0.7143,  ..., 0.6720, 0.7239, 0.3409],
          ...,
          [0.0109, 0.4668, 0.3462,  ..., 0.4613, 0.8397, 0.4885],
          [0.3013, 0.4411, 0.5157,  ..., 0.2025, 0.0562, 0.8744],
          [0.8041, 0.1470, 0.7122,  ..., 0.1651, 0.0681, 0.6778]],

         [[0.9502, 0.4935, 0.8742,  ..., 0.8344, 0.7017, 0.4299],
          [0.9642, 0.2080, 0.3297,  ..., 0.7580, 0.7752, 0.5797],
          [0.0169, 0.0334, 0.3873,  ..., 0.1281, 0.1986, 0.7065],
          ...,
          [0.4184, 0.0928, 0.9061,  ..., 0.5717, 0.5978, 0.9895],
          [0.1196, 0.5283, 0.6129,  ..., 0.7736, 0.1662, 0.6911],
          [0.9287, 0.3607, 0.3438,  ..., 0.5232, 0.3919, 0.4075]],

         [[0.5292, 0.9195, 0.9810,  ..., 0.1805, 0.8106, 0.0658],
          [0.2706, 0.8421, 0.6460,  ..., 0.8106, 0.3316, 0.1462],
          [0.9398, 0.9654, 0.3672,  ..., 0.9155, 0.1091, 0.2882],
          ...,
          [0.6458, 0.9546, 0.5815,  ..., 0.0496, 0.2321, 0.2725],
          [0.5352, 0.1807, 0.3930,  ..., 0.5962, 0.2988, 0.2374],
          [0.8315, 0.7331, 0.9907,  ..., 0.3709, 0.4057, 0.9325]]],


        [[[0.8640, 0.7315, 0.5095,  ..., 0.4956, 0.8943, 0.0078],
          [0.5560, 0.9249, 0.9898,  ..., 0.1521, 0.1521, 0.4336],
          [0.0839, 0.8844, 0.4103,  ..., 0.4590, 0.3692, 0.1428],
          ...,
          [0.7608, 0.7290, 0.5570,  ..., 0.2040, 0.0635, 0.8400],
          [0.9719, 0.9121, 0.4768,  ..., 0.9174, 0.6263, 0.9145],
          [0.7488, 0.2417, 0.2620,  ..., 0.7135, 0.9588, 0.9532]],

         [[0.3994, 0.4696, 0.7748,  ..., 0.9704, 0.3580, 0.2947],
          [0.7023, 0.7260, 0.0202,  ..., 0.9311, 0.3670, 0.3895],
          [0.5536, 0.6602, 0.7438,  ..., 0.2750, 0.4043, 0.6235],
          ...,
          [0.1757, 0.4900, 0.3764,  ..., 0.4221, 0.9688, 0.5051],
          [0.9800, 0.7561, 0.7986,  ..., 0.7302, 0.2147, 0.7077],
          [0.8657, 0.8717, 0.6343,  ..., 0.0850, 0.8480, 0.1238]],

         [[0.0724, 0.3635, 0.3844,  ..., 0.6238, 0.5381, 0.3549],
          [0.8789, 0.4601, 0.6114,  ..., 0.5459, 0.4060, 0.8223],
          [0.7361, 0.4755, 0.4552,  ..., 0.1215, 0.2822, 0.8173],
          ...,
          [0.9752, 0.4630, 0.1413,  ..., 0.6274, 0.5261, 0.6224],
          [0.1427, 0.0877, 0.8214,  ..., 0.9954, 0.7658, 0.8713],
          [0.0472, 0.2038, 0.7746,  ..., 0.5062, 0.6534, 0.9832]],

         ...,

         [[0.6934, 0.8846, 0.7779,  ..., 0.7653, 0.4593, 0.6548],
          [0.3049, 0.3842, 0.5812,  ..., 0.2312, 0.6578, 0.6675],
          [0.0150, 0.6991, 0.8091,  ..., 0.7122, 0.5663, 0.6269],
          ...,
          [0.8215, 0.2779, 0.2173,  ..., 0.9243, 0.5756, 0.9946],
          [0.8974, 0.0616, 0.1569,  ..., 0.1062, 0.8602, 0.9712],
          [0.8899, 0.5939, 0.5968,  ..., 0.9399, 0.6280, 0.3108]],

         [[0.0357, 0.1944, 0.4230,  ..., 0.2837, 0.7996, 0.4796],
          [0.1692, 0.7818, 0.3480,  ..., 0.5601, 0.7474, 0.8421],
          [0.5441, 0.3116, 0.3785,  ..., 0.1461, 0.3449, 0.9182],
          ...,
          [0.4045, 0.7442, 0.4676,  ..., 0.7727, 0.9323, 0.6601],
          [0.5741, 0.6851, 0.5654,  ..., 0.4363, 0.2720, 0.6670],
          [0.7876, 0.8329, 0.3360,  ..., 0.6249, 0.3911, 0.2165]],

         [[0.0606, 0.7059, 0.4353,  ..., 0.2096, 0.4984, 0.8544],
          [0.7529, 0.9248, 0.6982,  ..., 0.3267, 0.1070, 0.2455],
          [0.9453, 0.7548, 0.8697,  ..., 0.1006, 0.5044, 0.5431],
          ...,
          [0.3850, 0.3943, 0.1944,  ..., 0.6941, 0.7308, 0.6809],
          [0.1855, 0.2075, 0.9630,  ..., 0.4363, 0.6720, 0.6010],
          [0.2236, 0.7377, 0.2571,  ..., 0.7592, 0.6838, 0.6639]]],


        [[[0.2232, 0.1998, 0.0476,  ..., 0.3981, 0.3051, 0.5785],
          [0.6107, 0.5455, 0.3504,  ..., 0.3056, 0.2633, 0.0310],
          [0.8310, 0.1196, 0.3757,  ..., 0.2369, 0.3513, 0.0985],
          ...,
          [0.7799, 0.7480, 0.0121,  ..., 0.6801, 0.0889, 0.2335],
          [0.3682, 0.0310, 0.1380,  ..., 0.6930, 0.1680, 0.7247],
          [0.2048, 0.6529, 0.4184,  ..., 0.8634, 0.2047, 0.3194]],

         [[0.5712, 0.1271, 0.0843,  ..., 0.1135, 0.7253, 0.0531],
          [0.3553, 0.5792, 0.7500,  ..., 0.0539, 0.5280, 0.0373],
          [0.0299, 0.6291, 0.2282,  ..., 0.5045, 0.4949, 0.4438],
          ...,
          [0.8591, 0.9460, 0.6327,  ..., 0.9430, 0.1166, 0.9972],
          [0.1895, 0.5215, 0.1765,  ..., 0.3369, 0.5322, 0.1324],
          [0.1506, 0.1010, 0.8789,  ..., 0.2344, 0.3110, 0.5981]],

         [[0.4197, 0.8351, 0.0810,  ..., 0.4100, 0.4824, 0.5475],
          [0.0780, 0.4427, 0.1935,  ..., 0.9125, 0.3931, 0.7333],
          [0.4791, 0.7627, 0.2830,  ..., 0.0313, 0.5564, 0.9554],
          ...,
          [0.6203, 0.3405, 0.2500,  ..., 0.0982, 0.0781, 0.6103],
          [0.7563, 0.9879, 0.0742,  ..., 0.2745, 0.6325, 0.2780],
          [0.4313, 0.3655, 0.1716,  ..., 0.8248, 0.1319, 0.8763]],

         ...,

         [[0.5456, 0.8056, 0.1486,  ..., 0.1718, 0.1392, 0.7010],
          [0.4963, 0.9066, 0.0016,  ..., 0.5483, 0.8998, 0.1766],
          [0.7661, 0.2763, 0.2551,  ..., 0.1555, 0.5889, 0.5289],
          ...,
          [0.9752, 0.6293, 0.0191,  ..., 0.4378, 0.0166, 0.3569],
          [0.0036, 0.7021, 0.2164,  ..., 0.0341, 0.5212, 0.0843],
          [0.4399, 0.8158, 0.9028,  ..., 0.6293, 0.3262, 0.6873]],

         [[0.0939, 0.8811, 0.0826,  ..., 0.4229, 0.7935, 0.8495],
          [0.7426, 0.4308, 0.4355,  ..., 0.4264, 0.7331, 0.9623],
          [0.3219, 0.8785, 0.0893,  ..., 0.3850, 0.8827, 0.3830],
          ...,
          [0.8895, 0.6511, 0.7538,  ..., 0.2165, 0.5388, 0.4322],
          [0.3357, 0.4189, 0.1385,  ..., 0.6388, 0.1051, 0.3631],
          [0.6236, 0.2268, 0.9172,  ..., 0.2587, 0.9056, 0.5561]],

         [[0.4661, 0.1358, 0.7058,  ..., 0.1211, 0.6827, 0.7583],
          [0.3431, 0.0450, 0.1506,  ..., 0.7056, 0.3244, 0.1304],
          [0.0753, 0.0798, 0.7529,  ..., 0.6198, 0.3401, 0.7245],
          ...,
          [0.6756, 0.9217, 0.6108,  ..., 0.1046, 0.8909, 0.7393],
          [0.9306, 0.1395, 0.3895,  ..., 0.1830, 0.1053, 0.5281],
          [0.0671, 0.6955, 0.2724,  ..., 0.8214, 0.4639, 0.2583]]],


        ...,


        [[[0.2892, 0.7892, 0.4739,  ..., 0.5098, 0.2472, 0.5603],
          [0.0906, 0.4951, 0.3293,  ..., 0.5209, 0.7735, 0.0041],
          [0.3239, 0.8515, 0.8532,  ..., 0.3920, 0.1133, 0.9956],
          ...,
          [0.5796, 0.9636, 0.0470,  ..., 0.4755, 0.5569, 0.7339],
          [0.9838, 0.0055, 0.1401,  ..., 0.5981, 0.5156, 0.0567],
          [0.0402, 0.7852, 0.0572,  ..., 0.5994, 0.8847, 0.3338]],

         [[0.4343, 0.6090, 0.7544,  ..., 0.2803, 0.4611, 0.5728],
          [0.9840, 0.9147, 0.7129,  ..., 0.0116, 0.1886, 0.2279],
          [0.7992, 0.6423, 0.9164,  ..., 0.3601, 0.8213, 0.5083],
          ...,
          [0.0542, 0.3266, 0.7432,  ..., 0.7418, 0.3130, 0.1928],
          [0.4771, 0.6834, 0.7105,  ..., 0.0406, 0.3551, 0.1000],
          [0.7429, 0.5135, 0.9338,  ..., 0.7197, 0.9562, 0.0807]],

         [[0.1871, 0.6409, 0.9207,  ..., 0.6312, 0.0194, 0.4763],
          [0.0186, 0.0347, 0.7663,  ..., 0.1368, 0.1826, 0.8696],
          [0.9025, 0.6193, 0.0105,  ..., 0.1834, 0.9157, 0.8482],
          ...,
          [0.3029, 0.4390, 0.2331,  ..., 0.6722, 0.0643, 0.1179],
          [0.0116, 0.7893, 0.6524,  ..., 0.9184, 0.2135, 0.2490],
          [0.4181, 0.8668, 0.7504,  ..., 0.2744, 0.9367, 0.6935]],

         ...,

         [[0.4574, 0.4986, 0.1045,  ..., 0.6367, 0.7988, 0.8309],
          [0.6994, 0.9704, 0.2225,  ..., 0.2190, 0.0930, 0.1126],
          [0.3373, 0.5162, 0.2687,  ..., 0.8222, 0.6717, 0.9359],
          ...,
          [0.6972, 0.0158, 0.4355,  ..., 0.7002, 0.4386, 0.6891],
          [0.2583, 0.3668, 0.1549,  ..., 0.8760, 0.3288, 0.0027],
          [0.6416, 0.9367, 0.4366,  ..., 0.4259, 0.5505, 0.8996]],

         [[0.2145, 0.5117, 0.1788,  ..., 0.7808, 0.2079, 0.9828],
          [0.5964, 0.7283, 0.3670,  ..., 0.7107, 0.2293, 0.3186],
          [0.5816, 0.0043, 0.6858,  ..., 0.4369, 0.0858, 0.0090],
          ...,
          [0.7280, 0.2376, 0.1940,  ..., 0.9697, 0.5475, 0.2562],
          [0.8802, 0.4568, 0.3520,  ..., 0.7840, 0.5155, 0.6200],
          [0.0205, 0.4742, 0.2934,  ..., 0.7880, 0.1105, 0.6350]],

         [[0.3234, 0.0333, 0.0603,  ..., 0.5242, 0.8237, 0.7232],
          [0.6637, 0.7830, 0.5790,  ..., 0.3071, 0.9220, 0.7820],
          [0.4645, 0.2983, 0.4910,  ..., 0.7521, 0.9570, 0.2780],
          ...,
          [0.9683, 0.7982, 0.0725,  ..., 0.0669, 0.7409, 0.7724],
          [0.2355, 0.4344, 0.4135,  ..., 0.5638, 0.8109, 0.3717],
          [0.8224, 0.6594, 0.6269,  ..., 0.1568, 0.2777, 0.0055]]],


        [[[0.8533, 0.5571, 0.4370,  ..., 0.6430, 0.6098, 0.4818],
          [0.6232, 0.8502, 0.2159,  ..., 0.2019, 0.1743, 0.5343],
          [0.8295, 0.6246, 0.1443,  ..., 0.1719, 0.0076, 0.2081],
          ...,
          [0.8596, 0.8976, 0.0064,  ..., 0.5532, 0.9221, 0.5996],
          [0.2829, 0.6029, 0.7558,  ..., 0.4156, 0.0872, 0.1285],
          [0.2804, 0.8483, 0.0080,  ..., 0.7750, 0.4137, 0.0978]],

         [[0.0247, 0.9576, 0.9025,  ..., 0.7363, 0.4034, 0.3981],
          [0.9153, 0.5267, 0.6193,  ..., 0.3868, 0.7793, 0.8041],
          [0.3379, 0.2915, 0.2604,  ..., 0.0606, 0.5525, 0.7399],
          ...,
          [0.8653, 0.5486, 0.7260,  ..., 0.7082, 0.1173, 0.7744],
          [0.7278, 0.9225, 0.3128,  ..., 0.2745, 0.5220, 0.1827],
          [0.4215, 0.8720, 0.3640,  ..., 0.4045, 0.9123, 0.2900]],

         [[0.0416, 0.7873, 0.3670,  ..., 0.7741, 0.6311, 0.1385],
          [0.1324, 0.9027, 0.7435,  ..., 0.9736, 0.9383, 0.9019],
          [0.9265, 0.7860, 0.6006,  ..., 0.1306, 0.5946, 0.6602],
          ...,
          [0.4505, 0.2668, 0.4561,  ..., 0.9779, 0.2233, 0.6191],
          [0.7269, 0.4951, 0.4226,  ..., 0.5496, 0.2595, 0.7645],
          [0.6772, 0.4140, 0.1180,  ..., 0.7193, 0.1823, 0.6898]],

         ...,

         [[0.8542, 0.6707, 0.1578,  ..., 0.0934, 0.5934, 0.4850],
          [0.2254, 0.3864, 0.3827,  ..., 0.9137, 0.1608, 0.5346],
          [0.9010, 0.0261, 0.8758,  ..., 0.4235, 0.1537, 0.1834],
          ...,
          [0.6355, 0.8279, 0.4874,  ..., 0.6323, 0.7043, 0.3187],
          [0.6306, 0.8360, 0.8862,  ..., 0.7553, 0.7839, 0.4258],
          [0.6985, 0.9940, 0.4220,  ..., 0.7565, 0.5643, 0.6846]],

         [[0.2734, 0.6441, 0.2026,  ..., 0.4648, 0.4998, 0.4591],
          [0.3493, 0.6292, 0.8714,  ..., 0.1050, 0.4340, 0.9494],
          [0.9023, 0.0937, 0.8130,  ..., 0.2767, 0.8726, 0.4677],
          ...,
          [0.0115, 0.6500, 0.5510,  ..., 0.0731, 0.8531, 0.6699],
          [0.9567, 0.7321, 0.8058,  ..., 0.1546, 0.5960, 0.1481],
          [0.1757, 0.2409, 0.1008,  ..., 0.5127, 0.0464, 0.3430]],

         [[0.7561, 0.4798, 0.0264,  ..., 0.7300, 0.0639, 0.4770],
          [0.9821, 0.3122, 0.2725,  ..., 0.6219, 0.6511, 0.8601],
          [0.6692, 0.9562, 0.6727,  ..., 0.4462, 0.0761, 0.4554],
          ...,
          [0.3708, 0.6774, 0.1369,  ..., 0.5914, 0.7377, 0.6177],
          [0.6783, 0.2860, 0.4756,  ..., 0.9672, 0.3072, 0.6689],
          [0.3159, 0.2372, 0.0046,  ..., 0.5251, 0.7423, 0.3583]]],


        [[[0.5518, 0.1304, 0.5598,  ..., 0.3985, 0.1176, 0.5212],
          [0.1139, 0.3631, 0.8626,  ..., 0.4061, 0.3536, 0.4992],
          [0.8013, 0.6454, 0.1997,  ..., 0.7074, 0.9302, 0.9472],
          ...,
          [0.6560, 0.4728, 0.5947,  ..., 0.4138, 0.7089, 0.4681],
          [0.7136, 0.1584, 0.1036,  ..., 0.8665, 0.0910, 0.9180],
          [0.5240, 0.2629, 0.6069,  ..., 0.8555, 0.7388, 0.1506]],

         [[0.9459, 0.7092, 0.1301,  ..., 0.8823, 0.9559, 0.7590],
          [0.2132, 0.8624, 0.4381,  ..., 0.6344, 0.7506, 0.6957],
          [0.0173, 0.0722, 0.7706,  ..., 0.0731, 0.2093, 0.5530],
          ...,
          [0.5598, 0.5003, 0.9842,  ..., 0.9840, 0.8673, 0.3664],
          [0.1984, 0.2704, 0.5442,  ..., 0.8096, 0.0672, 0.8755],
          [0.2110, 0.8205, 0.8985,  ..., 0.3600, 0.2533, 0.5020]],

         [[0.9187, 0.3660, 0.8710,  ..., 0.6220, 0.9124, 0.3090],
          [0.8855, 0.9848, 0.4886,  ..., 0.6594, 0.2365, 0.8827],
          [0.7076, 0.2247, 0.6993,  ..., 0.5007, 0.1278, 0.5885],
          ...,
          [0.7323, 0.8208, 0.5328,  ..., 0.2537, 0.7360, 0.6855],
          [0.6765, 0.1527, 0.7047,  ..., 0.5652, 0.5155, 0.9012],
          [0.9575, 0.5426, 0.5025,  ..., 0.1435, 0.4195, 0.3965]],

         ...,

         [[0.3691, 0.5583, 0.2577,  ..., 0.6744, 0.3644, 0.0611],
          [0.9031, 0.0919, 0.5705,  ..., 0.8818, 0.8654, 0.3963],
          [0.3217, 0.0883, 0.5880,  ..., 0.1110, 0.1478, 0.3041],
          ...,
          [0.0312, 0.3734, 0.8810,  ..., 0.6551, 0.6867, 0.0637],
          [0.0680, 0.7900, 0.7744,  ..., 0.7140, 0.4166, 0.2833],
          [0.4635, 0.8672, 0.8862,  ..., 0.9039, 0.8686, 0.4804]],

         [[0.7162, 0.1129, 0.4834,  ..., 0.6970, 0.4927, 0.5641],
          [0.9782, 0.5291, 0.1652,  ..., 0.7725, 0.0540, 0.1676],
          [0.5736, 0.5572, 0.1776,  ..., 0.6672, 0.6606, 0.7199],
          ...,
          [0.6761, 0.8553, 0.6691,  ..., 0.0452, 0.5588, 0.3316],
          [0.1520, 0.2628, 0.4252,  ..., 0.6011, 0.2973, 0.5351],
          [0.1080, 0.1412, 0.3110,  ..., 0.4814, 0.4769, 0.6808]],

         [[0.1356, 0.1004, 0.8565,  ..., 0.3833, 0.4158, 0.8791],
          [0.6494, 0.3903, 0.8726,  ..., 0.3172, 0.9343, 0.0718],
          [0.7697, 0.6543, 0.2307,  ..., 0.0619, 0.8373, 0.7278],
          ...,
          [0.3673, 0.3257, 0.1005,  ..., 0.6874, 0.4730, 0.6391],
          [0.4107, 0.4030, 0.7831,  ..., 0.7795, 0.1888, 0.5608],
          [0.5549, 0.8615, 0.2213,  ..., 0.5801, 0.7823, 0.1844]]]])
