tensor([[[[0.7029, 0.8463, 0.1709,  ..., 0.8955, 0.5538, 0.1468],
          [0.2988, 0.7170, 0.5973,  ..., 0.8530, 0.5842, 0.2149],
          [0.6634, 0.5914, 0.7851,  ..., 0.9377, 0.0228, 0.9650],
          ...,
          [0.7012, 0.6748, 0.6645,  ..., 0.9355, 0.7299, 0.4249],
          [0.0098, 0.1919, 0.1847,  ..., 0.6795, 0.0273, 0.6337],
          [0.4196, 0.4702, 0.4078,  ..., 0.4803, 0.8489, 0.9790]],

         [[0.6851, 0.8251, 0.0305,  ..., 0.0087, 0.6607, 0.3155],
          [0.9430, 0.6784, 0.3926,  ..., 0.4968, 0.9499, 0.5817],
          [0.8225, 0.7551, 0.7216,  ..., 0.0523, 0.5953, 0.4882],
          ...,
          [0.8192, 0.2679, 0.1921,  ..., 0.1282, 0.6180, 0.2605],
          [0.7644, 0.0117, 0.0983,  ..., 0.2282, 0.9198, 0.9473],
          [0.2658, 0.9640, 0.5541,  ..., 0.2377, 0.1408, 0.1385]],

         [[0.9493, 0.9592, 0.8119,  ..., 0.4407, 0.3710, 0.0185],
          [0.6155, 0.4172, 0.3221,  ..., 0.7841, 0.5487, 0.0371],
          [0.9070, 0.9222, 0.7791,  ..., 0.3691, 0.1848, 0.2235],
          ...,
          [0.2397, 0.0076, 0.5886,  ..., 0.3764, 0.2431, 0.5578],
          [0.6292, 0.3847, 0.7791,  ..., 0.4930, 0.0422, 0.9263],
          [0.0796, 0.9392, 0.9332,  ..., 0.7899, 0.7409, 0.8410]],

         ...,

         [[0.1687, 0.9643, 0.9748,  ..., 0.6505, 0.6201, 0.4176],
          [0.8163, 0.8139, 0.6808,  ..., 0.4404, 0.3058, 0.6918],
          [0.2353, 0.4957, 0.4080,  ..., 0.8257, 0.6130, 0.5801],
          ...,
          [0.5559, 0.3468, 0.8912,  ..., 0.2338, 0.9642, 0.3933],
          [0.7689, 0.2093, 0.1815,  ..., 0.6078, 0.7703, 0.8091],
          [0.5595, 0.2038, 0.2084,  ..., 0.2846, 0.5416, 0.0379]],

         [[0.8969, 0.9976, 0.3817,  ..., 0.7607, 0.4148, 0.2155],
          [0.9738, 0.0987, 0.6127,  ..., 0.1324, 0.8015, 0.7689],
          [0.3255, 0.5962, 0.5795,  ..., 0.1879, 0.6090, 0.6635],
          ...,
          [0.0533, 0.1615, 0.6122,  ..., 0.1591, 0.3232, 0.6329],
          [0.8266, 0.1636, 0.0435,  ..., 0.3598, 0.8839, 0.1440],
          [0.8006, 0.8618, 0.6857,  ..., 0.1340, 0.0844, 0.2596]],

         [[0.8060, 0.1105, 0.6224,  ..., 0.2342, 0.5735, 0.3077],
          [0.7037, 0.8376, 0.5551,  ..., 0.0101, 0.6320, 0.2207],
          [0.4006, 0.5433, 0.4237,  ..., 0.7977, 0.0253, 0.3745],
          ...,
          [0.0716, 0.6122, 0.6662,  ..., 0.4412, 0.2289, 0.9999],
          [0.6765, 0.7137, 0.7275,  ..., 0.2309, 0.2147, 0.5089],
          [0.6849, 0.8268, 0.3250,  ..., 0.2033, 0.1935, 0.5496]]],


        [[[0.0166, 0.3470, 0.0351,  ..., 0.9753, 0.1049, 0.6495],
          [0.6490, 0.5875, 0.6947,  ..., 0.4766, 0.1336, 0.3580],
          [0.6271, 0.3046, 0.8666,  ..., 0.4926, 0.7660, 0.1209],
          ...,
          [0.8760, 0.2511, 0.8489,  ..., 0.6970, 0.2904, 0.1932],
          [0.7442, 0.1426, 0.0917,  ..., 0.0510, 0.5807, 0.5806],
          [0.4744, 0.2941, 0.2154,  ..., 0.4765, 0.3356, 0.5178]],

         [[0.1456, 0.1050, 0.8756,  ..., 0.0756, 0.3205, 0.0317],
          [0.4235, 0.3102, 0.5644,  ..., 0.4917, 0.1482, 0.0045],
          [0.9432, 0.9511, 0.4544,  ..., 0.7995, 0.2466, 0.8812],
          ...,
          [0.9386, 0.7021, 0.4056,  ..., 0.8750, 0.6572, 0.7355],
          [0.4899, 0.5503, 0.3950,  ..., 0.8627, 0.9931, 0.1002],
          [0.2267, 0.5379, 0.5551,  ..., 0.2761, 0.3742, 0.0072]],

         [[0.9941, 0.5268, 0.0821,  ..., 0.5761, 0.2807, 0.9303],
          [0.9212, 0.7210, 0.6043,  ..., 0.5155, 0.4971, 0.4356],
          [0.9269, 0.3714, 0.4750,  ..., 0.2208, 0.1834, 0.6288],
          ...,
          [0.4066, 0.9099, 0.5548,  ..., 0.3460, 0.2814, 0.6745],
          [0.7533, 0.4055, 0.6932,  ..., 0.7124, 0.1714, 0.4961],
          [0.2770, 0.2671, 0.4733,  ..., 0.9948, 0.0548, 0.4204]],

         ...,

         [[0.9389, 0.1813, 0.9468,  ..., 0.3045, 0.7473, 0.4168],
          [0.4154, 0.5030, 0.5456,  ..., 0.4240, 0.8071, 0.4948],
          [0.2709, 0.0327, 0.4800,  ..., 0.5305, 0.8076, 0.1366],
          ...,
          [0.5659, 0.8358, 0.7768,  ..., 0.4736, 0.0612, 0.9053],
          [0.9701, 0.9345, 0.7177,  ..., 0.3947, 0.8355, 0.2373],
          [0.1837, 0.9389, 0.6524,  ..., 0.8779, 0.4820, 0.5074]],

         [[0.2103, 0.5970, 0.8653,  ..., 0.4720, 0.0899, 0.5641],
          [0.7930, 0.3942, 0.8909,  ..., 0.9918, 0.9081, 0.4701],
          [0.6684, 0.6194, 0.9088,  ..., 0.2167, 0.8105, 0.4748],
          ...,
          [0.2307, 0.0816, 0.8404,  ..., 0.1608, 0.8360, 0.7278],
          [0.3180, 0.7587, 0.9233,  ..., 0.5568, 0.3973, 0.9124],
          [0.8839, 0.5625, 0.3662,  ..., 0.0180, 0.8065, 0.0908]],

         [[0.5105, 0.0902, 0.6816,  ..., 0.8083, 0.0948, 0.5540],
          [0.0494, 0.0389, 0.7820,  ..., 0.4797, 0.9937, 0.9225],
          [0.5558, 0.4486, 0.0014,  ..., 0.1896, 0.6715, 0.0213],
          ...,
          [0.9615, 0.8211, 0.6830,  ..., 0.8116, 0.6341, 0.7472],
          [0.9970, 0.7628, 0.0674,  ..., 0.6698, 0.5602, 0.1484],
          [0.2247, 0.1651, 0.6223,  ..., 0.6674, 0.6187, 0.9909]]],


        [[[0.9585, 0.6762, 0.7695,  ..., 0.2276, 0.3998, 0.7480],
          [0.0377, 0.7605, 0.0616,  ..., 0.7793, 0.6943, 0.0154],
          [0.1541, 0.3457, 0.0418,  ..., 0.9271, 0.0938, 0.9956],
          ...,
          [0.1456, 0.4263, 0.7813,  ..., 0.9875, 0.9220, 0.9146],
          [0.4522, 0.7679, 0.3353,  ..., 0.7328, 0.5004, 0.3042],
          [0.3586, 0.7704, 0.0087,  ..., 0.7444, 0.1575, 0.1933]],

         [[0.9064, 0.3855, 0.8672,  ..., 0.4900, 0.6413, 0.9294],
          [0.2997, 0.6317, 0.3793,  ..., 0.1998, 0.4991, 0.7319],
          [0.5764, 0.3572, 0.1701,  ..., 0.8541, 0.4115, 0.5309],
          ...,
          [0.7887, 0.6125, 0.1146,  ..., 0.0180, 0.0910, 0.4791],
          [0.6506, 0.4923, 0.9841,  ..., 0.9454, 0.7783, 0.8679],
          [0.9127, 0.4573, 0.8409,  ..., 0.7755, 0.3641, 0.7091]],

         [[0.9366, 0.4161, 0.4575,  ..., 0.7078, 0.7411, 0.2975],
          [0.6591, 0.9923, 0.2566,  ..., 0.0226, 0.1236, 0.6078],
          [0.4364, 0.1585, 0.1073,  ..., 0.2205, 0.3852, 0.7700],
          ...,
          [0.2460, 0.3350, 0.1526,  ..., 0.3872, 0.5054, 0.5552],
          [0.9011, 0.2414, 0.5856,  ..., 0.2410, 0.2705, 0.2608],
          [0.1978, 0.6392, 0.8977,  ..., 0.3222, 0.6199, 0.6301]],

         ...,

         [[0.4168, 0.0896, 0.6498,  ..., 0.4250, 0.6506, 0.1639],
          [0.3340, 0.5993, 0.7173,  ..., 0.6980, 0.7272, 0.4944],
          [0.4052, 0.1420, 0.9725,  ..., 0.2555, 0.9704, 0.6871],
          ...,
          [0.7579, 0.7067, 0.8521,  ..., 0.5964, 0.6654, 0.2332],
          [0.7299, 0.6356, 0.1978,  ..., 0.2616, 0.8623, 0.2311],
          [0.7666, 0.8104, 0.7433,  ..., 0.6611, 0.2607, 0.4040]],

         [[0.5337, 0.8981, 0.8905,  ..., 0.0166, 0.2211, 0.3676],
          [0.8690, 0.6364, 0.2366,  ..., 0.1052, 0.2072, 0.7148],
          [0.6304, 0.3855, 0.0369,  ..., 0.9509, 0.7010, 0.2521],
          ...,
          [0.2184, 0.5434, 0.7670,  ..., 0.5380, 0.2542, 0.0895],
          [0.0878, 0.4871, 0.2293,  ..., 0.1850, 0.9697, 0.7547],
          [0.6002, 0.3132, 0.8699,  ..., 0.3323, 0.6139, 0.4184]],

         [[0.5183, 0.8524, 0.4803,  ..., 0.6630, 0.1084, 0.1108],
          [0.8083, 0.5519, 0.3055,  ..., 0.7143, 0.5066, 0.5595],
          [0.7713, 0.9995, 0.3103,  ..., 0.6420, 0.4656, 0.4618],
          ...,
          [0.5635, 0.3975, 0.9251,  ..., 0.0436, 0.9098, 0.7781],
          [0.5123, 0.9777, 0.4169,  ..., 0.4140, 0.9812, 0.7585],
          [0.6095, 0.1621, 0.4882,  ..., 0.4598, 0.1309, 0.8174]]],


        ...,


        [[[0.1785, 0.3756, 0.0638,  ..., 0.4423, 0.0205, 0.2878],
          [0.7060, 0.3623, 0.5138,  ..., 0.8520, 0.9543, 0.4941],
          [0.3374, 0.0118, 0.2982,  ..., 0.3065, 0.2578, 0.4425],
          ...,
          [0.8798, 0.8574, 0.3105,  ..., 0.3225, 0.8792, 0.8854],
          [0.6285, 0.1549, 0.4915,  ..., 0.1600, 0.1792, 0.6159],
          [0.4922, 0.9627, 0.7902,  ..., 0.9750, 0.6105, 0.1142]],

         [[0.5662, 0.4605, 0.7033,  ..., 0.7516, 0.7623, 0.9020],
          [0.6428, 0.7940, 0.2193,  ..., 0.1328, 0.7238, 0.6510],
          [0.6114, 0.4650, 0.8641,  ..., 0.7522, 0.9112, 0.7239],
          ...,
          [0.1806, 0.7622, 0.7693,  ..., 0.6113, 0.5080, 0.2848],
          [0.5214, 0.7059, 0.6249,  ..., 0.3834, 0.8234, 0.7219],
          [0.3288, 0.1833, 0.2165,  ..., 0.5734, 0.3526, 0.0278]],

         [[0.8413, 0.1636, 0.8407,  ..., 0.1772, 0.5087, 0.0441],
          [0.6424, 0.8449, 0.8093,  ..., 0.4538, 0.5309, 0.8140],
          [0.2944, 0.8249, 0.4487,  ..., 0.9373, 0.7960, 0.7937],
          ...,
          [0.8356, 0.3366, 0.6634,  ..., 0.4574, 0.7977, 0.0265],
          [0.3528, 0.9484, 0.2006,  ..., 0.2373, 0.3780, 0.1333],
          [0.6881, 0.1737, 0.3205,  ..., 0.8385, 0.3622, 0.4342]],

         ...,

         [[0.7616, 0.0496, 0.6402,  ..., 0.1960, 0.5981, 0.6381],
          [0.1724, 0.0508, 0.3016,  ..., 0.3551, 0.4520, 0.8762],
          [0.3083, 0.9231, 0.9515,  ..., 0.8760, 0.2833, 0.3076],
          ...,
          [0.1636, 0.8209, 0.6026,  ..., 0.6432, 0.7861, 0.6261],
          [0.2898, 0.0293, 0.9824,  ..., 0.6995, 0.4052, 0.1134],
          [0.3779, 0.6300, 0.1348,  ..., 0.5697, 0.7865, 0.0773]],

         [[0.5511, 0.3699, 0.5978,  ..., 0.3187, 0.0160, 0.8446],
          [0.8565, 0.7778, 0.8042,  ..., 0.4897, 0.2431, 0.9709],
          [0.5023, 0.2619, 0.9309,  ..., 0.4052, 0.5668, 0.0717],
          ...,
          [0.0028, 0.3266, 0.0453,  ..., 0.5247, 0.8458, 0.4106],
          [0.4428, 0.1971, 0.9386,  ..., 0.2203, 0.2961, 0.7482],
          [0.0705, 0.9194, 0.3962,  ..., 0.6406, 0.4535, 0.9467]],

         [[0.8307, 0.5213, 0.3376,  ..., 0.8581, 0.2052, 0.8430],
          [0.6474, 0.0966, 0.3663,  ..., 0.9217, 0.5331, 0.0304],
          [0.6440, 0.9589, 0.1140,  ..., 0.8093, 0.3526, 0.0821],
          ...,
          [0.7808, 0.1138, 0.3524,  ..., 0.2803, 0.1446, 0.9060],
          [0.4200, 0.6399, 0.5770,  ..., 0.9087, 0.0584, 0.1600],
          [0.2554, 0.3993, 0.0422,  ..., 0.0134, 0.6527, 0.0093]]],


        [[[0.0428, 0.0132, 0.7422,  ..., 0.5212, 0.2635, 0.6792],
          [0.0406, 0.3148, 0.2542,  ..., 0.8695, 0.3644, 0.0720],
          [0.9477, 0.3474, 0.4218,  ..., 0.2536, 0.1118, 0.2238],
          ...,
          [0.5973, 0.1732, 0.9391,  ..., 0.7767, 0.2407, 0.0119],
          [0.0828, 0.3585, 0.0195,  ..., 0.6205, 0.4799, 0.2119],
          [0.6069, 0.6398, 0.4616,  ..., 0.1680, 0.8701, 0.5218]],

         [[0.0556, 0.8158, 0.1711,  ..., 0.8850, 0.9479, 0.0582],
          [0.5214, 0.2026, 0.8895,  ..., 0.5830, 0.6105, 0.4680],
          [0.5155, 0.3147, 0.2672,  ..., 0.0673, 0.2299, 0.7985],
          ...,
          [0.1702, 0.5015, 0.8985,  ..., 0.7186, 0.1192, 0.3835],
          [0.6288, 0.7418, 0.4770,  ..., 0.5145, 0.1072, 0.0464],
          [0.9072, 0.5775, 0.2211,  ..., 0.5938, 0.3763, 0.2162]],

         [[0.4140, 0.0838, 0.8046,  ..., 0.6638, 0.3885, 0.0194],
          [0.3246, 0.6343, 0.1572,  ..., 0.6734, 0.4052, 0.7331],
          [0.6078, 0.7192, 0.1054,  ..., 0.5929, 0.6191, 0.3271],
          ...,
          [0.4239, 0.7738, 0.1391,  ..., 0.0318, 0.8336, 0.9186],
          [0.5625, 0.9758, 0.8263,  ..., 0.7823, 0.2793, 0.9587],
          [0.4484, 0.3617, 0.5052,  ..., 0.3335, 0.1198, 0.3627]],

         ...,

         [[0.4881, 0.9765, 0.0939,  ..., 0.6731, 0.3750, 0.1467],
          [0.2674, 0.4663, 0.3195,  ..., 0.7967, 0.3917, 0.5283],
          [0.6480, 0.7895, 0.7679,  ..., 0.1211, 0.8988, 0.6568],
          ...,
          [0.0834, 0.6560, 0.9097,  ..., 0.8132, 0.4722, 0.4443],
          [0.8723, 0.3103, 0.7039,  ..., 0.3786, 0.0872, 0.5475],
          [0.5278, 0.2591, 0.0753,  ..., 0.0035, 0.9671, 0.8995]],

         [[0.1043, 0.7217, 0.8419,  ..., 0.1820, 0.5429, 0.3751],
          [0.9056, 0.1459, 0.3406,  ..., 0.6772, 0.9998, 0.7185],
          [0.3539, 0.9226, 0.9923,  ..., 0.9008, 0.0608, 0.2329],
          ...,
          [0.8032, 0.0352, 0.8456,  ..., 0.2741, 0.3914, 0.8669],
          [0.2288, 0.9010, 0.4335,  ..., 0.1396, 0.8654, 0.3329],
          [0.6882, 0.6097, 0.2205,  ..., 0.1260, 0.6095, 0.1756]],

         [[0.9535, 0.7670, 0.1519,  ..., 0.5165, 0.1547, 0.3426],
          [0.4393, 0.3585, 0.5318,  ..., 0.5868, 0.3748, 0.6742],
          [0.2103, 0.9918, 0.3613,  ..., 0.8877, 0.5561, 0.0913],
          ...,
          [0.2353, 0.1598, 0.1199,  ..., 0.2330, 0.1614, 0.5301],
          [0.5560, 0.8756, 0.6803,  ..., 0.0060, 0.1828, 0.6033],
          [0.2778, 0.4975, 0.0600,  ..., 0.1026, 0.0286, 0.6645]]],


        [[[0.3835, 0.4320, 0.6974,  ..., 0.2089, 0.7829, 0.7685],
          [0.0305, 0.8311, 0.3275,  ..., 0.6688, 0.0216, 0.2766],
          [0.0213, 0.5295, 0.1404,  ..., 0.2440, 0.7136, 0.9036],
          ...,
          [0.4437, 0.9664, 0.9091,  ..., 0.7921, 0.5090, 0.7819],
          [0.7722, 0.0041, 0.5706,  ..., 0.1563, 0.1465, 0.7475],
          [0.0906, 0.4760, 0.9662,  ..., 0.4292, 0.4505, 0.7915]],

         [[0.3579, 0.1410, 0.0448,  ..., 0.3288, 0.7051, 0.9668],
          [0.4828, 0.5379, 0.4368,  ..., 0.4994, 0.4034, 0.8841],
          [0.8469, 0.0033, 0.9461,  ..., 0.9727, 0.8207, 0.6537],
          ...,
          [0.2419, 0.0278, 0.7757,  ..., 0.3968, 0.4060, 0.4314],
          [0.4279, 0.8434, 0.7662,  ..., 0.2545, 0.0118, 0.1017],
          [0.2796, 0.6974, 0.6048,  ..., 0.9021, 0.2148, 0.4871]],

         [[0.8307, 0.4325, 0.5714,  ..., 0.7520, 0.7041, 0.6703],
          [0.5332, 0.8193, 0.6892,  ..., 0.9144, 0.5778, 0.5864],
          [0.9232, 0.4924, 0.0019,  ..., 0.3262, 0.8520, 0.5589],
          ...,
          [0.8586, 0.7261, 0.3091,  ..., 0.2811, 0.8133, 0.4530],
          [0.5394, 0.7075, 0.9540,  ..., 0.2716, 0.2924, 0.7083],
          [0.3154, 0.7596, 0.0388,  ..., 0.5700, 0.5666, 0.7175]],

         ...,

         [[0.7317, 0.8547, 0.3023,  ..., 0.3238, 0.4293, 0.1152],
          [0.9852, 0.2481, 0.2584,  ..., 0.6937, 0.2839, 0.8525],
          [0.7217, 0.9812, 0.4748,  ..., 0.7097, 0.9720, 0.8902],
          ...,
          [0.7879, 0.1868, 0.0408,  ..., 0.6502, 0.0440, 0.2510],
          [0.5439, 0.1068, 0.9511,  ..., 0.2587, 0.2454, 0.9159],
          [0.9079, 0.6104, 0.8887,  ..., 0.6151, 0.4296, 0.5798]],

         [[0.0367, 0.0342, 0.6133,  ..., 0.5695, 0.6272, 0.6751],
          [0.2073, 0.9864, 0.3939,  ..., 0.6414, 0.5659, 0.0076],
          [0.6339, 0.5166, 0.5685,  ..., 0.4586, 0.0655, 0.3172],
          ...,
          [0.2160, 0.0209, 0.8603,  ..., 0.4765, 0.6823, 0.7962],
          [0.9320, 0.5950, 0.7977,  ..., 0.1598, 0.2430, 0.8731],
          [0.3002, 0.0235, 0.4212,  ..., 0.3240, 0.5978, 0.0452]],

         [[0.1719, 0.9152, 0.8871,  ..., 0.8617, 0.8292, 0.4451],
          [0.3592, 0.5391, 0.7515,  ..., 0.8810, 0.8901, 0.0915],
          [0.7299, 0.2742, 0.7156,  ..., 0.7920, 0.6631, 0.1467],
          ...,
          [0.6284, 0.1619, 0.6726,  ..., 0.9422, 0.8888, 0.6862],
          [0.5245, 0.6293, 0.0245,  ..., 0.7969, 0.9768, 0.0567],
          [0.7661, 0.2120, 0.0076,  ..., 0.6326, 0.0085, 0.7077]]]])
