tensor([[[[9.3767e-01, 5.8844e-01, 9.2066e-01,  ..., 1.5225e-01,
           2.6125e-01, 2.4311e-01],
          [1.7075e-01, 7.6843e-01, 8.7782e-01,  ..., 2.1834e-01,
           2.8779e-01, 8.8126e-01],
          [9.2165e-01, 8.2432e-01, 8.2493e-01,  ..., 2.8486e-01,
           6.9407e-01, 4.5081e-01],
          ...,
          [2.2951e-01, 5.2612e-01, 1.5711e-01,  ..., 7.5280e-02,
           8.0126e-01, 4.5667e-01],
          [7.3814e-01, 1.1473e-01, 9.9655e-01,  ..., 6.6767e-03,
           7.8123e-01, 8.2248e-01],
          [7.4871e-01, 3.3354e-01, 3.5877e-01,  ..., 1.5955e-02,
           4.8988e-01, 7.6275e-01]],

         [[8.8334e-01, 7.0090e-02, 1.4548e-01,  ..., 9.9046e-02,
           1.4102e-01, 2.5621e-01],
          [8.9497e-01, 1.1583e-01, 5.8151e-01,  ..., 4.0242e-01,
           2.2876e-01, 1.1894e-01],
          [8.7060e-01, 4.8375e-01, 6.1274e-01,  ..., 7.9332e-01,
           9.4297e-01, 2.7423e-01],
          ...,
          [3.4947e-01, 3.6854e-02, 4.1957e-02,  ..., 2.7341e-01,
           4.1660e-01, 8.4904e-01],
          [2.3769e-01, 8.2299e-01, 2.8883e-01,  ..., 8.4273e-01,
           3.5986e-01, 7.1096e-02],
          [6.4552e-01, 7.4320e-01, 9.8185e-01,  ..., 5.5267e-01,
           2.4585e-01, 8.3145e-01]],

         [[1.3164e-01, 6.2035e-01, 8.9598e-01,  ..., 8.5442e-01,
           6.2981e-02, 3.7669e-01],
          [1.8727e-01, 7.6835e-01, 8.4771e-01,  ..., 6.0246e-01,
           5.6153e-01, 3.6062e-01],
          [3.0174e-01, 3.3844e-01, 9.7796e-01,  ..., 4.6066e-01,
           7.8168e-01, 8.1324e-01],
          ...,
          [6.7805e-01, 9.5609e-01, 3.8745e-02,  ..., 6.4989e-01,
           4.2057e-01, 5.6004e-01],
          [1.0778e-01, 9.5903e-01, 5.3386e-01,  ..., 4.5664e-01,
           8.5226e-01, 2.1527e-01],
          [9.8055e-01, 7.8159e-01, 9.0348e-01,  ..., 7.8253e-01,
           1.6860e-01, 7.4927e-01]],

         ...,

         [[3.3605e-01, 8.0121e-01, 5.0692e-02,  ..., 9.0552e-01,
           8.3430e-01, 4.2024e-01],
          [6.0306e-01, 5.3556e-01, 5.6128e-01,  ..., 9.2636e-01,
           2.5978e-01, 7.0259e-01],
          [8.1265e-01, 6.3407e-01, 3.9162e-01,  ..., 3.5825e-01,
           7.1888e-01, 2.1714e-01],
          ...,
          [8.8902e-01, 3.2509e-01, 2.6949e-01,  ..., 6.7256e-01,
           7.8406e-01, 2.5150e-01],
          [9.7760e-01, 5.6892e-02, 3.7564e-01,  ..., 1.4259e-01,
           1.7963e-01, 9.4800e-01],
          [7.4448e-01, 1.9054e-01, 4.4674e-01,  ..., 8.1187e-01,
           4.7166e-02, 4.7734e-01]],

         [[3.7939e-01, 5.4951e-02, 3.3376e-01,  ..., 4.1590e-01,
           3.1374e-01, 9.3239e-01],
          [3.8902e-01, 1.4623e-01, 6.9874e-01,  ..., 8.6137e-01,
           6.9681e-01, 4.3090e-01],
          [1.9339e-01, 3.0906e-01, 3.9621e-02,  ..., 9.2406e-01,
           4.3758e-01, 9.1017e-02],
          ...,
          [8.8021e-01, 8.4589e-01, 9.3074e-01,  ..., 4.6167e-01,
           4.1111e-01, 2.6021e-01],
          [3.6857e-01, 8.0027e-01, 7.9461e-01,  ..., 2.3541e-01,
           4.6057e-01, 5.3079e-01],
          [6.0479e-01, 1.7118e-01, 1.6488e-02,  ..., 4.0933e-01,
           3.5060e-01, 3.1764e-01]],

         [[5.5143e-01, 7.3157e-01, 7.8799e-01,  ..., 2.2014e-01,
           5.3340e-01, 6.9997e-01],
          [4.2806e-01, 6.0453e-01, 6.7966e-01,  ..., 4.7752e-01,
           6.3506e-01, 7.1973e-01],
          [1.6903e-01, 6.2275e-01, 5.4278e-01,  ..., 9.1710e-01,
           2.7473e-01, 9.9038e-01],
          ...,
          [7.2216e-01, 9.7163e-01, 6.7801e-01,  ..., 4.8666e-01,
           2.3805e-01, 1.6647e-01],
          [6.7419e-01, 6.8901e-01, 5.2063e-01,  ..., 6.2020e-01,
           7.6492e-01, 1.9896e-01],
          [3.3099e-01, 1.0876e-01, 7.4333e-02,  ..., 6.7568e-01,
           9.1083e-01, 4.0508e-01]]],


        [[[1.4444e-01, 3.6523e-01, 8.5961e-03,  ..., 7.1378e-01,
           8.5566e-01, 9.1723e-01],
          [4.6926e-01, 9.8560e-01, 2.5820e-01,  ..., 5.5915e-01,
           4.4625e-01, 5.7700e-01],
          [5.0318e-02, 2.6472e-01, 9.1006e-01,  ..., 8.7350e-01,
           3.5612e-01, 9.5035e-01],
          ...,
          [9.7007e-01, 1.4255e-01, 8.9710e-01,  ..., 2.5777e-01,
           1.1611e-01, 1.6912e-01],
          [8.6651e-01, 2.6714e-01, 8.2956e-01,  ..., 5.7340e-01,
           6.1578e-02, 1.6116e-02],
          [1.9141e-01, 1.3589e-01, 4.4609e-01,  ..., 9.2137e-02,
           1.8307e-01, 9.5113e-01]],

         [[5.8832e-01, 1.2912e-01, 8.4614e-02,  ..., 6.3769e-01,
           4.9456e-01, 2.9779e-01],
          [7.0875e-01, 5.1306e-01, 3.8574e-01,  ..., 8.0210e-01,
           6.9367e-01, 6.5016e-01],
          [2.6432e-02, 8.1341e-01, 9.2599e-01,  ..., 6.6411e-01,
           2.7052e-02, 7.4176e-01],
          ...,
          [6.5542e-01, 4.1198e-01, 5.5600e-01,  ..., 9.2057e-02,
           8.5938e-01, 4.6576e-01],
          [4.2200e-01, 8.8166e-01, 3.7455e-01,  ..., 1.3588e-01,
           3.3310e-01, 9.5279e-01],
          [3.4878e-01, 5.9095e-01, 6.7598e-01,  ..., 5.8256e-01,
           1.7143e-01, 2.6413e-02]],

         [[9.1105e-01, 7.5534e-01, 5.8003e-02,  ..., 7.3593e-01,
           6.3902e-01, 4.0131e-01],
          [5.3830e-01, 3.8893e-01, 1.4546e-01,  ..., 1.4755e-01,
           1.3272e-01, 5.7811e-01],
          [1.0582e-01, 5.8838e-01, 5.6584e-01,  ..., 2.5641e-01,
           2.4878e-02, 9.3290e-01],
          ...,
          [3.5032e-01, 2.6877e-01, 3.0976e-01,  ..., 3.4067e-01,
           8.2570e-01, 8.0936e-01],
          [9.7182e-01, 4.9401e-01, 9.3251e-01,  ..., 9.8640e-01,
           6.9296e-01, 4.8987e-01],
          [7.1232e-01, 4.5448e-01, 7.5404e-02,  ..., 2.0162e-01,
           1.4670e-01, 9.5276e-01]],

         ...,

         [[5.5149e-01, 1.7129e-01, 8.5731e-02,  ..., 1.4495e-01,
           8.0705e-01, 5.3391e-01],
          [1.3772e-01, 2.5361e-01, 2.1865e-01,  ..., 6.8205e-01,
           4.4700e-01, 8.6287e-01],
          [5.9869e-01, 7.1697e-01, 3.6870e-01,  ..., 5.5196e-01,
           2.6902e-01, 5.2271e-01],
          ...,
          [6.3100e-01, 1.8717e-01, 2.4989e-01,  ..., 7.6900e-01,
           1.2452e-01, 3.9680e-01],
          [2.7110e-01, 1.2522e-01, 9.2666e-01,  ..., 8.7434e-01,
           7.6441e-01, 7.9470e-02],
          [1.2171e-02, 6.0092e-01, 3.1272e-01,  ..., 7.1568e-02,
           3.3151e-01, 6.7335e-01]],

         [[7.4317e-01, 7.4055e-01, 2.2306e-01,  ..., 8.2899e-01,
           8.6329e-02, 1.6676e-01],
          [2.7444e-01, 3.2033e-01, 2.6737e-01,  ..., 8.7336e-01,
           6.7971e-01, 8.4130e-01],
          [6.8421e-01, 6.3520e-01, 5.3575e-01,  ..., 9.6550e-01,
           6.4069e-01, 4.0519e-01],
          ...,
          [6.7607e-01, 4.8168e-01, 1.5434e-01,  ..., 7.3021e-01,
           1.5620e-01, 7.4627e-01],
          [7.0244e-01, 9.8812e-01, 2.5057e-01,  ..., 2.3723e-01,
           9.8042e-01, 8.7524e-01],
          [8.1131e-01, 3.6108e-01, 8.1189e-01,  ..., 4.7876e-01,
           3.2329e-01, 7.2805e-01]],

         [[4.5081e-01, 2.7920e-01, 7.5667e-01,  ..., 1.0192e-01,
           1.7889e-01, 9.1752e-01],
          [5.8422e-02, 8.1934e-01, 9.5914e-01,  ..., 9.6524e-01,
           3.6841e-01, 8.4304e-02],
          [2.0583e-01, 6.8500e-01, 5.4124e-01,  ..., 4.0906e-01,
           4.4615e-01, 4.8816e-01],
          ...,
          [8.9666e-01, 5.4755e-01, 9.7501e-01,  ..., 6.1863e-01,
           9.1012e-01, 1.1978e-01],
          [3.0687e-01, 9.2109e-01, 5.6930e-02,  ..., 5.4172e-01,
           9.2696e-01, 4.2360e-01],
          [2.4371e-01, 2.4852e-01, 3.7372e-01,  ..., 3.7951e-01,
           4.9510e-01, 9.4938e-02]]],


        [[[5.8561e-01, 7.7510e-01, 7.7274e-01,  ..., 8.7401e-01,
           6.2135e-01, 4.3661e-01],
          [6.7554e-01, 2.9946e-01, 5.5880e-01,  ..., 7.3762e-01,
           8.1055e-01, 7.1100e-01],
          [9.2595e-02, 4.1403e-01, 6.8942e-01,  ..., 8.1549e-01,
           8.1038e-01, 2.7718e-01],
          ...,
          [3.7067e-01, 8.8176e-01, 5.5588e-01,  ..., 8.1130e-01,
           9.9065e-01, 4.5129e-01],
          [4.4860e-01, 5.3743e-01, 5.4561e-01,  ..., 9.8766e-01,
           9.7267e-01, 9.2948e-01],
          [1.7027e-01, 1.0083e-01, 9.5044e-01,  ..., 6.8144e-01,
           7.6259e-01, 2.0663e-01]],

         [[6.4776e-01, 9.4869e-01, 6.9686e-01,  ..., 2.5819e-02,
           4.6626e-01, 5.1245e-01],
          [2.8690e-01, 3.6431e-01, 5.2125e-01,  ..., 1.3036e-01,
           6.2123e-01, 5.5620e-01],
          [2.5855e-01, 2.0203e-01, 3.8498e-01,  ..., 4.0418e-01,
           8.9772e-01, 6.7198e-02],
          ...,
          [7.5530e-01, 5.4682e-01, 7.6084e-01,  ..., 8.8213e-01,
           1.1491e-01, 8.8597e-01],
          [7.7046e-01, 1.6504e-01, 4.3030e-01,  ..., 2.3025e-01,
           2.6089e-01, 9.2127e-03],
          [9.8050e-01, 2.9413e-02, 8.0633e-01,  ..., 5.1055e-01,
           5.9412e-01, 6.4340e-01]],

         [[1.5829e-01, 5.1391e-01, 3.1580e-01,  ..., 2.8213e-01,
           7.4682e-01, 9.3083e-01],
          [1.8698e-01, 1.4992e-01, 8.7691e-01,  ..., 9.1504e-01,
           5.9537e-01, 2.7249e-02],
          [3.4266e-01, 7.8407e-01, 7.4538e-01,  ..., 3.8356e-01,
           5.9564e-01, 3.0204e-01],
          ...,
          [6.4581e-01, 1.4971e-01, 7.5283e-01,  ..., 3.6324e-01,
           3.6647e-01, 5.5233e-01],
          [2.0566e-01, 8.5752e-01, 1.6921e-01,  ..., 8.6129e-01,
           7.3214e-01, 3.9637e-01],
          [4.0283e-01, 2.5028e-01, 3.0334e-02,  ..., 2.8465e-01,
           2.1040e-01, 5.6735e-01]],

         ...,

         [[6.2504e-01, 2.8723e-01, 8.3954e-01,  ..., 2.5834e-01,
           3.6115e-01, 1.5353e-01],
          [6.2777e-03, 4.9183e-01, 4.1810e-01,  ..., 1.7579e-01,
           4.4125e-01, 1.3022e-01],
          [9.3513e-02, 3.2720e-01, 4.3180e-01,  ..., 9.8352e-01,
           6.8320e-01, 7.1184e-01],
          ...,
          [4.9399e-01, 1.4224e-01, 8.0023e-01,  ..., 2.3782e-01,
           4.8163e-01, 1.5549e-01],
          [5.6883e-01, 6.7140e-01, 7.6357e-01,  ..., 1.2496e-01,
           3.7612e-01, 8.5612e-01],
          [1.8917e-01, 8.6972e-01, 3.3688e-01,  ..., 3.8479e-01,
           6.6804e-01, 9.4535e-01]],

         [[9.7068e-01, 6.5308e-01, 4.8708e-02,  ..., 6.3334e-01,
           6.4345e-01, 7.5673e-01],
          [4.4695e-01, 6.4450e-01, 5.9939e-01,  ..., 9.1817e-01,
           7.1055e-01, 6.4615e-01],
          [7.3538e-01, 1.7455e-01, 1.9892e-01,  ..., 6.5453e-01,
           3.7797e-01, 6.9231e-01],
          ...,
          [2.9469e-01, 3.1143e-01, 7.5597e-01,  ..., 9.1131e-01,
           9.1521e-01, 6.5739e-01],
          [4.2237e-01, 1.8498e-01, 5.6055e-02,  ..., 8.4836e-01,
           4.0664e-01, 7.6655e-01],
          [1.1761e-02, 5.4637e-01, 1.8004e-01,  ..., 8.5235e-01,
           3.6330e-01, 9.5776e-01]],

         [[4.7016e-01, 5.6332e-01, 5.2934e-01,  ..., 2.7724e-01,
           3.2168e-01, 3.9867e-01],
          [9.8596e-01, 5.3716e-01, 8.6974e-01,  ..., 5.7731e-01,
           7.7891e-01, 2.4480e-01],
          [6.3020e-01, 2.2170e-01, 5.2137e-01,  ..., 9.8654e-01,
           5.5612e-01, 7.0351e-01],
          ...,
          [2.5215e-01, 9.7203e-01, 6.1489e-01,  ..., 9.7883e-01,
           6.1367e-01, 5.6533e-03],
          [8.5154e-01, 9.2728e-01, 1.6486e-01,  ..., 8.6422e-01,
           9.4398e-01, 3.8906e-01],
          [5.7178e-01, 3.2586e-01, 1.3521e-01,  ..., 1.0945e-01,
           2.9447e-01, 4.2585e-01]]],


        ...,


        [[[6.9644e-01, 5.7915e-01, 9.4199e-01,  ..., 2.4143e-01,
           5.5068e-01, 4.3756e-01],
          [3.1390e-01, 3.2756e-01, 1.6971e-01,  ..., 6.7395e-01,
           6.9768e-01, 8.0629e-01],
          [1.9283e-01, 4.0132e-01, 5.3273e-01,  ..., 2.8494e-01,
           9.0483e-01, 2.3927e-01],
          ...,
          [9.8483e-01, 5.4236e-01, 2.4575e-01,  ..., 1.1003e-01,
           4.3033e-01, 2.7817e-01],
          [5.2002e-01, 3.7061e-02, 4.5061e-01,  ..., 3.4966e-01,
           2.5177e-01, 1.9525e-01],
          [5.5663e-01, 1.4139e-01, 2.0906e-01,  ..., 2.0106e-01,
           7.6001e-01, 2.3948e-01]],

         [[9.9445e-01, 2.6645e-01, 6.3086e-02,  ..., 9.8132e-01,
           2.2517e-01, 1.1542e-01],
          [4.6561e-01, 5.4899e-01, 4.9222e-01,  ..., 2.3528e-01,
           7.1619e-02, 3.0739e-02],
          [9.0310e-01, 6.2641e-01, 3.1149e-01,  ..., 8.7616e-01,
           5.5548e-01, 1.3220e-04],
          ...,
          [2.1348e-01, 7.9330e-01, 9.4694e-01,  ..., 7.8442e-01,
           8.9023e-01, 3.7241e-01],
          [7.0783e-01, 2.9088e-01, 8.4803e-01,  ..., 5.9465e-01,
           2.6110e-01, 9.9130e-01],
          [6.9180e-01, 5.1420e-01, 9.2393e-01,  ..., 4.0201e-01,
           9.0406e-01, 2.7527e-01]],

         [[4.5057e-01, 6.3959e-01, 9.4534e-01,  ..., 1.6965e-01,
           6.5962e-01, 8.2663e-01],
          [6.0878e-01, 8.8974e-01, 7.7516e-01,  ..., 1.3906e-01,
           6.1284e-01, 3.1038e-01],
          [8.1318e-01, 4.7240e-01, 2.6600e-01,  ..., 1.5523e-01,
           7.5592e-01, 9.1975e-01],
          ...,
          [8.6247e-01, 8.2552e-01, 3.4929e-01,  ..., 1.5616e-01,
           1.7105e-01, 3.1164e-01],
          [4.7590e-01, 2.3971e-02, 6.8506e-01,  ..., 9.6966e-01,
           2.6886e-03, 9.3579e-01],
          [1.2526e-01, 4.8928e-01, 7.9750e-01,  ..., 4.6138e-01,
           4.4001e-01, 7.4373e-01]],

         ...,

         [[7.7018e-02, 4.8124e-01, 5.6319e-01,  ..., 5.6471e-01,
           4.7693e-01, 1.2144e-01],
          [7.8246e-01, 8.4591e-01, 5.5427e-01,  ..., 7.0845e-01,
           3.7313e-01, 4.9570e-01],
          [5.4209e-01, 1.4907e-01, 5.7158e-02,  ..., 9.6507e-01,
           6.1659e-01, 6.1790e-01],
          ...,
          [8.1641e-01, 7.3251e-01, 9.7655e-01,  ..., 8.7929e-01,
           8.5935e-01, 1.7546e-01],
          [7.3124e-01, 6.0266e-01, 5.4597e-01,  ..., 8.0704e-01,
           5.9128e-01, 1.4485e-02],
          [8.4292e-01, 1.1904e-01, 2.0535e-01,  ..., 9.5563e-01,
           9.6068e-01, 7.6945e-02]],

         [[4.6191e-02, 2.9170e-01, 1.8106e-01,  ..., 5.8608e-01,
           3.7431e-01, 8.7887e-01],
          [4.9674e-01, 2.4897e-01, 1.4574e-01,  ..., 4.8394e-01,
           7.6221e-01, 8.1390e-01],
          [1.4236e-01, 9.6570e-01, 5.9062e-01,  ..., 5.3710e-01,
           4.4691e-01, 8.8316e-01],
          ...,
          [6.3214e-01, 7.6849e-01, 3.1317e-01,  ..., 6.8133e-01,
           3.3475e-01, 3.1840e-01],
          [1.9783e-01, 8.0767e-01, 3.4290e-01,  ..., 9.0577e-01,
           7.9499e-01, 3.3510e-01],
          [9.2990e-01, 7.0630e-01, 5.3460e-02,  ..., 9.5947e-01,
           1.0045e-01, 8.3375e-04]],

         [[7.8439e-01, 7.9776e-01, 7.6660e-01,  ..., 8.5945e-01,
           9.6234e-01, 3.7373e-01],
          [7.4146e-01, 4.1433e-01, 9.9371e-01,  ..., 6.5942e-01,
           5.0578e-01, 5.8602e-01],
          [2.8123e-01, 4.2604e-01, 5.4626e-01,  ..., 6.6621e-01,
           1.2579e-01, 3.9834e-01],
          ...,
          [9.7849e-01, 6.3858e-01, 4.6616e-01,  ..., 7.8892e-01,
           3.3262e-01, 8.6666e-01],
          [7.5464e-01, 4.3909e-01, 4.5457e-02,  ..., 6.1497e-01,
           6.4598e-01, 3.6820e-01],
          [4.0029e-01, 8.0660e-01, 8.0999e-01,  ..., 9.7724e-01,
           4.0086e-01, 3.1103e-01]]],


        [[[8.5166e-01, 3.6202e-01, 6.1409e-01,  ..., 9.4407e-01,
           4.3986e-01, 8.3262e-01],
          [4.4465e-01, 2.7093e-01, 9.3848e-01,  ..., 1.6305e-01,
           8.2862e-01, 5.9406e-01],
          [3.3462e-01, 1.3251e-03, 8.2379e-01,  ..., 2.1866e-01,
           1.0613e-01, 5.8919e-01],
          ...,
          [2.0897e-01, 4.8373e-01, 7.6305e-01,  ..., 4.3309e-01,
           1.4685e-02, 5.7435e-01],
          [5.8337e-01, 7.7372e-01, 6.8587e-01,  ..., 5.7959e-01,
           4.3831e-01, 1.9261e-01],
          [2.4614e-01, 2.6249e-01, 4.4594e-02,  ..., 3.8579e-01,
           1.8931e-01, 8.3712e-01]],

         [[7.6980e-01, 7.3623e-02, 3.8434e-01,  ..., 8.6906e-01,
           8.6791e-01, 2.4106e-01],
          [9.0566e-02, 9.0121e-01, 4.0806e-01,  ..., 7.0569e-01,
           7.2570e-01, 1.6398e-01],
          [3.0742e-01, 4.5781e-01, 5.3268e-01,  ..., 1.3951e-02,
           2.2668e-01, 3.9996e-01],
          ...,
          [4.1648e-01, 5.5174e-03, 4.5999e-01,  ..., 5.7057e-01,
           9.9477e-01, 7.9445e-01],
          [6.7957e-01, 1.4060e-01, 9.6226e-01,  ..., 3.0021e-01,
           1.3641e-02, 9.7870e-01],
          [8.3397e-01, 4.6304e-01, 5.4733e-01,  ..., 1.0215e-01,
           8.3331e-01, 2.2887e-01]],

         [[9.3468e-01, 8.9759e-02, 5.4995e-01,  ..., 1.6127e-01,
           3.0473e-01, 4.9246e-01],
          [4.3851e-01, 2.5811e-01, 5.4859e-01,  ..., 2.3332e-01,
           8.6028e-01, 4.4344e-01],
          [8.0989e-02, 9.3664e-01, 9.8313e-01,  ..., 3.8621e-01,
           4.6453e-01, 2.9834e-01],
          ...,
          [9.7307e-01, 7.6781e-02, 1.9884e-01,  ..., 2.7898e-01,
           4.0739e-02, 2.4131e-03],
          [1.1922e-01, 9.3017e-01, 6.2223e-01,  ..., 8.1643e-01,
           4.9104e-01, 4.6048e-01],
          [8.0734e-02, 8.5686e-01, 9.1835e-01,  ..., 1.7244e-01,
           6.2185e-02, 4.3451e-01]],

         ...,

         [[8.2790e-01, 2.4838e-01, 7.8528e-01,  ..., 9.3990e-01,
           6.6216e-01, 6.2594e-01],
          [7.8654e-01, 9.3792e-02, 9.4264e-01,  ..., 1.1154e-01,
           7.0211e-01, 4.3188e-01],
          [1.9491e-01, 8.2982e-01, 1.2714e-01,  ..., 5.4021e-01,
           9.6880e-01, 7.6551e-01],
          ...,
          [1.9735e-01, 9.2013e-01, 1.2850e-01,  ..., 8.5425e-01,
           9.2371e-01, 7.2359e-01],
          [3.8341e-01, 1.6633e-01, 1.1126e-01,  ..., 3.2255e-01,
           9.9510e-01, 1.1229e-01],
          [3.2112e-01, 7.0337e-01, 6.8714e-01,  ..., 1.8539e-01,
           2.5569e-01, 6.4889e-01]],

         [[9.6684e-01, 5.0775e-01, 5.1444e-01,  ..., 7.5858e-01,
           7.9920e-01, 2.4529e-01],
          [9.9494e-01, 2.2793e-01, 1.0368e-01,  ..., 1.4299e-01,
           4.4648e-01, 2.9341e-01],
          [8.2634e-01, 1.4695e-01, 1.3537e-01,  ..., 3.6411e-01,
           7.4367e-01, 2.1875e-01],
          ...,
          [7.0508e-02, 5.5311e-01, 7.9425e-01,  ..., 4.9230e-01,
           4.0782e-01, 6.5339e-01],
          [1.2401e-01, 3.5194e-01, 6.7262e-02,  ..., 3.0476e-01,
           1.2371e-01, 2.7604e-01],
          [6.1088e-01, 5.3067e-01, 2.9421e-01,  ..., 3.1893e-01,
           2.5423e-02, 4.8972e-01]],

         [[9.7026e-01, 4.2442e-01, 4.9314e-01,  ..., 4.6497e-01,
           8.0119e-01, 4.4170e-01],
          [5.8480e-01, 8.0455e-01, 1.9403e-01,  ..., 5.2503e-01,
           3.9634e-02, 8.3738e-01],
          [9.0958e-01, 9.8736e-01, 4.3542e-01,  ..., 6.7436e-01,
           8.7698e-01, 9.3517e-01],
          ...,
          [8.7016e-01, 4.7952e-01, 9.8149e-01,  ..., 4.0569e-01,
           3.9062e-01, 7.7175e-01],
          [7.8089e-01, 9.1992e-01, 9.2138e-01,  ..., 5.1179e-01,
           7.8699e-01, 5.4673e-01],
          [2.8386e-01, 8.1014e-01, 3.9415e-01,  ..., 8.2599e-01,
           9.8374e-01, 1.2321e-01]]],


        [[[9.8077e-01, 4.4662e-01, 5.3225e-01,  ..., 2.2293e-01,
           1.0842e-02, 5.1095e-01],
          [5.2988e-01, 3.8171e-01, 1.8516e-01,  ..., 1.3881e-01,
           1.5802e-01, 8.2397e-01],
          [9.0212e-01, 6.0688e-01, 8.9684e-02,  ..., 3.9722e-02,
           4.4656e-01, 5.9394e-01],
          ...,
          [7.1652e-01, 7.8370e-01, 1.9297e-01,  ..., 5.1843e-01,
           2.3225e-01, 8.4437e-01],
          [1.8155e-01, 3.4211e-02, 8.8627e-01,  ..., 2.5653e-01,
           1.4158e-01, 2.9336e-01],
          [8.0892e-01, 6.0082e-01, 5.1073e-01,  ..., 8.1858e-01,
           6.7748e-01, 6.5485e-01]],

         [[1.4161e-01, 5.5378e-01, 6.0661e-01,  ..., 4.3670e-01,
           4.0569e-01, 1.9406e-01],
          [7.0295e-02, 5.1715e-01, 4.7699e-01,  ..., 8.4891e-01,
           1.4701e-02, 2.9747e-01],
          [9.0571e-01, 3.5776e-01, 9.3432e-01,  ..., 2.4302e-01,
           9.4195e-01, 1.0674e-01],
          ...,
          [7.5240e-01, 6.8552e-01, 7.2981e-02,  ..., 5.0591e-01,
           8.7737e-01, 9.5533e-01],
          [3.2258e-01, 9.3109e-01, 5.2852e-01,  ..., 8.4371e-01,
           3.0988e-01, 2.7799e-01],
          [5.5992e-01, 9.3685e-01, 8.7451e-01,  ..., 3.4760e-02,
           8.1607e-02, 9.7202e-01]],

         [[5.1914e-01, 8.0067e-01, 9.7857e-01,  ..., 5.0187e-01,
           8.3327e-01, 9.8628e-01],
          [1.5144e-01, 8.1124e-01, 8.5144e-01,  ..., 7.2194e-01,
           2.4217e-01, 3.1994e-01],
          [9.4650e-01, 9.7185e-02, 6.4777e-01,  ..., 8.0480e-01,
           5.6958e-01, 8.0835e-01],
          ...,
          [9.8398e-01, 5.6055e-01, 9.6666e-01,  ..., 3.3164e-01,
           5.0047e-01, 9.0367e-01],
          [2.3974e-01, 3.2047e-01, 7.8932e-01,  ..., 5.7698e-01,
           7.2046e-01, 9.8651e-01],
          [7.9751e-01, 9.5277e-01, 6.9970e-01,  ..., 9.1108e-01,
           9.1868e-01, 8.9173e-01]],

         ...,

         [[6.0752e-01, 2.5016e-02, 8.2363e-01,  ..., 3.9151e-01,
           1.4424e-01, 5.7212e-01],
          [2.9066e-01, 2.4618e-02, 6.7544e-01,  ..., 9.1595e-01,
           6.0954e-01, 8.7389e-01],
          [3.1959e-01, 7.1417e-01, 7.6927e-01,  ..., 4.3528e-01,
           2.1210e-01, 4.5126e-01],
          ...,
          [1.5945e-01, 2.3006e-01, 9.4641e-01,  ..., 6.1819e-01,
           4.0705e-01, 8.9601e-01],
          [7.3424e-01, 7.8219e-01, 2.1337e-01,  ..., 7.4996e-01,
           3.4221e-02, 4.3831e-01],
          [6.4767e-01, 8.2149e-01, 2.6498e-02,  ..., 5.6249e-01,
           5.7728e-01, 5.0961e-01]],

         [[9.8968e-01, 3.3964e-01, 2.5273e-01,  ..., 6.1841e-01,
           3.1579e-01, 4.4649e-01],
          [5.4273e-01, 1.2511e-01, 6.7438e-01,  ..., 6.5405e-02,
           1.0928e-02, 5.1095e-01],
          [4.9702e-01, 6.0457e-01, 2.8312e-01,  ..., 1.5840e-01,
           5.2194e-02, 1.9947e-01],
          ...,
          [8.3593e-01, 5.0595e-01, 3.5630e-02,  ..., 7.0423e-01,
           9.4757e-02, 9.1655e-01],
          [4.9099e-01, 4.6698e-02, 9.2908e-01,  ..., 7.6244e-01,
           5.2305e-01, 5.3858e-01],
          [3.0090e-01, 9.6173e-01, 8.5131e-01,  ..., 3.8214e-01,
           5.5415e-01, 2.8383e-01]],

         [[5.4670e-01, 4.3354e-01, 5.7165e-01,  ..., 1.2260e-01,
           8.7328e-01, 5.9109e-01],
          [6.6938e-01, 4.3512e-02, 7.9229e-01,  ..., 6.2780e-01,
           5.2940e-01, 4.2645e-01],
          [4.9298e-01, 7.1217e-01, 1.1871e-01,  ..., 7.1614e-01,
           2.5038e-01, 8.1064e-01],
          ...,
          [8.9176e-02, 5.7011e-01, 2.6401e-01,  ..., 9.8972e-01,
           7.6330e-01, 7.7924e-01],
          [3.8360e-01, 3.6361e-01, 5.4974e-01,  ..., 5.6222e-01,
           8.9482e-01, 3.1782e-01],
          [9.1047e-01, 5.4045e-01, 8.7208e-01,  ..., 8.8248e-01,
           6.1321e-01, 4.8896e-01]]]])
