tensor([[[[9.3831e-01, 3.2577e-02, 1.7090e-01,  ..., 4.2745e-01,
           9.6095e-01, 7.4106e-01],
          [1.0939e-01, 9.7621e-01, 2.2040e-01,  ..., 1.1676e-02,
           7.8288e-01, 8.9149e-01],
          [8.0146e-01, 9.5417e-01, 9.7716e-01,  ..., 7.6884e-01,
           8.9126e-01, 3.0477e-01],
          ...,
          [5.8730e-01, 1.7991e-01, 3.2999e-01,  ..., 5.2194e-01,
           4.2511e-01, 3.6775e-01],
          [8.4606e-01, 6.8625e-01, 9.9073e-01,  ..., 9.5041e-01,
           5.9702e-01, 3.2067e-01],
          [6.2070e-01, 3.3783e-01, 1.9122e-01,  ..., 6.2472e-01,
           8.8130e-01, 5.2255e-01]],

         [[5.7499e-01, 3.5267e-01, 6.0940e-03,  ..., 1.2610e-01,
           6.4715e-01, 9.0528e-01],
          [6.0179e-01, 8.8976e-01, 4.7104e-01,  ..., 5.1447e-01,
           7.1546e-01, 8.7733e-01],
          [9.1622e-01, 6.2292e-01, 6.7620e-01,  ..., 2.3940e-01,
           4.5964e-01, 9.9067e-01],
          ...,
          [8.2551e-01, 3.9313e-01, 4.7844e-01,  ..., 7.0932e-01,
           9.2104e-01, 8.9470e-01],
          [6.1102e-01, 1.7197e-01, 7.7456e-01,  ..., 7.4441e-01,
           4.3959e-01, 8.1689e-01],
          [1.0044e-01, 7.4268e-01, 8.1292e-02,  ..., 8.2736e-01,
           5.7644e-01, 7.7012e-01]],

         [[6.0118e-01, 4.3739e-01, 7.4370e-01,  ..., 4.8303e-01,
           6.6825e-01, 7.8634e-01],
          [7.6468e-01, 5.6460e-01, 6.4758e-01,  ..., 7.6097e-01,
           6.8282e-01, 7.9302e-01],
          [2.2207e-01, 5.3208e-01, 1.3205e-01,  ..., 8.0201e-01,
           1.9557e-02, 4.1685e-01],
          ...,
          [3.4569e-01, 4.6481e-01, 3.8686e-01,  ..., 3.5278e-01,
           4.3148e-01, 6.8778e-01],
          [9.8426e-01, 8.6483e-01, 9.3212e-01,  ..., 2.0980e-01,
           9.1658e-01, 8.1477e-01],
          [2.9192e-01, 2.0296e-02, 3.3953e-01,  ..., 4.6721e-02,
           8.2792e-01, 8.0141e-01]],

         ...,

         [[7.1256e-02, 4.9435e-02, 7.1259e-01,  ..., 3.9967e-01,
           9.0255e-01, 3.1417e-01],
          [7.0516e-01, 2.9668e-01, 3.5218e-01,  ..., 5.2572e-01,
           5.7532e-01, 6.4007e-01],
          [5.6878e-01, 7.1880e-01, 5.7301e-01,  ..., 2.5025e-01,
           6.8573e-01, 9.0586e-01],
          ...,
          [8.9992e-01, 6.0375e-01, 4.2834e-01,  ..., 1.1465e-01,
           6.3293e-01, 2.8885e-01],
          [1.2999e-01, 1.4605e-01, 3.7943e-01,  ..., 7.9006e-01,
           8.7259e-02, 6.0546e-01],
          [9.6717e-01, 5.3900e-01, 1.5703e-01,  ..., 9.0690e-01,
           1.2981e-01, 7.8503e-01]],

         [[6.3693e-01, 9.3559e-01, 4.3695e-01,  ..., 7.8632e-01,
           5.2647e-01, 1.6751e-01],
          [2.7070e-01, 3.3030e-02, 4.4693e-01,  ..., 7.9758e-02,
           8.3250e-01, 8.3662e-01],
          [9.0771e-01, 8.6743e-01, 2.0355e-01,  ..., 2.6284e-01,
           3.4199e-03, 4.9113e-01],
          ...,
          [9.8187e-01, 5.6055e-01, 4.1161e-02,  ..., 1.0409e-01,
           3.0895e-01, 3.3704e-01],
          [7.9341e-01, 5.5650e-01, 1.1968e-01,  ..., 4.8195e-01,
           2.9306e-01, 1.9514e-01],
          [2.5995e-02, 8.7247e-01, 7.8571e-01,  ..., 5.5030e-02,
           6.9625e-01, 4.2502e-01]],

         [[2.4358e-01, 5.9766e-01, 5.8465e-01,  ..., 3.8655e-01,
           5.3606e-01, 6.1607e-02],
          [1.0169e-01, 7.3937e-02, 6.9584e-01,  ..., 6.0284e-01,
           2.6487e-01, 3.0040e-01],
          [2.5532e-01, 4.6352e-01, 8.9332e-01,  ..., 2.7579e-01,
           6.3013e-01, 8.5074e-01],
          ...,
          [4.4239e-01, 9.9001e-01, 3.8193e-01,  ..., 9.0200e-01,
           2.3131e-01, 8.1369e-01],
          [6.2614e-01, 8.6085e-01, 8.8622e-01,  ..., 8.5535e-01,
           2.6547e-01, 8.9215e-01],
          [7.7379e-02, 4.6461e-01, 2.5233e-01,  ..., 4.7672e-01,
           8.7696e-01, 6.6501e-01]]],


        [[[8.1088e-01, 2.4663e-01, 6.4495e-01,  ..., 3.8594e-01,
           3.8219e-01, 3.8027e-02],
          [6.4684e-01, 3.0482e-01, 4.6021e-01,  ..., 2.1271e-01,
           1.1649e-01, 2.3740e-02],
          [1.9919e-01, 2.9377e-02, 5.0936e-01,  ..., 9.9291e-01,
           6.3282e-01, 1.9819e-01],
          ...,
          [3.0562e-01, 8.6735e-01, 4.9198e-01,  ..., 7.0656e-01,
           6.9724e-01, 4.6437e-01],
          [2.8516e-01, 4.7434e-01, 2.9934e-01,  ..., 2.5480e-01,
           8.6192e-01, 6.5969e-01],
          [8.5162e-01, 4.3233e-01, 8.7754e-01,  ..., 9.1241e-01,
           2.3989e-01, 7.5256e-01]],

         [[2.5131e-01, 6.8656e-01, 1.7827e-01,  ..., 5.4727e-01,
           7.9587e-01, 8.6460e-01],
          [8.7667e-01, 5.1444e-01, 1.9691e-01,  ..., 9.5737e-01,
           7.1017e-02, 6.7553e-01],
          [9.6481e-01, 6.6060e-01, 7.1251e-01,  ..., 3.7118e-02,
           4.6605e-01, 7.8440e-01],
          ...,
          [1.7396e-01, 1.8380e-01, 6.2935e-01,  ..., 3.7775e-01,
           6.8635e-01, 2.4974e-01],
          [7.4367e-01, 7.1372e-01, 1.1348e-02,  ..., 3.6042e-01,
           3.0267e-01, 4.2327e-01],
          [3.0773e-01, 4.9321e-01, 1.5474e-01,  ..., 9.4282e-02,
           4.8758e-02, 4.1587e-01]],

         [[4.4427e-01, 2.8211e-01, 1.0910e-02,  ..., 1.7433e-01,
           2.5560e-01, 1.6016e-01],
          [6.7651e-01, 3.2575e-01, 1.7974e-01,  ..., 4.1872e-01,
           4.4547e-01, 6.6608e-01],
          [8.5990e-01, 4.3909e-01, 8.6009e-01,  ..., 2.1368e-01,
           1.5495e-01, 9.9155e-01],
          ...,
          [7.4794e-01, 8.0691e-01, 8.5187e-01,  ..., 4.5993e-01,
           9.3120e-01, 7.5600e-01],
          [6.7892e-02, 6.5858e-01, 3.2836e-01,  ..., 1.2670e-01,
           3.4789e-01, 2.6764e-02],
          [7.3014e-02, 3.7942e-01, 7.0544e-01,  ..., 5.2252e-01,
           2.8333e-01, 5.5787e-01]],

         ...,

         [[3.7695e-01, 2.0573e-01, 6.3671e-01,  ..., 3.1106e-01,
           9.8426e-01, 4.0092e-01],
          [1.7711e-02, 8.1005e-01, 4.7395e-01,  ..., 6.2116e-01,
           9.9301e-01, 2.0125e-01],
          [1.0482e-01, 9.4467e-02, 6.2519e-01,  ..., 3.3817e-01,
           6.5522e-01, 2.4976e-01],
          ...,
          [8.5974e-01, 2.9656e-01, 7.9561e-01,  ..., 2.1628e-01,
           2.2376e-01, 3.5961e-01],
          [7.2865e-01, 8.2107e-01, 7.4242e-01,  ..., 6.6988e-03,
           4.4457e-02, 5.3468e-01],
          [1.3457e-01, 1.2605e-01, 3.3863e-01,  ..., 2.1296e-01,
           4.1164e-01, 6.9648e-01]],

         [[4.6471e-03, 8.0825e-01, 1.5135e-01,  ..., 2.3204e-01,
           1.0674e-02, 6.8830e-01],
          [5.6383e-01, 9.8656e-01, 9.3713e-01,  ..., 6.1606e-01,
           7.6561e-02, 1.5973e-01],
          [9.9910e-02, 1.9797e-01, 5.8166e-01,  ..., 3.0762e-01,
           4.0788e-01, 6.6258e-01],
          ...,
          [1.8969e-01, 8.6357e-01, 4.7979e-01,  ..., 3.1064e-02,
           9.4830e-02, 3.3714e-01],
          [1.8285e-01, 4.1993e-01, 2.8114e-01,  ..., 1.3804e-01,
           1.6252e-01, 7.6412e-01],
          [1.4285e-01, 4.8100e-01, 6.2673e-01,  ..., 7.9119e-01,
           7.3304e-01, 7.5235e-01]],

         [[1.6122e-01, 9.6588e-01, 2.9787e-01,  ..., 5.3920e-01,
           9.2574e-01, 1.2952e-01],
          [4.8671e-01, 7.7249e-01, 2.5517e-01,  ..., 3.3331e-01,
           4.5016e-01, 9.8731e-01],
          [4.1753e-01, 1.2257e-01, 3.3430e-01,  ..., 5.3241e-01,
           1.3226e-01, 8.7872e-01],
          ...,
          [3.5511e-01, 7.9376e-01, 6.8374e-01,  ..., 4.8061e-01,
           5.0496e-01, 6.4287e-01],
          [9.0888e-01, 4.6303e-01, 5.0324e-01,  ..., 9.7459e-01,
           9.4962e-01, 9.2569e-01],
          [9.5217e-01, 7.3980e-01, 8.0544e-02,  ..., 9.2835e-01,
           5.8390e-02, 7.2358e-01]]],


        [[[7.2679e-01, 3.5445e-01, 5.4143e-01,  ..., 6.0087e-01,
           3.5462e-01, 2.0176e-01],
          [9.7496e-01, 2.2801e-02, 3.7435e-01,  ..., 3.1088e-01,
           7.5148e-02, 8.2354e-01],
          [9.8379e-01, 3.0769e-01, 2.4867e-01,  ..., 9.7248e-01,
           2.4064e-01, 7.9147e-01],
          ...,
          [5.8228e-01, 8.2237e-01, 7.0585e-02,  ..., 4.9165e-01,
           5.2269e-02, 7.1333e-01],
          [1.1621e-01, 5.7926e-01, 1.4669e-01,  ..., 8.4605e-02,
           9.3607e-01, 1.7040e-01],
          [2.9503e-01, 6.8971e-01, 8.3810e-01,  ..., 4.4579e-01,
           5.8498e-01, 8.7817e-03]],

         [[8.8390e-01, 1.3427e-01, 2.4784e-01,  ..., 9.6787e-01,
           7.0613e-01, 5.4529e-01],
          [2.8487e-01, 1.6374e-01, 9.2718e-01,  ..., 5.9363e-01,
           1.9860e-01, 5.4591e-01],
          [3.4785e-01, 7.3520e-01, 4.7899e-01,  ..., 6.3953e-01,
           2.9841e-01, 1.9715e-01],
          ...,
          [5.8865e-01, 8.3876e-01, 2.2491e-01,  ..., 3.9141e-01,
           6.3099e-01, 7.0801e-02],
          [7.8453e-01, 3.0161e-01, 5.1333e-02,  ..., 6.4930e-01,
           1.1785e-01, 9.8165e-01],
          [4.4200e-01, 8.1075e-01, 3.8529e-01,  ..., 8.8579e-01,
           8.3471e-01, 7.4433e-01]],

         [[7.8283e-02, 2.7252e-01, 3.2356e-01,  ..., 2.6486e-01,
           5.9157e-01, 6.9851e-02],
          [6.4709e-01, 1.0163e-01, 5.0596e-01,  ..., 7.4474e-01,
           2.7286e-01, 3.7270e-01],
          [1.7169e-01, 4.8648e-01, 5.2153e-01,  ..., 6.3023e-01,
           2.4937e-01, 5.7869e-01],
          ...,
          [9.0688e-02, 3.7099e-01, 9.8292e-01,  ..., 1.5915e-01,
           1.3201e-01, 3.5408e-01],
          [2.8968e-01, 7.9021e-01, 3.9318e-01,  ..., 3.4583e-01,
           2.0801e-01, 7.5684e-01],
          [2.3246e-01, 2.8823e-01, 9.5516e-01,  ..., 5.9276e-01,
           7.9750e-01, 9.6062e-01]],

         ...,

         [[5.7386e-01, 9.0918e-01, 1.3599e-01,  ..., 8.8172e-01,
           1.6740e-01, 9.8552e-01],
          [1.2818e-01, 4.3879e-01, 1.0498e-01,  ..., 7.2200e-02,
           9.1136e-01, 6.2370e-01],
          [3.4822e-01, 1.8073e-01, 1.2688e-01,  ..., 5.0165e-01,
           4.6307e-02, 5.4437e-01],
          ...,
          [5.3122e-01, 9.1331e-01, 7.0599e-01,  ..., 7.7569e-01,
           3.8602e-01, 6.0736e-01],
          [7.0799e-01, 4.4881e-01, 2.2606e-01,  ..., 4.1168e-01,
           4.8632e-01, 7.1495e-02],
          [5.5172e-01, 1.9671e-01, 5.0571e-01,  ..., 4.8912e-01,
           2.3307e-01, 4.4059e-01]],

         [[9.6154e-01, 6.8166e-01, 6.2368e-02,  ..., 7.4942e-01,
           1.6818e-02, 8.5338e-02],
          [7.3651e-02, 7.4222e-01, 6.1950e-01,  ..., 5.2227e-01,
           2.1381e-01, 3.4996e-01],
          [3.3845e-01, 5.1835e-01, 6.5932e-01,  ..., 1.6665e-01,
           7.3228e-01, 8.8359e-01],
          ...,
          [8.5489e-01, 9.5864e-01, 3.7930e-01,  ..., 7.3608e-01,
           7.5611e-02, 1.9129e-02],
          [9.4221e-01, 4.1942e-02, 7.5494e-01,  ..., 8.2793e-01,
           9.5821e-01, 7.2899e-01],
          [6.2402e-01, 2.6590e-01, 1.4076e-01,  ..., 9.6405e-01,
           7.5662e-02, 8.1452e-01]],

         [[5.2389e-01, 7.6415e-01, 5.0961e-01,  ..., 6.8761e-01,
           7.9820e-01, 6.8371e-01],
          [9.4417e-01, 3.5988e-02, 6.1335e-01,  ..., 8.3360e-01,
           4.8661e-01, 5.2558e-02],
          [1.4133e-01, 6.2460e-01, 2.6775e-01,  ..., 2.8291e-01,
           2.9644e-01, 6.1111e-01],
          ...,
          [4.4680e-01, 6.7611e-01, 1.4325e-02,  ..., 3.8479e-01,
           4.5754e-01, 1.7611e-01],
          [4.1260e-01, 8.7059e-01, 5.9535e-01,  ..., 7.7763e-01,
           6.5773e-01, 4.6676e-01],
          [9.4214e-01, 7.9213e-01, 1.9304e-01,  ..., 1.9572e-01,
           6.1636e-01, 1.4630e-03]]],


        ...,


        [[[1.0339e-01, 2.1786e-01, 1.5371e-02,  ..., 1.2415e-01,
           6.3855e-01, 2.7765e-01],
          [2.2247e-01, 1.1560e-02, 8.6766e-01,  ..., 7.9883e-01,
           2.4585e-01, 9.9382e-01],
          [7.6653e-01, 8.2875e-01, 6.2362e-01,  ..., 1.0423e-01,
           4.6988e-01, 7.0964e-01],
          ...,
          [9.8382e-01, 8.3792e-01, 7.6177e-01,  ..., 8.6743e-01,
           3.0335e-01, 5.4230e-01],
          [1.9096e-01, 3.9065e-01, 9.5111e-02,  ..., 1.5160e-01,
           9.8706e-01, 7.2970e-01],
          [8.3631e-01, 2.5365e-01, 4.8587e-01,  ..., 1.3955e-01,
           6.5362e-01, 3.7915e-01]],

         [[4.5904e-01, 3.7620e-01, 3.7753e-01,  ..., 5.0824e-01,
           2.7742e-01, 4.9357e-01],
          [1.4364e-01, 1.4743e-02, 7.8243e-01,  ..., 1.7637e-01,
           7.5543e-01, 9.3120e-01],
          [1.6673e-01, 9.8651e-01, 9.7168e-01,  ..., 9.5116e-01,
           9.4021e-01, 2.8159e-01],
          ...,
          [4.7786e-01, 1.2617e-02, 6.1110e-01,  ..., 1.6207e-01,
           6.2515e-01, 5.8921e-01],
          [5.6049e-03, 9.1374e-01, 4.5946e-02,  ..., 2.8461e-01,
           5.7393e-01, 2.1704e-01],
          [1.8309e-01, 4.0727e-02, 8.4459e-01,  ..., 7.7038e-01,
           8.2822e-01, 9.6673e-01]],

         [[6.4609e-01, 3.6742e-01, 2.1982e-01,  ..., 8.9066e-01,
           9.8420e-01, 7.6592e-01],
          [9.2023e-01, 5.5703e-01, 4.7794e-01,  ..., 2.1305e-01,
           5.0425e-02, 2.9165e-02],
          [4.8633e-01, 4.3808e-01, 8.1022e-01,  ..., 1.9661e-01,
           2.4039e-01, 4.5491e-01],
          ...,
          [8.4346e-01, 9.2463e-01, 9.5611e-01,  ..., 8.7213e-01,
           4.5725e-01, 4.0117e-01],
          [2.0824e-02, 5.8643e-01, 9.8214e-01,  ..., 4.5650e-01,
           1.8102e-01, 5.1116e-01],
          [2.7365e-01, 8.3245e-01, 6.7208e-01,  ..., 4.9564e-01,
           3.5371e-01, 8.0630e-02]],

         ...,

         [[8.2311e-01, 7.6946e-01, 5.2181e-01,  ..., 7.9737e-01,
           1.9098e-01, 8.3004e-01],
          [8.3679e-01, 6.3632e-01, 8.3672e-02,  ..., 9.5084e-02,
           4.2055e-01, 2.5134e-01],
          [9.5873e-01, 4.7069e-01, 8.9437e-01,  ..., 5.1732e-01,
           4.5133e-02, 8.2107e-01],
          ...,
          [1.2830e-01, 8.6635e-01, 4.2465e-01,  ..., 4.0798e-02,
           1.3804e-01, 1.3016e-01],
          [2.7557e-01, 9.7283e-01, 3.5740e-01,  ..., 9.6781e-01,
           8.1135e-01, 4.6222e-02],
          [5.9072e-01, 2.4299e-01, 3.7392e-01,  ..., 6.4715e-01,
           2.0637e-01, 2.0949e-01]],

         [[7.6400e-02, 3.5043e-01, 3.4961e-01,  ..., 4.9271e-01,
           7.6349e-02, 6.5337e-01],
          [5.7487e-01, 7.7539e-01, 5.3829e-01,  ..., 2.8534e-02,
           4.3369e-01, 5.4839e-01],
          [3.0071e-01, 7.7010e-01, 9.5365e-01,  ..., 7.0856e-02,
           4.1012e-02, 3.8391e-01],
          ...,
          [8.0110e-01, 8.2256e-01, 5.0848e-02,  ..., 9.9336e-01,
           6.9315e-01, 2.2352e-01],
          [3.2732e-01, 4.0841e-01, 7.9213e-01,  ..., 6.7198e-01,
           7.9237e-01, 3.7928e-01],
          [9.9427e-01, 3.3660e-01, 8.5985e-01,  ..., 2.3454e-01,
           2.6443e-01, 5.1153e-01]],

         [[8.5370e-01, 1.9880e-01, 2.5462e-01,  ..., 8.1529e-01,
           2.2097e-01, 3.9648e-02],
          [9.7886e-01, 2.3445e-01, 4.8199e-01,  ..., 1.2470e-01,
           1.7084e-01, 4.5521e-01],
          [5.6750e-03, 1.6442e-01, 5.0946e-01,  ..., 5.4723e-01,
           9.7745e-01, 1.5360e-01],
          ...,
          [8.6511e-01, 1.4184e-01, 7.4723e-01,  ..., 8.8517e-01,
           8.2126e-02, 1.7625e-01],
          [2.6648e-01, 7.6037e-01, 7.1089e-01,  ..., 4.6648e-01,
           8.4771e-01, 9.9701e-01],
          [1.9708e-02, 7.1018e-01, 9.0231e-01,  ..., 4.7928e-01,
           1.1088e-01, 1.6906e-01]]],


        [[[6.3713e-01, 6.7255e-01, 5.5719e-01,  ..., 8.4894e-01,
           3.4517e-01, 3.9208e-01],
          [5.7319e-01, 3.6305e-01, 3.0830e-01,  ..., 6.4458e-01,
           4.4467e-01, 5.3043e-01],
          [3.3133e-01, 6.5806e-01, 1.8607e-01,  ..., 7.1970e-01,
           8.4364e-02, 7.2587e-01],
          ...,
          [3.1063e-01, 4.0110e-01, 6.3085e-01,  ..., 2.9392e-01,
           5.6017e-02, 3.9338e-01],
          [3.3292e-01, 8.2483e-01, 5.5709e-01,  ..., 1.7415e-01,
           6.5510e-01, 6.1710e-01],
          [8.8222e-01, 5.5072e-01, 9.3579e-02,  ..., 6.0087e-01,
           6.6461e-01, 2.3058e-01]],

         [[9.2953e-01, 3.9406e-01, 6.2701e-01,  ..., 6.4491e-01,
           5.7138e-01, 3.1541e-01],
          [9.0872e-01, 7.9479e-01, 2.0258e-01,  ..., 2.4331e-01,
           5.3080e-01, 7.8318e-01],
          [7.4752e-01, 8.7625e-01, 8.5133e-01,  ..., 6.7827e-01,
           5.6329e-01, 9.4358e-01],
          ...,
          [4.6728e-01, 4.8455e-01, 4.3851e-01,  ..., 9.3352e-01,
           9.1187e-01, 5.1174e-02],
          [7.0533e-01, 2.8949e-01, 7.7545e-01,  ..., 2.1183e-01,
           7.9318e-01, 6.5170e-01],
          [1.2663e-01, 6.7832e-01, 9.3245e-01,  ..., 3.0866e-01,
           5.1882e-01, 5.2676e-01]],

         [[1.1318e-01, 5.6022e-04, 3.9124e-02,  ..., 8.9789e-01,
           7.9674e-01, 3.1418e-01],
          [8.6140e-01, 8.5473e-01, 8.8378e-01,  ..., 2.8316e-01,
           7.0348e-01, 7.1333e-01],
          [9.0773e-01, 5.0872e-01, 5.5017e-01,  ..., 8.0413e-01,
           6.8271e-01, 3.7042e-01],
          ...,
          [4.7532e-01, 2.3136e-01, 1.0764e-01,  ..., 6.0430e-01,
           1.6720e-03, 7.6745e-01],
          [5.5391e-01, 1.4449e-01, 5.2876e-01,  ..., 6.8708e-01,
           4.7147e-01, 6.2254e-01],
          [9.2731e-02, 6.0328e-02, 1.5830e-01,  ..., 6.1919e-01,
           4.0033e-01, 5.8875e-01]],

         ...,

         [[3.8616e-01, 9.3614e-01, 7.7580e-01,  ..., 9.8266e-01,
           7.7781e-01, 6.2084e-01],
          [4.9815e-01, 7.4990e-01, 3.7611e-01,  ..., 8.4050e-01,
           8.6746e-02, 3.9172e-01],
          [4.0587e-01, 2.4467e-01, 1.1827e-01,  ..., 3.4345e-01,
           5.5929e-01, 9.1038e-01],
          ...,
          [8.4430e-01, 9.5076e-02, 7.9902e-01,  ..., 9.5687e-01,
           4.4408e-01, 9.6500e-01],
          [6.2151e-01, 5.4002e-02, 9.7052e-02,  ..., 9.7636e-01,
           7.5659e-01, 6.4996e-01],
          [3.9604e-01, 1.5465e-01, 6.5550e-01,  ..., 7.4501e-01,
           5.6384e-02, 9.4690e-01]],

         [[1.8633e-01, 5.4324e-01, 4.4774e-01,  ..., 7.0422e-01,
           6.5293e-01, 7.6991e-01],
          [8.7702e-01, 9.3041e-01, 4.5902e-01,  ..., 2.8555e-02,
           7.4631e-01, 4.9685e-01],
          [1.3001e-01, 1.5632e-01, 5.9709e-01,  ..., 9.5452e-01,
           9.9238e-01, 1.9945e-01],
          ...,
          [5.0757e-01, 9.0087e-01, 2.3780e-01,  ..., 8.9788e-01,
           8.7372e-01, 9.3416e-01],
          [7.4779e-01, 1.7592e-01, 3.5945e-01,  ..., 2.6499e-01,
           6.5210e-01, 9.9049e-01],
          [5.7389e-01, 6.0742e-01, 2.3151e-01,  ..., 4.3302e-01,
           3.2495e-01, 6.5585e-01]],

         [[2.3493e-01, 9.9305e-01, 5.7550e-01,  ..., 6.0439e-01,
           8.7430e-01, 9.1682e-01],
          [7.6842e-01, 7.3741e-01, 2.0936e-01,  ..., 4.8763e-01,
           7.1689e-01, 9.4169e-01],
          [9.9758e-01, 2.7838e-01, 6.6083e-01,  ..., 7.9981e-01,
           4.5808e-01, 6.7031e-01],
          ...,
          [2.2705e-01, 4.2789e-01, 2.4967e-01,  ..., 6.1674e-01,
           7.2509e-01, 1.6376e-01],
          [9.9847e-01, 2.5109e-01, 4.4792e-01,  ..., 5.0553e-01,
           9.3261e-01, 2.4334e-01],
          [8.6409e-01, 1.1178e-01, 2.8125e-01,  ..., 2.4746e-01,
           1.6528e-03, 9.5696e-01]]],


        [[[6.9939e-01, 5.2326e-01, 7.1694e-01,  ..., 3.2521e-01,
           5.0868e-01, 3.2583e-01],
          [4.4379e-03, 7.8894e-01, 3.6933e-01,  ..., 1.0130e-01,
           9.0072e-01, 2.2272e-01],
          [2.2789e-01, 5.4078e-01, 6.2615e-01,  ..., 2.3119e-01,
           1.1600e-01, 2.0941e-01],
          ...,
          [1.7173e-01, 3.4654e-01, 1.6038e-01,  ..., 9.2531e-01,
           5.3812e-01, 4.9390e-01],
          [1.1524e-01, 2.7331e-01, 8.6794e-01,  ..., 6.2604e-01,
           3.8366e-01, 1.1432e-01],
          [7.9115e-01, 1.8116e-01, 9.7340e-01,  ..., 1.0357e-02,
           2.3409e-01, 4.0671e-01]],

         [[5.4052e-01, 3.8315e-01, 2.0002e-01,  ..., 8.3609e-01,
           9.6599e-01, 1.0097e-01],
          [7.6839e-01, 8.6257e-01, 5.4809e-01,  ..., 6.8853e-01,
           1.6969e-01, 2.8889e-01],
          [9.1634e-01, 4.3399e-01, 7.5889e-01,  ..., 3.9360e-01,
           4.9657e-01, 6.4227e-01],
          ...,
          [3.1550e-01, 9.5442e-01, 3.7996e-01,  ..., 1.0929e-01,
           9.1684e-01, 4.4536e-01],
          [2.8218e-01, 7.6005e-01, 4.8061e-01,  ..., 5.0617e-01,
           9.3604e-01, 9.2514e-01],
          [5.5494e-01, 6.6671e-01, 2.3526e-01,  ..., 4.0414e-01,
           3.5954e-01, 8.3299e-01]],

         [[9.1546e-01, 8.9277e-01, 5.0300e-01,  ..., 2.9892e-01,
           1.1114e-01, 3.3094e-02],
          [8.0530e-01, 5.5239e-01, 8.3966e-02,  ..., 6.3476e-01,
           7.9077e-01, 2.2029e-01],
          [3.3314e-01, 9.1319e-01, 6.2983e-02,  ..., 7.5754e-02,
           8.7199e-01, 4.9393e-01],
          ...,
          [9.6851e-01, 3.3686e-01, 7.8187e-01,  ..., 6.9833e-01,
           1.6756e-01, 6.7080e-01],
          [2.0751e-01, 1.7437e-01, 8.7147e-01,  ..., 4.7882e-01,
           3.4129e-01, 9.6458e-01],
          [4.4825e-01, 2.8666e-01, 3.0306e-01,  ..., 9.7462e-01,
           8.9217e-01, 5.7136e-01]],

         ...,

         [[5.3830e-01, 8.6479e-01, 6.1368e-01,  ..., 5.3437e-01,
           8.0173e-01, 8.4989e-01],
          [3.1607e-02, 1.1673e-01, 9.0445e-01,  ..., 6.0143e-01,
           4.2941e-02, 6.7825e-01],
          [8.4488e-02, 1.9403e-01, 1.5708e-01,  ..., 9.3635e-01,
           5.5604e-01, 2.4782e-01],
          ...,
          [3.8867e-01, 5.0670e-01, 6.6185e-01,  ..., 9.7886e-01,
           1.6815e-02, 8.1383e-01],
          [8.2339e-01, 6.3330e-01, 3.6562e-01,  ..., 6.6723e-01,
           5.6692e-01, 2.4942e-01],
          [4.2508e-01, 9.7211e-01, 2.6320e-01,  ..., 4.1290e-01,
           9.8223e-01, 7.0847e-01]],

         [[6.2430e-02, 5.2442e-01, 1.2007e-01,  ..., 6.9812e-01,
           9.7755e-01, 8.7093e-02],
          [4.6892e-01, 9.6022e-03, 2.1579e-01,  ..., 7.7643e-01,
           6.9780e-01, 1.9535e-01],
          [6.9559e-01, 2.6508e-01, 1.2538e-02,  ..., 1.7213e-02,
           6.6153e-01, 5.8479e-01],
          ...,
          [1.3298e-02, 7.3202e-01, 2.4662e-01,  ..., 7.8400e-01,
           8.0038e-02, 1.0143e-01],
          [3.4181e-01, 5.1799e-01, 6.5520e-01,  ..., 6.4110e-01,
           6.4563e-01, 5.8110e-01],
          [1.0379e-01, 7.5539e-02, 5.7120e-01,  ..., 5.5974e-01,
           9.8751e-01, 1.6968e-02]],

         [[1.7675e-01, 9.5137e-01, 1.2844e-01,  ..., 2.5221e-01,
           1.0822e-01, 4.1340e-01],
          [5.1812e-01, 2.7198e-01, 5.8757e-01,  ..., 3.2716e-01,
           7.1205e-01, 3.4811e-01],
          [1.8812e-01, 5.1481e-01, 6.1288e-01,  ..., 9.3302e-01,
           6.3786e-01, 3.2916e-01],
          ...,
          [9.4621e-01, 8.1291e-01, 5.5503e-01,  ..., 6.4845e-01,
           8.4766e-01, 8.7887e-01],
          [7.8058e-01, 4.9180e-01, 1.3869e-01,  ..., 8.5567e-01,
           8.5581e-01, 5.2718e-01],
          [5.7302e-01, 4.2740e-01, 1.6201e-01,  ..., 3.9657e-01,
           9.8019e-01, 4.8576e-02]]]])
