tensor([[[[1.7053e-02, 1.2308e-02, 5.6280e-01,  ..., 6.8392e-01,
           4.6609e-01, 4.0755e-01],
          [7.5649e-01, 3.6121e-01, 7.0268e-01,  ..., 2.6289e-02,
           6.1964e-01, 8.0229e-01],
          [9.3437e-01, 1.1670e-01, 3.0333e-01,  ..., 7.9876e-01,
           9.5616e-01, 1.7626e-02],
          ...,
          [3.4221e-01, 9.4846e-01, 2.5827e-02,  ..., 2.1256e-01,
           3.0376e-01, 7.6459e-01],
          [1.0611e-01, 7.3293e-01, 3.3115e-02,  ..., 8.9844e-01,
           4.1473e-01, 7.3330e-01],
          [7.2438e-02, 2.1981e-01, 3.1432e-01,  ..., 4.5972e-01,
           4.8372e-01, 1.7750e-01]],

         [[2.8456e-01, 5.5537e-01, 5.9301e-01,  ..., 4.5752e-01,
           5.2296e-01, 9.8870e-01],
          [5.4323e-01, 7.1953e-01, 9.2616e-01,  ..., 8.7903e-01,
           5.4583e-02, 1.8953e-01],
          [2.7450e-01, 7.9079e-01, 6.6930e-01,  ..., 9.8397e-01,
           6.3452e-01, 5.9765e-01],
          ...,
          [1.5327e-01, 3.3592e-01, 5.5680e-01,  ..., 4.6087e-01,
           9.0855e-02, 7.0154e-01],
          [2.5726e-01, 5.5706e-01, 8.1562e-01,  ..., 7.3727e-01,
           1.9299e-01, 2.0364e-01],
          [4.5346e-01, 3.6265e-01, 9.8859e-01,  ..., 6.8590e-01,
           3.8511e-01, 8.6438e-01]],

         [[7.1183e-01, 9.2063e-01, 9.2108e-02,  ..., 2.2973e-01,
           6.4409e-01, 4.7536e-02],
          [4.0603e-01, 6.1336e-01, 3.3418e-01,  ..., 8.9499e-01,
           3.5313e-01, 4.9097e-01],
          [6.8813e-01, 1.8127e-01, 6.7999e-02,  ..., 3.8010e-01,
           5.7126e-01, 6.0822e-01],
          ...,
          [2.2550e-01, 9.6875e-01, 7.3888e-01,  ..., 8.5933e-01,
           6.5772e-01, 4.9303e-01],
          [9.3878e-01, 7.9301e-01, 3.8089e-01,  ..., 6.1650e-01,
           1.0308e-01, 4.4865e-01],
          [2.4859e-02, 1.4421e-01, 1.2149e-01,  ..., 1.3288e-01,
           8.9007e-01, 1.0988e-01]],

         ...,

         [[7.0819e-01, 5.2322e-01, 9.2021e-01,  ..., 9.0745e-01,
           2.4699e-01, 4.3769e-01],
          [6.0254e-01, 9.2213e-01, 3.5625e-01,  ..., 4.3011e-01,
           4.0973e-01, 2.4900e-01],
          [1.6897e-01, 9.3532e-01, 3.0683e-01,  ..., 8.7922e-01,
           6.3375e-01, 3.2299e-01],
          ...,
          [8.5560e-01, 1.6219e-01, 6.2380e-01,  ..., 3.1823e-01,
           7.2785e-01, 1.2597e-01],
          [4.9091e-01, 3.8655e-01, 2.5569e-01,  ..., 3.3901e-01,
           2.6082e-01, 4.2073e-01],
          [6.7188e-01, 2.3315e-01, 9.2160e-01,  ..., 9.9865e-01,
           8.4967e-01, 6.9241e-01]],

         [[2.5077e-01, 2.7702e-01, 1.5476e-01,  ..., 3.8923e-01,
           2.0405e-01, 1.7375e-02],
          [7.3555e-01, 5.3916e-01, 3.8458e-01,  ..., 7.2584e-01,
           8.1582e-02, 5.6551e-01],
          [9.4815e-01, 8.7489e-01, 5.2758e-01,  ..., 3.2483e-01,
           1.9768e-01, 1.5747e-01],
          ...,
          [3.0313e-01, 2.9189e-02, 8.3809e-01,  ..., 2.3378e-02,
           7.0697e-01, 3.2741e-01],
          [4.8207e-01, 1.0681e-02, 4.7438e-01,  ..., 3.6197e-01,
           2.4734e-01, 4.8270e-01],
          [2.9401e-01, 5.0822e-01, 7.2093e-01,  ..., 5.2893e-01,
           6.9199e-02, 8.4998e-02]],

         [[8.9256e-01, 4.7354e-01, 9.4989e-01,  ..., 8.3483e-01,
           5.4104e-01, 6.3695e-01],
          [4.7006e-01, 4.9978e-01, 6.0383e-01,  ..., 1.7677e-01,
           5.1228e-01, 7.9471e-01],
          [4.8148e-02, 6.9396e-01, 8.0576e-01,  ..., 2.5248e-01,
           9.3982e-01, 2.6100e-01],
          ...,
          [7.4779e-01, 8.0697e-01, 9.9031e-01,  ..., 3.8556e-01,
           2.0389e-01, 5.7330e-01],
          [2.2418e-01, 9.2236e-01, 8.4959e-01,  ..., 9.0842e-02,
           1.1673e-01, 1.4579e-01],
          [5.6083e-01, 4.0449e-01, 6.4177e-01,  ..., 6.4413e-01,
           3.3561e-01, 7.5642e-01]]],


        [[[6.5238e-01, 3.8092e-03, 4.8964e-01,  ..., 4.6349e-01,
           1.9457e-01, 4.2039e-01],
          [2.7664e-02, 5.2090e-01, 1.1564e-01,  ..., 7.2733e-01,
           3.8092e-01, 8.0718e-01],
          [5.3104e-01, 5.5627e-01, 7.0904e-01,  ..., 4.5592e-01,
           9.5265e-01, 4.5492e-02],
          ...,
          [3.2050e-02, 9.8060e-01, 5.2357e-01,  ..., 9.9243e-01,
           6.2408e-01, 2.6179e-01],
          [4.3126e-03, 6.3526e-01, 2.8335e-01,  ..., 4.0531e-01,
           6.4630e-01, 9.2837e-01],
          [8.9129e-01, 3.5059e-01, 1.3798e-01,  ..., 5.7919e-01,
           3.6449e-01, 8.0843e-01]],

         [[6.5263e-01, 1.9306e-01, 8.5192e-01,  ..., 9.3732e-01,
           9.9815e-01, 9.9320e-01],
          [4.8195e-01, 7.4278e-01, 4.6750e-01,  ..., 3.9459e-01,
           6.4726e-01, 2.6312e-01],
          [6.2736e-01, 9.1233e-01, 6.3237e-02,  ..., 6.9882e-01,
           4.4368e-01, 2.9275e-01],
          ...,
          [1.4828e-01, 8.2679e-02, 8.7625e-01,  ..., 2.1741e-02,
           6.9650e-01, 7.0120e-01],
          [3.5712e-01, 1.0062e-02, 2.7213e-01,  ..., 6.4116e-01,
           7.1595e-01, 8.8142e-01],
          [8.5463e-01, 4.2512e-01, 6.9075e-01,  ..., 6.7527e-01,
           6.1641e-01, 5.5619e-01]],

         [[2.9883e-01, 8.6315e-01, 4.5132e-01,  ..., 9.0640e-01,
           9.2514e-01, 4.1793e-01],
          [9.7680e-01, 6.1959e-01, 5.6567e-01,  ..., 6.3617e-01,
           5.2808e-02, 6.1148e-01],
          [6.5163e-02, 1.0455e-01, 6.5703e-02,  ..., 9.8608e-01,
           7.7446e-01, 2.7642e-01],
          ...,
          [5.6979e-01, 6.9928e-01, 2.6000e-01,  ..., 5.7986e-01,
           3.6921e-01, 9.7715e-01],
          [2.0444e-01, 6.4330e-01, 6.7249e-01,  ..., 6.0186e-01,
           3.0946e-01, 2.7433e-01],
          [7.0810e-01, 7.0643e-01, 2.4214e-01,  ..., 8.5659e-01,
           3.0143e-01, 5.5336e-01]],

         ...,

         [[8.4919e-01, 2.9996e-01, 6.1414e-01,  ..., 5.0458e-02,
           8.3485e-01, 8.6177e-01],
          [2.0456e-01, 1.5351e-01, 6.0003e-01,  ..., 5.2378e-01,
           4.6914e-01, 1.9375e-01],
          [4.9247e-01, 7.2689e-01, 4.9040e-01,  ..., 8.1148e-02,
           2.9204e-01, 3.2544e-01],
          ...,
          [7.5457e-01, 4.5415e-01, 3.8752e-01,  ..., 4.1944e-01,
           5.4115e-01, 9.4777e-01],
          [9.5701e-01, 7.3381e-01, 2.5103e-01,  ..., 5.9789e-01,
           9.1045e-02, 4.6360e-01],
          [8.4210e-01, 2.3907e-02, 2.3091e-01,  ..., 5.1687e-01,
           1.7662e-01, 9.3076e-02]],

         [[9.6070e-02, 1.2079e-01, 2.5945e-01,  ..., 1.0795e-01,
           5.0018e-01, 5.5041e-01],
          [6.1195e-01, 6.3200e-01, 3.4976e-01,  ..., 2.4473e-02,
           4.6232e-02, 5.0999e-02],
          [6.7483e-02, 8.9533e-01, 1.4247e-02,  ..., 3.0967e-01,
           4.7209e-01, 1.0984e-01],
          ...,
          [2.4827e-01, 2.5541e-02, 2.7202e-01,  ..., 1.1026e-01,
           8.4211e-01, 1.0451e-01],
          [5.1476e-01, 9.2555e-01, 6.2182e-01,  ..., 5.5499e-01,
           1.8600e-01, 6.0326e-02],
          [3.1899e-02, 4.4516e-01, 1.4742e-01,  ..., 8.3327e-01,
           1.8568e-01, 9.8660e-01]],

         [[5.5046e-01, 3.1454e-01, 8.6329e-01,  ..., 2.4242e-01,
           3.1531e-01, 1.6207e-01],
          [2.9972e-01, 4.4928e-01, 5.3491e-01,  ..., 3.7766e-01,
           1.9043e-01, 8.6803e-01],
          [1.5926e-01, 5.3024e-01, 9.1226e-01,  ..., 4.6804e-01,
           2.3820e-01, 7.6890e-01],
          ...,
          [7.2745e-02, 2.0283e-01, 3.7007e-01,  ..., 7.2501e-01,
           6.4094e-03, 4.5226e-01],
          [2.4035e-01, 9.3861e-03, 7.5857e-02,  ..., 7.1138e-01,
           1.2289e-01, 5.0488e-01],
          [9.1560e-01, 4.7498e-01, 2.7995e-01,  ..., 1.7863e-01,
           5.5896e-01, 5.0825e-01]]],


        [[[8.8348e-01, 1.7688e-01, 1.2523e-01,  ..., 3.1788e-02,
           6.8787e-01, 5.0771e-01],
          [7.9083e-01, 1.5756e-01, 9.2787e-01,  ..., 4.8958e-01,
           7.8229e-01, 8.2323e-01],
          [5.9386e-01, 8.4754e-01, 7.4752e-01,  ..., 7.4848e-01,
           5.9023e-01, 2.9882e-01],
          ...,
          [9.2778e-03, 1.4136e-01, 4.9877e-01,  ..., 5.1882e-01,
           1.9641e-01, 9.5634e-02],
          [1.5284e-02, 9.6504e-02, 2.5217e-02,  ..., 7.0719e-01,
           2.9479e-01, 4.4333e-02],
          [5.0603e-01, 6.2922e-01, 8.1901e-01,  ..., 9.1047e-02,
           7.5888e-01, 3.2474e-01]],

         [[3.9346e-01, 1.9819e-01, 3.9224e-01,  ..., 4.3623e-01,
           2.4016e-01, 6.9929e-01],
          [3.8354e-01, 6.8484e-01, 6.0179e-01,  ..., 2.8110e-01,
           9.5829e-01, 7.1661e-01],
          [8.7323e-01, 6.8618e-01, 3.0110e-01,  ..., 6.3503e-01,
           2.8649e-01, 3.5187e-01],
          ...,
          [1.1077e-03, 1.5366e-01, 1.2112e-01,  ..., 3.0857e-01,
           4.3675e-01, 3.8643e-01],
          [7.5334e-01, 5.4806e-01, 1.6179e-01,  ..., 3.7646e-01,
           7.5335e-01, 3.6218e-01],
          [7.0330e-01, 9.5198e-01, 4.3146e-01,  ..., 4.2292e-01,
           4.7495e-01, 6.5066e-01]],

         [[6.3173e-01, 3.2549e-01, 4.2972e-02,  ..., 4.2499e-01,
           7.3160e-01, 2.7447e-02],
          [9.3636e-01, 6.9581e-01, 3.3130e-01,  ..., 4.1141e-01,
           2.5394e-01, 8.6534e-01],
          [9.3777e-01, 3.9820e-01, 9.3396e-01,  ..., 4.4790e-01,
           9.8123e-01, 3.4568e-01],
          ...,
          [2.5878e-01, 6.6721e-01, 9.8589e-01,  ..., 3.3644e-01,
           5.3086e-01, 1.3823e-01],
          [9.8677e-01, 9.3584e-01, 9.3318e-01,  ..., 9.5222e-01,
           6.9864e-01, 4.6363e-01],
          [9.4714e-01, 7.3956e-01, 3.2431e-02,  ..., 1.6425e-01,
           9.1910e-01, 7.6203e-01]],

         ...,

         [[8.2320e-01, 5.3347e-01, 7.9806e-02,  ..., 6.0160e-01,
           3.2445e-01, 6.2363e-01],
          [2.8867e-01, 8.6940e-01, 1.1306e-01,  ..., 9.2330e-01,
           4.5213e-01, 9.0398e-01],
          [8.9154e-01, 6.9681e-01, 2.2753e-01,  ..., 9.0891e-01,
           6.0833e-01, 9.9707e-02],
          ...,
          [6.4030e-01, 2.3234e-01, 9.5466e-01,  ..., 9.1479e-01,
           7.9797e-01, 3.6786e-01],
          [6.4268e-01, 7.5514e-01, 7.3038e-01,  ..., 8.2761e-01,
           3.4197e-01, 6.7210e-01],
          [8.0384e-01, 3.6501e-01, 4.7077e-01,  ..., 5.3929e-01,
           6.2774e-01, 5.4063e-01]],

         [[3.2416e-01, 9.4588e-02, 8.7961e-01,  ..., 2.2729e-01,
           4.1105e-01, 3.4186e-01],
          [1.4358e-01, 6.2705e-02, 9.7410e-02,  ..., 1.0531e-01,
           2.5258e-01, 5.4019e-02],
          [9.7258e-01, 6.8583e-01, 4.0348e-02,  ..., 7.5480e-01,
           5.1595e-01, 1.7538e-01],
          ...,
          [6.6164e-01, 6.6731e-02, 7.4731e-01,  ..., 4.9467e-01,
           8.2025e-01, 5.0362e-01],
          [6.6859e-01, 8.8387e-01, 7.5014e-02,  ..., 4.0820e-01,
           2.7321e-02, 8.6845e-01],
          [2.2341e-01, 9.5441e-01, 3.0465e-02,  ..., 2.3043e-01,
           7.2697e-01, 4.6250e-01]],

         [[3.8259e-02, 2.6679e-01, 4.9090e-02,  ..., 3.1629e-01,
           8.8933e-01, 6.8130e-01],
          [7.1308e-01, 7.4095e-01, 9.5943e-01,  ..., 6.9773e-01,
           1.5334e-01, 7.8966e-01],
          [3.7458e-01, 7.2396e-01, 6.6858e-01,  ..., 3.0723e-02,
           1.2717e-01, 8.2102e-01],
          ...,
          [7.7903e-01, 3.8663e-01, 4.3937e-01,  ..., 3.1783e-01,
           4.0399e-02, 7.0386e-01],
          [1.0565e-01, 1.9929e-01, 1.0385e-01,  ..., 4.6420e-01,
           3.7885e-01, 6.9974e-01],
          [9.2628e-01, 5.8970e-01, 9.0722e-01,  ..., 9.9985e-01,
           5.4197e-01, 9.7841e-01]]],


        ...,


        [[[9.8639e-02, 7.8602e-01, 7.1813e-01,  ..., 8.5037e-01,
           7.8792e-03, 9.0363e-01],
          [8.7620e-01, 2.0281e-02, 3.2424e-01,  ..., 8.9857e-01,
           9.2891e-01, 9.4418e-01],
          [6.7038e-02, 9.1564e-01, 6.7815e-01,  ..., 7.1391e-01,
           3.8258e-01, 8.0847e-01],
          ...,
          [9.7055e-01, 3.3909e-01, 8.6802e-01,  ..., 4.5250e-01,
           9.3149e-01, 5.4462e-01],
          [4.1769e-01, 9.0917e-01, 3.5243e-01,  ..., 4.1245e-01,
           6.6698e-01, 7.5549e-01],
          [1.6636e-01, 7.2582e-01, 1.7737e-02,  ..., 2.7646e-01,
           1.6221e-01, 3.4591e-01]],

         [[6.6619e-01, 6.5396e-01, 4.9592e-01,  ..., 9.9978e-01,
           9.6455e-01, 1.4222e-01],
          [1.7419e-01, 1.7276e-01, 6.2456e-01,  ..., 5.0054e-01,
           6.0377e-02, 9.9147e-01],
          [8.5173e-01, 9.2100e-01, 6.4329e-01,  ..., 7.6919e-01,
           5.2880e-02, 3.3818e-01],
          ...,
          [6.3251e-01, 9.5390e-01, 3.6582e-01,  ..., 5.3783e-01,
           4.6210e-01, 1.7349e-01],
          [7.9179e-01, 9.5900e-01, 6.7140e-01,  ..., 7.6807e-01,
           4.0632e-03, 9.9572e-01],
          [2.2936e-01, 8.0699e-01, 8.7732e-01,  ..., 2.8114e-01,
           7.3386e-01, 9.5346e-02]],

         [[1.7281e-01, 1.5694e-01, 6.5482e-01,  ..., 7.4708e-01,
           8.9817e-02, 5.3305e-01],
          [3.7935e-01, 3.4132e-01, 6.2025e-01,  ..., 3.8821e-01,
           6.8364e-01, 4.5588e-01],
          [4.8219e-01, 5.5579e-01, 9.0836e-01,  ..., 6.4300e-01,
           7.7741e-02, 5.3595e-01],
          ...,
          [6.8111e-01, 2.2162e-02, 9.6619e-01,  ..., 3.1944e-01,
           7.5004e-01, 8.2785e-01],
          [3.8839e-01, 8.2806e-01, 6.4270e-01,  ..., 2.2287e-01,
           8.5297e-01, 3.4580e-01],
          [5.7165e-01, 3.9356e-01, 9.3915e-01,  ..., 1.4376e-01,
           3.0691e-01, 3.5036e-01]],

         ...,

         [[3.4881e-01, 8.9027e-01, 3.4723e-01,  ..., 2.3195e-01,
           7.4403e-01, 1.3058e-01],
          [7.8398e-01, 1.8640e-01, 7.0375e-01,  ..., 5.7824e-01,
           8.9470e-01, 8.8000e-01],
          [8.5995e-01, 9.5819e-01, 6.1494e-02,  ..., 1.8581e-01,
           4.0094e-01, 5.3592e-01],
          ...,
          [3.4963e-01, 4.3781e-01, 3.5735e-01,  ..., 4.2698e-01,
           3.8240e-01, 1.8920e-01],
          [2.9197e-01, 8.5519e-01, 8.9761e-01,  ..., 8.1328e-01,
           4.7793e-01, 4.1919e-02],
          [4.3949e-01, 9.0050e-01, 8.4566e-01,  ..., 5.3801e-01,
           2.7169e-01, 6.7696e-01]],

         [[9.7044e-01, 3.9719e-01, 9.5486e-01,  ..., 9.7072e-01,
           6.0831e-01, 6.5823e-01],
          [8.6196e-01, 7.7944e-01, 8.9065e-01,  ..., 8.1697e-01,
           4.3674e-02, 2.5316e-01],
          [4.1544e-01, 6.8705e-02, 9.3052e-01,  ..., 8.3313e-01,
           7.0964e-01, 6.3758e-01],
          ...,
          [9.9003e-01, 5.8870e-01, 5.2236e-01,  ..., 9.1623e-02,
           3.1813e-01, 1.3155e-01],
          [7.7296e-01, 4.1580e-01, 4.5386e-01,  ..., 3.9419e-01,
           2.4627e-01, 7.9033e-01],
          [7.4023e-01, 5.6680e-01, 5.4364e-01,  ..., 9.1016e-01,
           6.4447e-01, 2.1719e-01]],

         [[2.3502e-04, 2.4592e-01, 2.5228e-01,  ..., 9.2278e-01,
           6.9716e-01, 2.5148e-01],
          [4.8535e-01, 2.4312e-01, 4.1875e-01,  ..., 9.5706e-01,
           2.4844e-02, 7.1365e-01],
          [6.8847e-01, 4.9757e-01, 8.6529e-01,  ..., 5.2012e-01,
           7.4237e-01, 8.0290e-01],
          ...,
          [4.1425e-01, 4.1213e-01, 6.2107e-01,  ..., 4.3803e-03,
           5.4357e-01, 9.6069e-01],
          [7.6121e-01, 4.9839e-01, 3.7102e-01,  ..., 2.3058e-01,
           2.9099e-02, 9.2168e-01],
          [3.2593e-01, 3.9098e-01, 4.3323e-01,  ..., 5.3182e-01,
           2.3027e-01, 9.3757e-01]]],


        [[[9.5361e-01, 3.7208e-01, 3.7853e-01,  ..., 2.4647e-02,
           4.4876e-01, 4.7177e-01],
          [5.7072e-01, 3.1451e-01, 2.7632e-01,  ..., 4.5854e-01,
           4.2794e-01, 3.5869e-01],
          [5.9336e-01, 3.9211e-01, 5.7045e-01,  ..., 4.3181e-01,
           5.0647e-02, 6.3021e-01],
          ...,
          [6.1511e-01, 7.3678e-01, 3.0152e-01,  ..., 6.3612e-01,
           7.3170e-01, 8.9966e-02],
          [5.0739e-01, 9.3572e-01, 9.4773e-01,  ..., 3.9322e-01,
           3.0949e-01, 5.0083e-01],
          [1.0834e-01, 7.2498e-02, 6.5617e-01,  ..., 3.9774e-01,
           9.7368e-01, 5.8730e-01]],

         [[1.4241e-01, 9.0111e-01, 5.7057e-01,  ..., 1.8213e-01,
           1.5102e-01, 9.2132e-01],
          [9.7740e-01, 5.9753e-02, 1.6021e-01,  ..., 5.5786e-01,
           3.8392e-01, 5.3805e-01],
          [9.0580e-01, 5.6685e-01, 6.4475e-01,  ..., 9.6252e-01,
           8.6564e-01, 5.8441e-01],
          ...,
          [8.7061e-01, 1.2018e-01, 1.1665e-01,  ..., 8.2154e-01,
           6.5192e-01, 4.6273e-01],
          [4.7966e-02, 7.3201e-01, 8.2760e-02,  ..., 6.1198e-01,
           9.3908e-01, 5.2032e-01],
          [4.3353e-01, 1.5491e-01, 2.7948e-01,  ..., 5.2558e-01,
           5.2582e-01, 4.9047e-01]],

         [[4.7414e-01, 2.1765e-01, 7.3914e-01,  ..., 7.4455e-01,
           8.4085e-01, 9.9173e-01],
          [6.6014e-01, 5.0992e-02, 6.1408e-01,  ..., 8.8671e-01,
           9.8159e-02, 9.1874e-01],
          [6.2433e-01, 8.7109e-01, 8.8922e-02,  ..., 4.1523e-01,
           7.1861e-01, 2.1671e-01],
          ...,
          [4.9248e-01, 8.6524e-01, 3.8001e-01,  ..., 7.6938e-01,
           6.1264e-01, 6.7269e-01],
          [9.9119e-01, 3.3404e-01, 6.6638e-01,  ..., 2.2084e-01,
           8.8986e-01, 5.3658e-02],
          [1.7841e-01, 3.1996e-02, 4.2679e-01,  ..., 5.9426e-01,
           7.0023e-01, 2.7225e-01]],

         ...,

         [[7.6320e-03, 2.9911e-01, 9.1886e-01,  ..., 8.1800e-02,
           1.7983e-02, 5.4971e-01],
          [5.9096e-01, 9.2797e-01, 7.1025e-01,  ..., 9.2016e-01,
           2.4758e-01, 3.0810e-01],
          [1.8396e-01, 5.5199e-02, 8.7974e-01,  ..., 3.9008e-01,
           8.4133e-01, 7.1155e-01],
          ...,
          [2.6078e-01, 6.9178e-01, 3.6935e-01,  ..., 5.3030e-01,
           4.6334e-01, 5.8811e-01],
          [8.4258e-01, 6.4976e-01, 6.0591e-01,  ..., 4.8558e-01,
           8.7200e-01, 3.7737e-01],
          [5.3664e-01, 4.8003e-01, 8.6001e-01,  ..., 2.7464e-01,
           2.0539e-01, 8.4047e-01]],

         [[1.7829e-01, 3.5531e-02, 6.7650e-01,  ..., 2.4886e-01,
           8.7388e-02, 2.1795e-01],
          [8.7577e-02, 9.6496e-01, 6.5611e-01,  ..., 3.4301e-01,
           5.5479e-01, 9.5214e-01],
          [8.5799e-01, 8.0179e-01, 2.1426e-01,  ..., 4.2558e-01,
           3.7318e-01, 9.3953e-01],
          ...,
          [8.9123e-01, 2.6476e-01, 1.0248e-02,  ..., 6.8595e-01,
           2.0308e-02, 9.7336e-01],
          [2.7224e-01, 5.8034e-01, 1.8387e-01,  ..., 5.6048e-01,
           8.3999e-01, 2.0809e-01],
          [8.5698e-01, 4.6778e-01, 1.6601e-01,  ..., 2.6560e-01,
           8.4573e-01, 2.8852e-01]],

         [[8.6148e-01, 6.7253e-01, 4.0713e-01,  ..., 2.6859e-01,
           6.4098e-01, 3.0015e-01],
          [1.0198e-02, 7.3348e-01, 2.8711e-01,  ..., 3.1220e-01,
           8.5191e-01, 3.7749e-01],
          [8.7304e-01, 8.2025e-01, 5.3437e-02,  ..., 1.3787e-01,
           2.7973e-01, 2.2758e-01],
          ...,
          [7.5918e-01, 2.5472e-01, 9.2968e-01,  ..., 7.9946e-01,
           1.9515e-01, 3.0974e-01],
          [5.7675e-01, 6.2561e-01, 1.0514e-01,  ..., 4.6912e-01,
           3.9376e-01, 1.0935e-01],
          [6.0331e-01, 4.1335e-02, 6.3303e-01,  ..., 5.0104e-01,
           5.3520e-01, 5.8167e-01]]],


        [[[2.4215e-01, 5.1200e-01, 6.0322e-01,  ..., 4.3079e-03,
           3.5464e-01, 3.8849e-01],
          [5.4608e-01, 6.4511e-02, 8.2880e-01,  ..., 8.1572e-01,
           9.9729e-01, 2.2938e-01],
          [2.5521e-01, 9.6493e-01, 1.5796e-01,  ..., 1.0751e-01,
           6.7044e-02, 1.7737e-02],
          ...,
          [6.9718e-01, 1.8791e-01, 5.1344e-01,  ..., 9.9556e-01,
           8.8617e-01, 3.5580e-01],
          [6.5000e-01, 7.7516e-01, 1.8411e-01,  ..., 9.5511e-01,
           5.6313e-02, 7.2188e-01],
          [1.6729e-01, 7.9849e-01, 6.8155e-01,  ..., 9.2327e-01,
           7.0847e-01, 9.0201e-01]],

         [[4.4078e-01, 9.5035e-01, 1.6386e-01,  ..., 6.7913e-01,
           2.2408e-01, 9.1809e-01],
          [9.2268e-01, 2.6275e-01, 6.9914e-01,  ..., 2.7034e-01,
           7.1305e-01, 8.7376e-01],
          [3.1896e-01, 2.1569e-01, 4.8569e-01,  ..., 2.3581e-01,
           7.2245e-01, 5.4503e-02],
          ...,
          [4.5176e-01, 1.0285e-01, 9.4923e-01,  ..., 8.5951e-01,
           8.1260e-02, 7.9910e-01],
          [7.1160e-01, 6.2867e-01, 2.1665e-01,  ..., 5.8547e-01,
           6.0152e-02, 3.0103e-01],
          [4.3505e-01, 2.4838e-02, 6.0736e-01,  ..., 4.5562e-02,
           3.8748e-01, 3.0207e-01]],

         [[7.2823e-01, 7.4686e-01, 3.9526e-01,  ..., 8.7730e-01,
           3.6690e-01, 9.4000e-01],
          [5.5361e-01, 3.4877e-01, 3.4026e-02,  ..., 1.1460e-01,
           8.7582e-01, 9.9447e-01],
          [6.4024e-01, 5.4736e-01, 9.4264e-01,  ..., 8.9178e-01,
           9.4070e-01, 1.2967e-01],
          ...,
          [7.2664e-01, 6.4453e-01, 6.5681e-01,  ..., 3.6238e-01,
           5.0353e-01, 7.5643e-01],
          [1.7843e-01, 8.3867e-01, 6.8222e-01,  ..., 2.0523e-01,
           4.7369e-01, 5.5405e-01],
          [4.3803e-01, 2.7975e-01, 9.1894e-01,  ..., 3.4807e-01,
           8.6854e-01, 7.7776e-01]],

         ...,

         [[7.3340e-01, 1.1440e-01, 2.3185e-01,  ..., 7.4666e-02,
           1.3150e-01, 8.4264e-01],
          [3.4198e-01, 5.8972e-01, 2.6865e-01,  ..., 1.1994e-01,
           2.4780e-01, 7.4163e-01],
          [3.7445e-01, 3.0941e-02, 4.4491e-01,  ..., 1.4797e-01,
           9.7452e-01, 4.5871e-01],
          ...,
          [4.6570e-01, 9.0376e-01, 5.2591e-01,  ..., 3.8453e-02,
           9.2542e-01, 8.5962e-01],
          [5.6607e-01, 8.6858e-01, 7.4027e-01,  ..., 4.1716e-01,
           9.5765e-01, 2.9271e-01],
          [2.7862e-01, 6.7564e-01, 1.5276e-01,  ..., 7.7201e-02,
           7.0439e-01, 6.8453e-01]],

         [[6.2487e-01, 5.9104e-01, 1.9303e-01,  ..., 4.4275e-01,
           5.2966e-01, 5.5747e-01],
          [8.6630e-01, 8.9603e-01, 9.1303e-02,  ..., 9.4135e-01,
           6.7106e-01, 1.6376e-01],
          [6.5156e-01, 1.5310e-01, 3.6574e-01,  ..., 8.7898e-01,
           6.3988e-01, 3.3102e-02],
          ...,
          [9.6186e-01, 5.6566e-01, 9.5295e-01,  ..., 2.9772e-01,
           9.7865e-01, 8.2366e-01],
          [6.4117e-01, 5.0790e-01, 6.9025e-01,  ..., 1.9144e-01,
           3.9564e-01, 5.0628e-01],
          [9.9270e-01, 1.0539e-02, 7.7791e-01,  ..., 4.6551e-01,
           5.9235e-01, 1.5250e-01]],

         [[7.4365e-01, 7.1143e-01, 5.6074e-01,  ..., 2.1153e-01,
           3.0969e-01, 4.4967e-01],
          [3.4102e-01, 6.6623e-01, 4.6702e-01,  ..., 4.5708e-01,
           1.0273e-01, 9.6221e-02],
          [7.0747e-01, 4.7402e-01, 1.1692e-01,  ..., 3.5406e-01,
           3.5976e-01, 6.8089e-01],
          ...,
          [4.9166e-01, 9.7419e-01, 4.1188e-01,  ..., 7.8295e-01,
           6.9035e-01, 5.0382e-02],
          [9.2317e-01, 2.9902e-01, 7.3415e-01,  ..., 8.4027e-01,
           5.9262e-01, 4.4221e-01],
          [2.1344e-02, 6.0882e-01, 3.6316e-01,  ..., 5.3882e-01,
           4.5490e-01, 1.0959e-01]]]])
