tensor([[[[4.4277e-01, 3.4841e-01, 8.2950e-01,  ..., 8.1176e-01,
           6.5918e-01, 6.2546e-01],
          [7.7130e-02, 7.5037e-01, 5.5668e-01,  ..., 7.2527e-01,
           6.4643e-01, 3.7577e-01],
          [5.7358e-01, 2.0619e-01, 6.3313e-01,  ..., 3.1387e-01,
           1.8766e-01, 2.4596e-01],
          ...,
          [9.8400e-01, 1.9214e-01, 8.4984e-01,  ..., 1.2236e-01,
           2.6963e-01, 6.0499e-01],
          [5.5883e-01, 8.5527e-01, 5.1590e-01,  ..., 9.3575e-01,
           8.9421e-02, 8.2117e-01],
          [8.9754e-01, 2.1554e-01, 1.6818e-01,  ..., 1.7885e-01,
           4.8613e-03, 6.8501e-01]],

         [[4.6451e-01, 1.3676e-01, 1.8623e-01,  ..., 9.2742e-01,
           8.2782e-01, 1.5559e-01],
          [5.1750e-01, 7.3165e-01, 2.6023e-01,  ..., 3.3143e-03,
           3.0133e-01, 7.2328e-01],
          [9.1713e-01, 5.1596e-01, 7.7707e-01,  ..., 4.8347e-01,
           7.1858e-01, 9.5818e-01],
          ...,
          [2.7524e-01, 3.8316e-01, 9.1138e-01,  ..., 8.1532e-03,
           7.4427e-01, 6.3262e-01],
          [5.3136e-01, 4.4050e-01, 4.2926e-01,  ..., 2.9925e-01,
           9.6331e-01, 5.9410e-01],
          [8.9844e-01, 8.9992e-01, 4.5015e-01,  ..., 8.3648e-01,
           7.8908e-01, 8.5735e-01]],

         [[8.3564e-03, 9.5695e-01, 6.7477e-02,  ..., 7.8711e-02,
           7.4468e-02, 4.6877e-01],
          [1.6289e-01, 7.5574e-01, 5.0418e-01,  ..., 8.7206e-01,
           3.0978e-01, 8.4154e-01],
          [1.5546e-01, 9.7226e-03, 2.7633e-01,  ..., 1.3334e-01,
           5.9822e-01, 8.9649e-01],
          ...,
          [2.2013e-01, 3.2229e-01, 3.1852e-01,  ..., 4.8351e-01,
           6.2365e-01, 5.3150e-01],
          [7.5658e-01, 9.8312e-01, 7.2176e-01,  ..., 2.4718e-01,
           1.6706e-01, 8.7524e-01],
          [6.1054e-01, 5.3284e-01, 5.8196e-01,  ..., 3.8587e-01,
           6.4535e-01, 7.3901e-01]],

         ...,

         [[5.9347e-01, 7.7796e-01, 1.1882e-01,  ..., 2.9403e-01,
           1.7815e-01, 3.6506e-02],
          [2.7234e-01, 9.0669e-01, 8.5082e-01,  ..., 3.4217e-01,
           8.8357e-01, 9.0680e-01],
          [1.9540e-01, 2.6251e-02, 2.3800e-01,  ..., 6.1115e-01,
           6.4971e-01, 4.3265e-01],
          ...,
          [5.4140e-01, 4.2323e-02, 4.9547e-01,  ..., 3.5821e-01,
           5.6493e-01, 2.8112e-01],
          [2.0223e-01, 6.5988e-01, 1.1044e-01,  ..., 8.9784e-01,
           2.7560e-02, 8.2758e-01],
          [4.8887e-01, 8.7580e-01, 6.7320e-01,  ..., 5.6084e-01,
           6.4571e-02, 5.3747e-01]],

         [[3.4549e-01, 5.1175e-01, 9.1271e-01,  ..., 7.4742e-02,
           7.5118e-01, 4.4865e-02],
          [3.2209e-01, 8.3968e-01, 9.7557e-01,  ..., 4.3573e-02,
           5.2625e-01, 3.6666e-01],
          [5.5599e-01, 1.4625e-01, 9.1329e-01,  ..., 5.4104e-01,
           5.3226e-01, 8.4004e-02],
          ...,
          [6.8863e-02, 6.4825e-01, 9.1273e-01,  ..., 4.0748e-01,
           4.1229e-01, 9.0576e-01],
          [2.2829e-01, 2.4221e-01, 5.5431e-01,  ..., 2.3416e-01,
           3.5142e-01, 4.1545e-01],
          [3.2462e-01, 1.5678e-01, 2.8108e-01,  ..., 1.6671e-01,
           9.0479e-01, 6.2701e-02]],

         [[3.6106e-02, 6.3510e-01, 6.2935e-01,  ..., 5.0525e-01,
           8.6161e-01, 1.5434e-01],
          [1.6717e-01, 4.0121e-01, 6.6342e-01,  ..., 5.6306e-01,
           2.8088e-01, 8.4098e-01],
          [2.9936e-01, 9.0171e-01, 1.7159e-02,  ..., 1.8613e-01,
           8.3667e-02, 5.6078e-01],
          ...,
          [4.3511e-01, 1.1956e-01, 8.0654e-01,  ..., 7.4198e-01,
           6.9328e-01, 2.6837e-01],
          [3.0052e-01, 6.0092e-01, 6.2665e-01,  ..., 1.6411e-01,
           7.8928e-01, 9.5489e-01],
          [5.5108e-01, 7.5422e-01, 4.9373e-01,  ..., 4.7328e-01,
           4.7963e-01, 1.3851e-01]]],


        [[[4.8912e-01, 5.1259e-01, 1.2551e-01,  ..., 6.8955e-01,
           8.0920e-01, 7.9531e-01],
          [1.0530e-01, 7.4628e-01, 7.8044e-01,  ..., 1.0193e-01,
           9.6161e-01, 6.0793e-01],
          [1.3309e-01, 6.4367e-01, 8.7591e-01,  ..., 3.9239e-01,
           7.1975e-01, 4.6948e-01],
          ...,
          [8.9822e-01, 1.5909e-01, 1.9127e-01,  ..., 8.1234e-01,
           9.7267e-01, 1.3105e-01],
          [5.3398e-02, 9.5142e-01, 7.1524e-02,  ..., 6.3080e-01,
           2.9969e-01, 8.4727e-01],
          [5.9369e-02, 5.6167e-01, 4.6784e-01,  ..., 4.6558e-02,
           1.4856e-01, 6.6221e-01]],

         [[9.7315e-01, 8.7577e-01, 3.8018e-02,  ..., 2.0897e-01,
           1.4870e-01, 8.1857e-01],
          [7.8136e-01, 7.6153e-01, 3.5807e-03,  ..., 4.5184e-01,
           2.5268e-01, 7.6788e-01],
          [3.1151e-01, 1.7774e-01, 2.9674e-02,  ..., 1.6213e-01,
           9.8835e-01, 2.5184e-01],
          ...,
          [4.1687e-01, 4.0784e-01, 9.7105e-01,  ..., 8.4561e-01,
           6.0607e-01, 6.4466e-01],
          [8.9791e-01, 8.7373e-01, 7.8637e-01,  ..., 7.2872e-01,
           7.4795e-01, 5.9814e-03],
          [4.3109e-01, 4.4572e-01, 1.6390e-01,  ..., 6.0164e-01,
           4.5407e-02, 3.5973e-01]],

         [[6.3733e-01, 8.3590e-03, 1.0655e-01,  ..., 6.0968e-01,
           2.8638e-02, 8.2048e-01],
          [7.9834e-01, 5.1825e-01, 5.6091e-01,  ..., 4.0274e-01,
           3.3524e-01, 7.3086e-01],
          [8.2018e-01, 7.7909e-01, 7.4133e-01,  ..., 1.8316e-01,
           1.8184e-01, 2.5052e-01],
          ...,
          [8.3065e-01, 2.9200e-01, 1.7742e-01,  ..., 1.4539e-01,
           6.6459e-01, 7.6102e-01],
          [3.7920e-01, 7.4819e-01, 9.9365e-01,  ..., 6.9849e-01,
           1.9822e-01, 2.9151e-02],
          [4.8246e-01, 4.6109e-01, 2.0216e-01,  ..., 3.0429e-01,
           5.3074e-01, 8.5912e-01]],

         ...,

         [[5.5841e-01, 2.2788e-02, 1.8307e-01,  ..., 4.2460e-01,
           8.0709e-01, 3.8093e-01],
          [4.7026e-01, 8.6748e-01, 3.2910e-01,  ..., 4.3791e-01,
           8.3411e-01, 8.9740e-01],
          [9.9093e-01, 9.4845e-01, 2.5157e-01,  ..., 3.0775e-01,
           6.8984e-01, 9.5113e-01],
          ...,
          [6.4950e-01, 8.9119e-01, 6.8703e-02,  ..., 8.3526e-01,
           9.4609e-01, 1.7977e-01],
          [3.6021e-01, 8.9282e-01, 6.4722e-01,  ..., 4.7832e-01,
           8.0789e-01, 5.1341e-01],
          [1.9007e-01, 5.4655e-01, 2.8949e-01,  ..., 4.1893e-01,
           3.9777e-01, 1.9226e-01]],

         [[4.4628e-01, 1.0593e-01, 1.4141e-01,  ..., 2.2011e-01,
           9.9235e-01, 3.3415e-01],
          [4.6903e-01, 1.6721e-01, 3.0819e-01,  ..., 4.0670e-01,
           1.5880e-01, 2.1422e-01],
          [9.0082e-01, 4.1211e-01, 3.2987e-01,  ..., 2.5813e-02,
           1.8919e-01, 5.3133e-01],
          ...,
          [3.5935e-01, 5.9361e-01, 1.3752e-01,  ..., 2.4586e-01,
           6.5039e-01, 3.8618e-01],
          [1.0546e-01, 2.5773e-01, 3.5725e-01,  ..., 4.9889e-01,
           7.2451e-01, 3.2746e-02],
          [3.7241e-01, 2.6352e-01, 1.2283e-01,  ..., 5.6931e-01,
           8.7778e-01, 7.4587e-01]],

         [[6.8198e-01, 2.8087e-01, 7.9684e-01,  ..., 7.0135e-01,
           8.7296e-01, 5.9150e-01],
          [6.0818e-01, 2.9924e-01, 7.3162e-02,  ..., 5.2716e-01,
           5.7096e-02, 1.8521e-01],
          [3.5695e-01, 1.9312e-01, 7.3988e-01,  ..., 4.5107e-01,
           1.6402e-01, 9.6184e-01],
          ...,
          [7.9618e-01, 5.7403e-02, 9.9099e-01,  ..., 1.2150e-01,
           5.6517e-01, 5.2340e-01],
          [8.5972e-02, 4.6592e-01, 8.3258e-01,  ..., 1.0591e-01,
           1.6595e-01, 3.4692e-01],
          [3.5801e-01, 9.3466e-01, 8.0890e-01,  ..., 3.2732e-01,
           8.3829e-01, 8.4465e-01]]],


        [[[1.4738e-01, 7.3017e-01, 6.5906e-01,  ..., 4.7434e-01,
           1.3854e-01, 8.9431e-01],
          [4.1627e-01, 2.0615e-01, 2.6203e-01,  ..., 4.1184e-01,
           8.7046e-01, 7.9381e-01],
          [9.3904e-01, 8.3111e-01, 8.9641e-01,  ..., 4.2912e-01,
           1.6790e-01, 6.1539e-01],
          ...,
          [5.8332e-01, 7.2686e-02, 1.9498e-01,  ..., 1.1827e-01,
           3.3390e-01, 3.8955e-01],
          [6.2718e-01, 4.3698e-01, 6.5214e-01,  ..., 7.6927e-01,
           2.0824e-01, 8.5317e-02],
          [6.0510e-01, 2.1670e-02, 2.7429e-01,  ..., 1.4941e-01,
           1.3471e-02, 1.7860e-01]],

         [[6.7297e-02, 4.4200e-01, 7.2903e-01,  ..., 9.5738e-02,
           2.8476e-01, 1.8878e-02],
          [3.1826e-01, 8.1744e-03, 7.1224e-01,  ..., 7.9095e-03,
           1.8240e-01, 8.7405e-01],
          [6.3736e-01, 3.8399e-01, 3.8208e-01,  ..., 9.8505e-01,
           4.2971e-01, 8.6672e-01],
          ...,
          [9.5606e-01, 7.3805e-01, 2.1952e-01,  ..., 5.5683e-02,
           3.4425e-01, 2.4054e-01],
          [9.4261e-01, 1.6605e-01, 6.8089e-02,  ..., 1.4778e-01,
           1.6821e-01, 8.9663e-01],
          [6.5182e-01, 1.0859e-01, 5.8414e-01,  ..., 1.6256e-01,
           7.3376e-01, 4.8088e-01]],

         [[2.8753e-01, 7.3904e-02, 2.7426e-01,  ..., 3.4442e-01,
           2.2925e-01, 4.6395e-01],
          [3.1557e-01, 9.0805e-01, 1.8222e-01,  ..., 5.5175e-01,
           3.0144e-01, 6.8111e-01],
          [9.2806e-02, 1.2802e-02, 1.8480e-01,  ..., 6.7487e-01,
           7.8300e-01, 1.1199e-01],
          ...,
          [7.6687e-01, 8.7676e-01, 5.1681e-01,  ..., 4.5734e-01,
           9.0585e-01, 1.2583e-01],
          [2.0494e-01, 8.6266e-01, 9.0021e-01,  ..., 5.1298e-01,
           7.2636e-01, 4.0082e-01],
          [5.3662e-01, 4.7985e-01, 8.7342e-01,  ..., 5.7029e-01,
           9.9897e-01, 3.0523e-01]],

         ...,

         [[5.6609e-01, 2.7359e-01, 6.1279e-01,  ..., 4.9397e-01,
           8.4214e-02, 7.7116e-01],
          [2.5397e-01, 1.8424e-01, 3.9559e-01,  ..., 9.0160e-01,
           2.1023e-01, 9.9278e-01],
          [2.3918e-01, 7.5752e-01, 6.9340e-01,  ..., 8.9920e-01,
           6.5604e-01, 5.8621e-03],
          ...,
          [8.2490e-01, 5.5107e-01, 3.3550e-01,  ..., 5.4726e-01,
           3.3927e-01, 7.1509e-01],
          [4.4763e-01, 2.4273e-01, 1.4895e-01,  ..., 4.0057e-01,
           3.3184e-01, 8.1776e-01],
          [3.9861e-01, 9.0792e-01, 4.6910e-01,  ..., 8.2795e-01,
           4.0902e-01, 6.9834e-01]],

         [[9.0434e-01, 4.2007e-01, 4.9414e-01,  ..., 7.8099e-01,
           8.1655e-01, 6.9571e-01],
          [5.0812e-01, 3.0675e-01, 6.7209e-01,  ..., 1.0229e-02,
           8.6622e-01, 6.3594e-01],
          [2.1517e-01, 2.3143e-01, 4.2837e-01,  ..., 9.2161e-01,
           5.9294e-01, 6.0174e-01],
          ...,
          [3.7021e-01, 1.1858e-01, 9.9598e-01,  ..., 2.2495e-01,
           4.8579e-01, 1.2873e-01],
          [9.6728e-01, 2.9402e-01, 1.2617e-01,  ..., 7.4024e-01,
           5.7763e-01, 4.9490e-01],
          [1.5164e-01, 3.0471e-02, 9.1419e-02,  ..., 9.5260e-01,
           9.7018e-01, 2.0349e-01]],

         [[2.1525e-01, 1.5730e-01, 2.7406e-01,  ..., 9.6754e-01,
           8.1603e-01, 4.5150e-01],
          [2.6022e-02, 6.2881e-01, 6.5879e-01,  ..., 6.9253e-01,
           4.4258e-01, 5.5379e-01],
          [6.3151e-01, 6.8375e-01, 9.6034e-02,  ..., 8.5433e-01,
           6.1697e-01, 4.8356e-01],
          ...,
          [4.2205e-01, 7.8147e-01, 2.9082e-01,  ..., 6.5843e-01,
           1.9365e-02, 5.0254e-01],
          [5.1092e-01, 4.5682e-01, 7.8808e-01,  ..., 3.0045e-01,
           1.3958e-01, 1.8900e-01],
          [2.3289e-01, 3.9661e-01, 1.0327e-01,  ..., 7.8467e-01,
           1.2065e-01, 6.2888e-01]]],


        ...,


        [[[4.5600e-01, 6.8335e-01, 9.4104e-01,  ..., 9.4317e-01,
           8.8326e-01, 9.2217e-01],
          [8.7916e-01, 1.7895e-01, 1.4243e-01,  ..., 5.3381e-01,
           1.0971e-01, 8.7424e-01],
          [2.7941e-01, 9.4069e-01, 7.6289e-01,  ..., 7.0920e-01,
           4.1665e-01, 7.0098e-01],
          ...,
          [6.6822e-02, 4.2753e-01, 5.2888e-01,  ..., 9.4877e-01,
           3.8029e-01, 8.8416e-01],
          [1.1018e-01, 4.5738e-01, 5.8723e-01,  ..., 5.0892e-01,
           1.4743e-01, 2.1042e-01],
          [1.5817e-01, 1.0068e-01, 9.7558e-01,  ..., 6.5234e-01,
           9.8185e-01, 1.7777e-01]],

         [[6.6222e-01, 6.1437e-01, 2.2516e-01,  ..., 2.0415e-01,
           5.6694e-01, 7.8196e-01],
          [6.2916e-01, 2.5055e-01, 4.1042e-01,  ..., 4.0085e-01,
           6.3430e-01, 3.6502e-01],
          [3.8717e-01, 8.9469e-01, 4.7498e-01,  ..., 2.5464e-01,
           8.9314e-01, 4.1488e-01],
          ...,
          [5.5221e-01, 6.0806e-01, 9.2242e-01,  ..., 1.0816e-01,
           6.7904e-01, 2.7801e-02],
          [5.0310e-01, 6.6346e-01, 6.0192e-01,  ..., 1.2683e-01,
           6.2894e-01, 5.8561e-01],
          [9.6527e-01, 1.3523e-01, 7.5042e-02,  ..., 8.6590e-02,
           4.0163e-01, 4.7269e-01]],

         [[6.6880e-01, 8.2192e-01, 8.0477e-01,  ..., 6.0128e-01,
           4.0014e-01, 5.0249e-01],
          [3.0645e-01, 5.2812e-01, 4.1944e-01,  ..., 4.1221e-01,
           8.6840e-02, 9.6240e-01],
          [2.9300e-01, 9.2106e-01, 5.1983e-01,  ..., 1.9826e-01,
           4.8850e-01, 8.7977e-01],
          ...,
          [5.2493e-01, 7.0001e-01, 2.8706e-01,  ..., 1.7295e-01,
           1.5700e-01, 4.1090e-01],
          [7.5640e-01, 7.0331e-01, 2.5506e-01,  ..., 3.2583e-01,
           6.6495e-01, 4.5690e-01],
          [2.5950e-01, 6.7136e-01, 9.1138e-01,  ..., 6.3336e-02,
           1.2221e-01, 8.3868e-01]],

         ...,

         [[5.3508e-01, 5.3532e-01, 5.8522e-01,  ..., 8.3913e-02,
           3.6442e-01, 7.7796e-01],
          [6.3501e-01, 7.0129e-02, 5.0052e-01,  ..., 7.8411e-01,
           4.0227e-01, 6.3250e-01],
          [2.8860e-01, 1.4653e-02, 3.1186e-01,  ..., 3.8819e-02,
           6.4829e-01, 6.1456e-01],
          ...,
          [3.1895e-02, 3.1675e-02, 1.5684e-01,  ..., 8.8000e-02,
           9.7381e-02, 3.3306e-01],
          [8.0997e-01, 1.9437e-01, 8.1888e-01,  ..., 9.4121e-01,
           2.7194e-02, 7.2753e-01],
          [1.1874e-01, 8.3744e-01, 3.5652e-01,  ..., 9.2679e-01,
           4.8670e-01, 5.3547e-01]],

         [[9.5599e-01, 1.9413e-01, 3.5007e-01,  ..., 9.9219e-01,
           1.3835e-01, 9.1799e-02],
          [7.2092e-01, 7.4733e-01, 2.4048e-01,  ..., 2.4676e-01,
           3.5071e-01, 4.7023e-03],
          [2.8305e-01, 8.1381e-01, 3.4440e-01,  ..., 2.7413e-01,
           7.1542e-01, 7.8779e-01],
          ...,
          [6.1698e-01, 4.2152e-02, 7.0949e-01,  ..., 3.9065e-01,
           1.5489e-02, 8.5967e-01],
          [7.4658e-01, 3.4235e-01, 8.2669e-01,  ..., 9.3449e-01,
           1.0901e-01, 1.8733e-01],
          [8.4958e-02, 3.6807e-01, 6.4143e-01,  ..., 6.3832e-01,
           9.0797e-01, 1.7847e-01]],

         [[4.9983e-01, 7.9897e-01, 1.6955e-01,  ..., 3.2556e-01,
           9.2202e-01, 3.9384e-03],
          [8.7066e-01, 7.8293e-02, 7.1646e-02,  ..., 5.1755e-01,
           5.1352e-01, 3.2964e-01],
          [8.4236e-01, 5.2913e-01, 9.2838e-01,  ..., 7.8464e-01,
           1.0599e-01, 1.9957e-01],
          ...,
          [9.6714e-01, 1.6626e-02, 9.5284e-01,  ..., 3.5060e-01,
           9.7634e-02, 9.6540e-01],
          [8.9777e-01, 2.1633e-01, 3.3086e-01,  ..., 3.2707e-01,
           7.3016e-02, 9.9103e-01],
          [2.6375e-01, 9.5167e-01, 1.0847e-01,  ..., 1.8655e-02,
           1.9306e-01, 4.2707e-01]]],


        [[[9.8150e-01, 7.4223e-01, 2.3551e-01,  ..., 4.6584e-01,
           6.1475e-01, 5.0780e-01],
          [6.7955e-01, 7.6099e-01, 8.7972e-01,  ..., 6.0493e-01,
           3.5386e-01, 3.2939e-01],
          [1.8530e-02, 1.2875e-01, 9.4224e-01,  ..., 1.0486e-01,
           5.3554e-01, 7.8728e-01],
          ...,
          [6.1815e-01, 4.1767e-03, 9.3310e-01,  ..., 2.6864e-01,
           7.6209e-01, 9.4629e-01],
          [5.9020e-01, 9.1870e-01, 4.1092e-02,  ..., 7.4347e-01,
           4.5392e-01, 9.5311e-01],
          [5.3282e-01, 4.3099e-01, 6.1592e-01,  ..., 6.0944e-01,
           8.4281e-01, 5.1779e-01]],

         [[7.5214e-01, 8.4318e-01, 8.2381e-01,  ..., 1.7390e-01,
           7.7267e-01, 7.8256e-01],
          [3.3108e-01, 2.2920e-01, 9.0372e-01,  ..., 7.4415e-01,
           3.7606e-02, 7.5975e-01],
          [9.0349e-01, 1.5719e-01, 8.4761e-01,  ..., 4.2817e-01,
           3.5672e-01, 2.0956e-01],
          ...,
          [7.8134e-01, 9.7762e-01, 5.7241e-01,  ..., 2.0833e-01,
           7.9131e-01, 3.0169e-02],
          [6.2077e-01, 5.5437e-01, 7.9762e-01,  ..., 6.0187e-01,
           5.0679e-02, 7.5648e-01],
          [7.3619e-01, 8.5652e-01, 7.3668e-01,  ..., 7.7128e-02,
           2.4105e-01, 9.2438e-01]],

         [[4.2663e-01, 5.7056e-01, 1.6756e-02,  ..., 9.7802e-01,
           7.1683e-01, 1.3826e-01],
          [4.0088e-01, 7.7703e-01, 9.7236e-01,  ..., 4.1388e-01,
           2.2677e-01, 9.6822e-01],
          [5.3746e-02, 7.6256e-02, 2.7676e-01,  ..., 1.9719e-01,
           9.3080e-01, 9.0078e-01],
          ...,
          [2.8467e-01, 7.9225e-01, 3.2821e-01,  ..., 3.3896e-01,
           2.6787e-01, 3.0911e-01],
          [4.1116e-01, 4.2307e-02, 7.0493e-02,  ..., 2.1185e-01,
           5.7423e-01, 3.2008e-01],
          [6.3348e-01, 3.9757e-01, 5.4486e-01,  ..., 7.3465e-01,
           8.8635e-01, 7.2442e-02]],

         ...,

         [[7.2622e-01, 7.5888e-01, 3.4828e-01,  ..., 1.3029e-01,
           3.0321e-01, 2.9513e-01],
          [9.4956e-01, 7.5613e-01, 3.3560e-01,  ..., 5.2235e-01,
           1.0028e-01, 1.5044e-04],
          [1.0700e-01, 8.9777e-01, 2.0076e-01,  ..., 6.9192e-01,
           6.6545e-01, 1.5768e-01],
          ...,
          [2.0550e-01, 6.5247e-01, 9.4543e-02,  ..., 4.8142e-01,
           3.5201e-01, 2.3488e-01],
          [8.4079e-01, 2.6958e-01, 5.2212e-01,  ..., 9.4744e-01,
           3.0474e-01, 1.8613e-01],
          [8.6787e-01, 6.4290e-02, 7.3862e-02,  ..., 8.3238e-01,
           4.6847e-01, 2.4775e-01]],

         [[1.0181e-01, 3.7538e-01, 5.6463e-01,  ..., 1.7718e-01,
           7.3280e-01, 1.1134e-01],
          [1.4663e-01, 9.3185e-01, 1.0235e-01,  ..., 8.0326e-01,
           8.0870e-01, 5.6885e-01],
          [6.0701e-01, 9.9225e-01, 3.0201e-01,  ..., 5.6350e-01,
           4.8217e-01, 4.0507e-01],
          ...,
          [5.2243e-01, 1.7898e-01, 9.6050e-01,  ..., 5.7702e-01,
           4.9351e-01, 4.8058e-01],
          [8.2498e-01, 1.0971e-01, 8.3107e-01,  ..., 3.8641e-01,
           8.2390e-01, 5.6669e-02],
          [7.4845e-01, 4.8840e-01, 7.4640e-01,  ..., 9.2249e-02,
           6.4258e-01, 1.2957e-01]],

         [[7.5076e-01, 1.2202e-01, 3.1322e-02,  ..., 8.0161e-01,
           8.1982e-02, 8.8487e-01],
          [8.8910e-01, 4.8583e-01, 4.9037e-01,  ..., 1.0174e-01,
           3.3514e-01, 3.0389e-01],
          [8.6304e-01, 6.7846e-01, 4.0090e-01,  ..., 2.3326e-01,
           9.2156e-01, 9.5374e-01],
          ...,
          [1.8881e-02, 5.2493e-02, 4.1485e-01,  ..., 7.0122e-01,
           1.0467e-01, 8.6116e-01],
          [5.1149e-01, 8.9108e-01, 4.1877e-01,  ..., 1.5195e-01,
           5.8216e-01, 3.3569e-01],
          [8.0877e-01, 2.6106e-01, 8.6357e-01,  ..., 6.7195e-01,
           9.7223e-01, 4.1534e-01]]],


        [[[9.9214e-01, 7.4212e-01, 7.7547e-01,  ..., 7.4149e-02,
           1.1748e-01, 1.9480e-01],
          [4.0481e-01, 7.0821e-01, 6.4432e-01,  ..., 8.8799e-01,
           7.9172e-01, 9.4264e-01],
          [8.4334e-01, 8.9067e-01, 4.6558e-01,  ..., 3.0611e-01,
           1.0572e-01, 9.3588e-01],
          ...,
          [9.6876e-01, 4.4297e-01, 2.3839e-01,  ..., 9.4579e-01,
           9.4146e-01, 7.4388e-01],
          [3.1718e-01, 9.5212e-01, 8.7038e-01,  ..., 1.1115e-01,
           9.3132e-02, 9.5238e-01],
          [1.7147e-01, 5.5038e-01, 4.2071e-01,  ..., 8.6013e-01,
           6.3022e-01, 8.3804e-01]],

         [[5.1503e-01, 4.7790e-01, 2.4532e-01,  ..., 1.0013e-01,
           8.7575e-01, 1.8421e-01],
          [9.1704e-01, 8.8464e-01, 2.7185e-01,  ..., 8.0518e-01,
           3.1619e-01, 5.0489e-01],
          [2.2589e-01, 9.6918e-01, 2.2896e-01,  ..., 7.8215e-01,
           8.0729e-01, 7.9050e-01],
          ...,
          [3.8614e-01, 8.8299e-01, 6.6844e-01,  ..., 4.8977e-01,
           1.3914e-01, 2.2752e-01],
          [8.0667e-01, 6.5945e-01, 7.9453e-01,  ..., 8.4791e-01,
           9.9935e-01, 7.8419e-01],
          [3.5012e-01, 5.1229e-01, 4.5970e-02,  ..., 3.8687e-01,
           6.6428e-01, 9.6203e-01]],

         [[8.1382e-01, 2.5844e-01, 5.8138e-01,  ..., 4.2272e-01,
           2.0841e-01, 6.5574e-02],
          [2.3631e-01, 4.2185e-01, 9.0153e-01,  ..., 7.8174e-01,
           5.6614e-01, 2.3091e-01],
          [2.2926e-01, 4.7007e-01, 9.6972e-01,  ..., 9.8787e-01,
           2.7865e-01, 3.4742e-01],
          ...,
          [4.0801e-01, 8.2848e-01, 1.2808e-01,  ..., 6.1980e-01,
           5.9890e-01, 5.4818e-01],
          [3.9495e-01, 1.7147e-01, 2.7693e-01,  ..., 4.0376e-01,
           7.3999e-01, 5.4672e-01],
          [2.6754e-01, 8.4431e-01, 9.2592e-01,  ..., 9.1041e-01,
           7.1021e-01, 8.1609e-01]],

         ...,

         [[5.3545e-01, 1.2453e-01, 6.3976e-01,  ..., 5.2915e-01,
           3.1095e-01, 7.8218e-01],
          [1.2729e-02, 8.0886e-02, 8.0001e-01,  ..., 2.0383e-01,
           7.2503e-01, 1.5993e-01],
          [7.5449e-01, 6.4924e-01, 7.9632e-01,  ..., 5.5003e-01,
           3.2027e-01, 7.0446e-01],
          ...,
          [8.5086e-01, 4.8724e-01, 1.2430e-01,  ..., 7.1396e-01,
           1.3843e-03, 2.8955e-01],
          [4.3434e-02, 6.0509e-01, 8.4620e-01,  ..., 2.5792e-01,
           1.8204e-01, 1.0345e-01],
          [8.5513e-01, 8.1655e-01, 7.5549e-01,  ..., 2.7464e-01,
           6.1008e-01, 6.4010e-01]],

         [[5.3915e-01, 5.6321e-01, 5.8053e-02,  ..., 7.5441e-01,
           1.6030e-01, 2.6424e-01],
          [4.8816e-02, 1.0674e-01, 7.7726e-01,  ..., 3.1948e-01,
           7.0364e-01, 1.0897e-01],
          [1.2620e-01, 9.2809e-01, 3.2884e-01,  ..., 2.5310e-01,
           9.2046e-01, 4.9503e-01],
          ...,
          [7.0255e-01, 8.3394e-01, 2.9616e-02,  ..., 5.4397e-01,
           7.8271e-01, 6.1657e-01],
          [3.2904e-01, 8.6066e-01, 9.1613e-01,  ..., 8.7286e-01,
           1.9703e-01, 5.9076e-01],
          [7.4253e-01, 5.2419e-01, 5.7653e-01,  ..., 8.7675e-01,
           3.0026e-01, 5.9559e-01]],

         [[2.8209e-01, 6.0220e-01, 3.5905e-01,  ..., 6.4796e-02,
           8.1438e-01, 6.3878e-01],
          [6.5519e-01, 1.4517e-01, 5.5240e-01,  ..., 7.6693e-01,
           3.6690e-01, 3.8216e-01],
          [1.4193e-01, 8.0967e-01, 5.2871e-01,  ..., 7.5279e-02,
           5.7135e-01, 2.8056e-01],
          ...,
          [2.9281e-01, 7.8891e-01, 3.1821e-01,  ..., 4.9550e-02,
           5.1819e-01, 2.0187e-01],
          [9.0188e-01, 3.1679e-01, 5.3411e-01,  ..., 6.3821e-01,
           1.8029e-01, 2.9407e-01],
          [2.8296e-01, 6.3180e-02, 2.5227e-01,  ..., 1.3800e-02,
           5.3808e-01, 1.8634e-01]]]])
