tensor([[[[0.5623, 0.0382, 0.6454,  ..., 0.2571, 0.8490, 0.3400],
          [0.5037, 0.0964, 0.9583,  ..., 0.0125, 0.1955, 0.4444],
          [0.2656, 0.2770, 0.7892,  ..., 0.6183, 0.6195, 0.1435],
          ...,
          [0.2176, 0.9685, 0.1696,  ..., 0.8931, 0.0201, 0.2454],
          [0.2678, 0.0301, 0.3425,  ..., 0.3546, 0.1307, 0.0972],
          [0.0500, 0.0633, 0.9291,  ..., 0.8682, 0.5665, 0.0537]],

         [[0.0065, 0.7524, 0.2148,  ..., 0.1692, 0.0629, 0.0108],
          [0.9204, 0.2321, 0.9805,  ..., 0.6093, 0.4790, 0.8303],
          [0.8005, 0.5587, 0.9412,  ..., 0.4230, 0.9141, 0.9212],
          ...,
          [0.4464, 0.3846, 0.7169,  ..., 0.5606, 0.8907, 0.3295],
          [0.6438, 0.2035, 0.2409,  ..., 0.1157, 0.1814, 0.3086],
          [0.6505, 0.2767, 0.5357,  ..., 0.3337, 0.2017, 0.2900]],

         [[0.4789, 0.0452, 0.2810,  ..., 0.4657, 0.2462, 0.7602],
          [0.0149, 0.0084, 0.6131,  ..., 0.0675, 0.6788, 0.9772],
          [0.9986, 0.9946, 0.3423,  ..., 0.6095, 0.4107, 0.5719],
          ...,
          [0.4888, 0.1041, 0.0180,  ..., 0.6184, 0.6026, 0.0584],
          [0.3679, 0.7765, 0.2845,  ..., 0.1117, 0.0698, 0.2584],
          [0.3862, 0.6127, 0.1809,  ..., 0.9512, 0.7552, 0.0227]],

         ...,

         [[0.4374, 0.9491, 0.8088,  ..., 0.5651, 0.2962, 0.4763],
          [0.9241, 0.0290, 0.0584,  ..., 0.8593, 0.6125, 0.9697],
          [0.7955, 0.1391, 0.7630,  ..., 0.3820, 0.7144, 0.7144],
          ...,
          [0.2512, 0.6310, 0.7837,  ..., 0.8645, 0.8340, 0.8248],
          [0.5331, 0.9477, 0.3981,  ..., 0.6553, 0.8555, 0.6923],
          [0.8339, 0.1560, 0.4310,  ..., 0.0036, 0.5098, 0.5719]],

         [[0.6522, 0.0884, 0.3603,  ..., 0.0549, 0.2335, 0.7255],
          [0.6988, 0.0973, 0.2330,  ..., 0.1641, 0.1536, 0.7385],
          [0.3370, 0.6506, 0.6794,  ..., 0.4032, 0.3938, 0.5683],
          ...,
          [0.5333, 0.8564, 0.9428,  ..., 0.1823, 0.8929, 0.4940],
          [0.2855, 0.9742, 0.2406,  ..., 0.0599, 0.4811, 0.1150],
          [0.7544, 0.7786, 0.9629,  ..., 0.5415, 0.7862, 0.2569]],

         [[0.4366, 0.9563, 0.6446,  ..., 0.0876, 0.0433, 0.0244],
          [0.4691, 0.0626, 0.0739,  ..., 0.8582, 0.3134, 0.1121],
          [0.1031, 0.2500, 0.1475,  ..., 0.3812, 0.2668, 0.3926],
          ...,
          [0.4671, 0.9469, 0.9544,  ..., 0.5331, 0.8954, 0.5495],
          [0.2666, 0.1120, 0.9944,  ..., 0.3732, 0.6427, 0.2704],
          [0.6355, 0.2526, 0.2842,  ..., 0.4237, 0.4436, 0.1257]]],


        [[[0.5705, 0.0651, 0.6356,  ..., 0.3476, 0.0290, 0.8890],
          [0.8996, 0.6253, 0.4293,  ..., 0.0452, 0.1150, 0.3994],
          [0.3565, 0.6873, 0.1985,  ..., 0.5730, 0.3203, 0.4283],
          ...,
          [0.3197, 0.2387, 0.7724,  ..., 0.0784, 0.7666, 0.0285],
          [0.1334, 0.0220, 0.8398,  ..., 0.1995, 0.7690, 0.8711],
          [0.3037, 0.2740, 0.9524,  ..., 0.4171, 0.0078, 0.5017]],

         [[0.0410, 0.4638, 0.9154,  ..., 0.4148, 0.0604, 0.8093],
          [0.2333, 0.7494, 0.5844,  ..., 0.8040, 0.3723, 0.7947],
          [0.2877, 0.8430, 0.1578,  ..., 0.6735, 0.6131, 0.0246],
          ...,
          [0.3854, 0.0103, 0.4159,  ..., 0.2498, 0.4248, 0.3724],
          [0.4480, 0.4610, 0.7441,  ..., 0.2612, 0.3205, 0.6717],
          [0.5450, 0.9861, 0.3070,  ..., 0.0222, 0.1461, 0.4212]],

         [[0.3326, 0.1410, 0.8640,  ..., 0.3991, 0.2528, 0.6193],
          [0.8860, 0.3776, 0.3759,  ..., 0.1467, 0.8181, 0.8503],
          [0.0640, 0.9250, 0.4660,  ..., 0.0373, 0.2682, 0.7111],
          ...,
          [0.2271, 0.6376, 0.1127,  ..., 0.6752, 0.3816, 0.2815],
          [0.1331, 0.6421, 0.7770,  ..., 0.6551, 0.8802, 0.3052],
          [0.6646, 0.1502, 0.6979,  ..., 0.3974, 0.6857, 0.5298]],

         ...,

         [[0.4580, 0.5641, 0.8298,  ..., 0.3403, 0.2009, 0.0878],
          [0.4567, 0.4749, 0.8637,  ..., 0.3673, 0.4097, 0.2296],
          [0.3532, 0.2435, 0.3041,  ..., 0.4778, 0.1955, 0.5561],
          ...,
          [0.0442, 0.5647, 0.5935,  ..., 0.9673, 0.4328, 0.9053],
          [0.7813, 0.9368, 0.2454,  ..., 0.6050, 0.0402, 0.5248],
          [0.1741, 0.6111, 0.4989,  ..., 0.4314, 0.6624, 0.5164]],

         [[0.5758, 0.6816, 0.5077,  ..., 0.7806, 0.2962, 0.0387],
          [0.8930, 0.2463, 0.8350,  ..., 0.8562, 0.3833, 0.1099],
          [0.2941, 0.5244, 0.0295,  ..., 0.9664, 0.8448, 0.5292],
          ...,
          [0.1464, 0.0296, 0.3463,  ..., 0.5951, 0.1629, 0.1589],
          [0.9691, 0.9788, 0.3442,  ..., 0.5699, 0.2551, 0.5300],
          [0.6343, 0.2608, 0.5797,  ..., 0.9876, 0.4892, 0.3318]],

         [[0.0710, 0.3582, 0.2927,  ..., 0.7774, 0.4035, 0.7946],
          [0.9303, 0.7311, 0.2192,  ..., 0.4474, 0.0312, 0.3023],
          [0.3370, 0.3382, 0.0140,  ..., 0.3679, 0.9534, 0.8308],
          ...,
          [0.9614, 0.9119, 0.0103,  ..., 0.6679, 0.9746, 0.3188],
          [0.2032, 0.8469, 0.7618,  ..., 0.4888, 0.4987, 0.5996],
          [0.3671, 0.1663, 0.0388,  ..., 0.4104, 0.7614, 0.4785]]],


        [[[0.3873, 0.8693, 0.8825,  ..., 0.4503, 0.0827, 0.9916],
          [0.4870, 0.5867, 0.7088,  ..., 0.9527, 0.6665, 0.5835],
          [0.6827, 0.7658, 0.0416,  ..., 0.7401, 0.5055, 0.3065],
          ...,
          [0.7281, 0.3258, 0.1220,  ..., 0.4395, 0.8384, 0.9273],
          [0.5049, 0.0495, 0.4044,  ..., 0.6597, 0.7919, 0.8622],
          [0.7046, 0.6020, 0.6188,  ..., 0.5980, 0.6214, 0.4659]],

         [[0.7922, 0.3493, 0.1444,  ..., 0.1810, 0.8534, 0.5027],
          [0.4565, 0.6426, 0.0383,  ..., 0.3061, 0.6137, 0.7046],
          [0.8114, 0.3112, 0.7527,  ..., 0.5880, 0.3339, 0.2551],
          ...,
          [0.4870, 0.1802, 0.2192,  ..., 0.5814, 0.0842, 0.6427],
          [0.5672, 0.1690, 0.1278,  ..., 0.1172, 0.4295, 0.7082],
          [0.1220, 0.4931, 0.8572,  ..., 0.2025, 0.8754, 0.0700]],

         [[0.8561, 0.1128, 0.5944,  ..., 0.9772, 0.6542, 0.9949],
          [0.9435, 0.5066, 0.5843,  ..., 0.7574, 0.2036, 0.4604],
          [0.6400, 0.2065, 0.9072,  ..., 0.1455, 0.6076, 0.8528],
          ...,
          [0.5624, 0.1527, 0.4008,  ..., 0.6431, 0.9960, 0.5297],
          [0.1139, 0.3193, 0.0114,  ..., 0.3917, 0.8612, 0.6790],
          [0.9775, 0.6764, 0.4669,  ..., 0.6079, 0.1898, 0.8626]],

         ...,

         [[0.8151, 0.7442, 0.2669,  ..., 0.9397, 0.9893, 0.3698],
          [0.8936, 0.9530, 0.9796,  ..., 0.8389, 0.0863, 0.2980],
          [0.8334, 0.8299, 0.7720,  ..., 0.7719, 0.1444, 0.2969],
          ...,
          [0.6565, 0.4434, 0.9272,  ..., 0.4526, 0.0174, 0.1104],
          [0.1399, 0.8760, 0.8802,  ..., 0.0840, 0.3711, 0.4945],
          [0.3984, 0.9113, 0.3418,  ..., 0.5651, 0.9092, 0.3631]],

         [[0.4345, 0.8619, 0.4354,  ..., 0.3975, 0.6932, 0.2869],
          [0.7516, 0.9951, 0.8780,  ..., 0.8035, 0.3384, 0.9575],
          [0.6580, 0.5014, 0.7203,  ..., 0.9792, 0.1131, 0.6129],
          ...,
          [0.8306, 0.6865, 0.5192,  ..., 0.9293, 0.3923, 0.2356],
          [0.3818, 0.7185, 0.1556,  ..., 0.4219, 0.3172, 0.6946],
          [0.5245, 0.1355, 0.9017,  ..., 0.7207, 0.0241, 0.7725]],

         [[0.1714, 0.7653, 0.9976,  ..., 0.6551, 0.2890, 0.1116],
          [0.6319, 0.3623, 0.5642,  ..., 0.5056, 0.7368, 0.4703],
          [0.7886, 0.6270, 0.6380,  ..., 0.2757, 0.8621, 0.6454],
          ...,
          [0.2921, 0.8851, 0.6094,  ..., 0.2183, 0.9499, 0.1066],
          [0.2430, 0.3844, 0.5989,  ..., 0.7033, 0.1743, 0.4794],
          [0.8345, 0.7552, 0.3154,  ..., 0.6135, 0.7874, 0.9848]]],


        ...,


        [[[0.4302, 0.0378, 0.0497,  ..., 0.9981, 0.2813, 0.3784],
          [0.4749, 0.3206, 0.5459,  ..., 0.2185, 0.4436, 0.0397],
          [0.3663, 0.0419, 0.1897,  ..., 0.6401, 0.9840, 0.9191],
          ...,
          [0.1005, 0.6381, 0.1303,  ..., 0.6582, 0.6566, 0.5706],
          [0.8137, 0.7719, 0.2319,  ..., 0.3502, 0.2115, 0.0370],
          [0.1498, 0.3354, 0.9523,  ..., 0.3756, 0.5055, 0.6228]],

         [[0.5762, 0.8880, 0.3438,  ..., 0.8139, 0.1687, 0.7698],
          [0.0421, 0.4697, 0.0425,  ..., 0.2696, 0.3359, 0.6521],
          [0.9391, 0.2075, 0.3985,  ..., 0.6209, 0.1274, 0.0650],
          ...,
          [0.5312, 0.4938, 0.3005,  ..., 0.5944, 0.6481, 0.5089],
          [0.5690, 0.0431, 0.6396,  ..., 0.5936, 0.2351, 0.3655],
          [0.9249, 0.9098, 0.9764,  ..., 0.4112, 0.0981, 0.4914]],

         [[0.7805, 0.5645, 0.4219,  ..., 0.0933, 0.1220, 0.9063],
          [0.3461, 0.3117, 0.0142,  ..., 0.6170, 0.1786, 0.6508],
          [0.6429, 0.3275, 0.5213,  ..., 0.1193, 0.0784, 0.6986],
          ...,
          [0.6038, 0.8288, 0.8619,  ..., 0.5439, 0.1676, 0.9792],
          [0.6800, 0.1122, 0.2313,  ..., 0.1989, 0.9180, 0.9903],
          [0.2197, 0.5637, 0.2099,  ..., 0.1283, 0.6502, 0.8824]],

         ...,

         [[0.4900, 0.3192, 0.2016,  ..., 0.9171, 0.1752, 0.4733],
          [0.6285, 0.9938, 0.7387,  ..., 0.7009, 0.3283, 0.6344],
          [0.7908, 0.0746, 0.6083,  ..., 0.4636, 0.7567, 0.3419],
          ...,
          [0.8496, 0.9340, 0.9861,  ..., 0.3927, 0.3794, 0.4166],
          [0.6528, 0.4181, 0.7233,  ..., 0.3141, 0.6141, 0.2980],
          [0.6392, 0.6139, 0.5504,  ..., 0.6672, 0.6186, 0.3050]],

         [[0.1807, 0.1878, 0.1914,  ..., 0.4395, 0.6680, 0.5868],
          [0.9374, 0.5629, 0.3709,  ..., 0.2791, 0.1876, 0.1952],
          [0.8362, 0.0227, 0.9679,  ..., 0.0755, 0.5957, 0.0801],
          ...,
          [0.8230, 0.7715, 0.2551,  ..., 0.7592, 0.1938, 0.1094],
          [0.5695, 0.0515, 0.8111,  ..., 0.5095, 0.5701, 0.9323],
          [0.7406, 0.2721, 0.6156,  ..., 0.5457, 0.5362, 0.8947]],

         [[0.8442, 0.8822, 0.3886,  ..., 0.5910, 0.4200, 0.2460],
          [0.4464, 0.5999, 0.9513,  ..., 0.2105, 0.9523, 0.4306],
          [0.5661, 0.9704, 0.9585,  ..., 0.1176, 0.9501, 0.1758],
          ...,
          [0.0134, 0.6305, 0.2740,  ..., 0.2240, 0.8231, 0.8151],
          [0.9771, 0.8654, 0.9595,  ..., 0.0988, 0.6709, 0.4898],
          [0.5913, 0.9502, 0.9908,  ..., 0.4304, 0.6793, 0.4962]]],


        [[[0.6375, 0.2763, 0.8489,  ..., 0.5473, 0.0780, 0.7401],
          [0.0111, 0.8722, 0.9441,  ..., 0.8390, 0.1253, 0.2148],
          [0.7707, 0.4048, 0.5205,  ..., 0.9772, 0.9270, 0.4488],
          ...,
          [0.2310, 0.4504, 0.5182,  ..., 0.6142, 0.9234, 0.1000],
          [0.3729, 0.3685, 0.1903,  ..., 0.0829, 0.1282, 0.0908],
          [0.0605, 0.1132, 0.7641,  ..., 0.4012, 0.1774, 0.7647]],

         [[0.9577, 0.6326, 0.5509,  ..., 0.7271, 0.1688, 0.6044],
          [0.1091, 0.0380, 0.0512,  ..., 0.0691, 0.8603, 0.9591],
          [0.8943, 0.1110, 0.0688,  ..., 0.0151, 0.0773, 0.4698],
          ...,
          [0.8012, 0.9034, 0.0524,  ..., 0.1966, 0.0575, 0.7096],
          [0.2963, 0.7357, 0.3810,  ..., 0.7176, 0.4547, 0.1565],
          [0.1776, 0.4427, 0.9718,  ..., 0.0688, 0.3410, 0.3435]],

         [[0.1346, 0.1492, 0.0768,  ..., 0.9565, 0.7511, 0.2396],
          [0.5298, 0.0488, 0.3734,  ..., 0.5703, 0.5037, 0.9003],
          [0.1685, 0.3766, 0.8742,  ..., 0.4629, 0.0850, 0.2658],
          ...,
          [0.4058, 0.8322, 0.9111,  ..., 0.2708, 0.7321, 0.2007],
          [0.0969, 0.2106, 0.9845,  ..., 0.2630, 0.7703, 0.7247],
          [0.8003, 0.9358, 0.1300,  ..., 0.1240, 0.3735, 0.5803]],

         ...,

         [[0.2272, 0.6301, 0.1585,  ..., 0.3389, 0.5946, 0.6029],
          [0.2383, 0.7865, 0.6141,  ..., 0.8479, 0.2074, 0.8631],
          [0.7162, 0.6971, 0.2251,  ..., 0.9655, 0.1476, 0.4434],
          ...,
          [0.9256, 0.3830, 0.1752,  ..., 0.1030, 0.8319, 0.1350],
          [0.8901, 0.0926, 0.0825,  ..., 0.4871, 0.2129, 0.2391],
          [0.8511, 0.1642, 0.8338,  ..., 0.3524, 0.5546, 0.2363]],

         [[0.6744, 0.6425, 0.9801,  ..., 0.7927, 0.9061, 0.8798],
          [0.5060, 0.1540, 0.2685,  ..., 0.8659, 0.8582, 0.7440],
          [0.2716, 0.1567, 0.5234,  ..., 0.9646, 0.0218, 0.8715],
          ...,
          [0.3865, 0.2876, 0.4676,  ..., 0.6679, 0.3730, 0.0634],
          [0.1239, 0.9608, 0.2539,  ..., 0.2087, 0.1359, 0.4593],
          [0.8288, 0.4856, 0.4744,  ..., 0.2184, 0.9131, 0.3157]],

         [[0.2540, 0.8835, 0.9216,  ..., 0.2264, 0.7290, 0.1746],
          [0.8045, 0.3934, 0.3039,  ..., 0.0682, 0.2183, 0.3399],
          [0.4435, 0.7697, 0.6371,  ..., 0.1494, 0.9902, 0.7701],
          ...,
          [0.6041, 0.0035, 0.5121,  ..., 0.1994, 0.1343, 0.6376],
          [0.9735, 0.9855, 0.1257,  ..., 0.2296, 0.0992, 0.9630],
          [0.0749, 0.8367, 0.6373,  ..., 0.6276, 0.1639, 0.6797]]],


        [[[0.8737, 0.4477, 0.0018,  ..., 0.6833, 0.2793, 0.2887],
          [0.8146, 0.3023, 0.6430,  ..., 0.1457, 0.9627, 0.0228],
          [0.2698, 0.9788, 0.2066,  ..., 0.1723, 0.0423, 0.2550],
          ...,
          [0.1751, 0.4456, 0.2685,  ..., 0.4260, 0.7306, 0.9873],
          [0.8123, 0.7264, 0.0469,  ..., 0.6620, 0.5100, 0.3601],
          [0.1347, 0.3720, 0.9412,  ..., 0.8879, 0.9568, 0.7107]],

         [[0.9485, 0.5315, 0.1494,  ..., 0.2296, 0.3905, 0.1349],
          [0.2884, 0.7313, 0.6889,  ..., 0.2564, 0.3516, 0.4707],
          [0.0846, 0.5676, 0.0429,  ..., 0.1736, 0.5801, 0.6088],
          ...,
          [0.1202, 0.4964, 0.8857,  ..., 0.9646, 0.3781, 0.2835],
          [0.9951, 0.1957, 0.0618,  ..., 0.7376, 0.0189, 0.9369],
          [0.3374, 0.4436, 0.3548,  ..., 0.5457, 0.1679, 0.7926]],

         [[0.3799, 0.6395, 0.1007,  ..., 0.3498, 0.5904, 0.1442],
          [0.7252, 0.2531, 0.4562,  ..., 0.6615, 0.9069, 0.2551],
          [0.3233, 0.8580, 0.2226,  ..., 0.1603, 0.5367, 0.9042],
          ...,
          [0.6030, 0.1319, 0.3559,  ..., 0.1196, 0.3144, 0.2675],
          [0.1144, 0.5411, 0.1095,  ..., 0.2519, 0.9589, 0.2722],
          [0.1417, 0.3974, 0.3333,  ..., 0.2066, 0.1056, 0.9624]],

         ...,

         [[0.2652, 0.8590, 0.8596,  ..., 0.3758, 0.3773, 0.8926],
          [0.5669, 0.4058, 0.0761,  ..., 0.0504, 0.0950, 0.5301],
          [0.6148, 0.0578, 0.1916,  ..., 0.3965, 0.2966, 0.2864],
          ...,
          [0.2838, 0.9563, 0.4278,  ..., 0.0052, 0.1261, 0.1359],
          [0.0498, 0.3168, 0.2193,  ..., 0.5075, 0.4603, 0.2879],
          [0.9466, 0.4537, 0.7513,  ..., 0.3396, 0.6480, 0.0835]],

         [[0.9719, 0.6730, 0.9319,  ..., 0.2699, 0.1554, 0.0556],
          [0.9032, 0.0505, 0.0551,  ..., 0.6482, 0.6142, 0.9149],
          [0.8730, 0.0742, 0.4854,  ..., 0.5142, 0.5419, 0.4518],
          ...,
          [0.4834, 0.0090, 0.4508,  ..., 0.3006, 0.2513, 0.8216],
          [0.9642, 0.5882, 0.6185,  ..., 0.6516, 0.3809, 0.4965],
          [0.9126, 0.8644, 0.0574,  ..., 0.7497, 0.8248, 0.9273]],

         [[0.3235, 0.0849, 0.9075,  ..., 0.5869, 0.6830, 0.5227],
          [0.5299, 0.3228, 0.7616,  ..., 0.7316, 0.3182, 0.3235],
          [0.6763, 0.2661, 0.4745,  ..., 0.8048, 0.3046, 0.8354],
          ...,
          [0.8032, 0.8529, 0.2955,  ..., 0.0426, 0.3802, 0.8251],
          [0.0168, 0.6904, 0.5251,  ..., 0.0430, 0.7672, 0.5190],
          [0.3038, 0.7647, 0.0647,  ..., 0.9959, 0.1621, 0.6121]]]])
