tensor([[[[7.9554e-01, 7.1136e-01, 4.0711e-01,  ..., 3.9583e-01,
           9.9237e-01, 4.7529e-01],
          [1.9275e-01, 7.9553e-01, 9.3056e-01,  ..., 1.7896e-01,
           4.5692e-01, 5.9997e-01],
          [4.8630e-01, 8.2299e-01, 8.0482e-01,  ..., 5.3129e-01,
           4.9280e-01, 5.4650e-01],
          ...,
          [1.4079e-01, 3.5388e-01, 7.9578e-02,  ..., 7.4649e-01,
           3.6378e-02, 1.8791e-01],
          [2.0548e-01, 4.0539e-01, 3.4522e-01,  ..., 5.4689e-01,
           7.4950e-01, 3.0826e-01],
          [8.3878e-01, 9.9656e-01, 3.3324e-02,  ..., 5.3585e-02,
           3.1283e-01, 4.8784e-02]],

         [[1.0037e-01, 3.0082e-01, 2.7557e-01,  ..., 2.9600e-01,
           1.8185e-01, 8.2818e-01],
          [4.3404e-01, 5.3372e-01, 5.6790e-01,  ..., 1.2554e-01,
           3.9638e-01, 7.3067e-01],
          [7.7238e-01, 2.0646e-01, 9.3529e-01,  ..., 3.7625e-01,
           1.7076e-01, 9.5430e-01],
          ...,
          [7.2432e-01, 2.3979e-01, 7.1047e-01,  ..., 5.8416e-01,
           8.9074e-01, 6.5960e-01],
          [3.6881e-01, 5.2555e-01, 5.9050e-01,  ..., 6.0301e-01,
           2.9040e-01, 5.9722e-01],
          [3.2545e-01, 7.6158e-01, 6.8737e-01,  ..., 5.7828e-01,
           9.7197e-01, 4.0117e-01]],

         [[6.1711e-01, 9.5985e-02, 3.1304e-01,  ..., 4.7933e-02,
           9.7656e-01, 6.2513e-01],
          [7.3729e-01, 5.5271e-01, 3.6471e-01,  ..., 9.1544e-01,
           6.4710e-01, 5.5431e-01],
          [8.7757e-01, 6.5718e-01, 8.5878e-01,  ..., 7.5247e-01,
           9.1785e-01, 3.3512e-01],
          ...,
          [5.2687e-01, 2.0246e-01, 5.1636e-01,  ..., 7.8614e-01,
           6.5095e-01, 3.1253e-01],
          [3.0809e-01, 1.5065e-01, 2.8263e-01,  ..., 8.8304e-01,
           2.9342e-01, 1.9874e-01],
          [5.2180e-01, 6.1818e-01, 2.6383e-01,  ..., 6.8942e-01,
           2.0531e-01, 8.8027e-01]],

         ...,

         [[2.0949e-01, 4.5972e-01, 2.6339e-01,  ..., 4.8909e-01,
           1.7771e-01, 1.2814e-01],
          [5.3563e-01, 3.4535e-01, 1.8323e-01,  ..., 2.2912e-01,
           3.5438e-01, 5.9625e-01],
          [8.5710e-01, 1.4463e-01, 2.8782e-01,  ..., 8.6507e-01,
           8.4510e-02, 1.8939e-01],
          ...,
          [7.6128e-01, 8.1124e-01, 7.0060e-01,  ..., 7.5093e-01,
           5.9773e-01, 8.1549e-01],
          [2.8133e-01, 9.5492e-01, 7.5600e-02,  ..., 7.5866e-01,
           9.2839e-02, 1.5256e-01],
          [9.5854e-01, 4.8293e-02, 6.1016e-01,  ..., 6.1500e-01,
           6.6120e-01, 2.2116e-01]],

         [[9.3692e-01, 6.8151e-01, 5.3543e-01,  ..., 1.1544e-01,
           4.4858e-01, 3.5652e-01],
          [4.9575e-01, 1.7498e-01, 8.0692e-01,  ..., 5.1219e-01,
           9.7510e-01, 8.6468e-01],
          [5.1644e-01, 7.7262e-01, 2.5859e-01,  ..., 9.9571e-01,
           3.1830e-01, 8.6830e-01],
          ...,
          [5.1155e-01, 5.4901e-01, 8.4765e-01,  ..., 1.0578e-01,
           8.3967e-01, 2.3775e-01],
          [2.1535e-01, 5.2345e-01, 7.2317e-01,  ..., 7.7168e-01,
           5.2004e-01, 8.5260e-01],
          [8.8691e-01, 3.4597e-01, 4.6127e-02,  ..., 7.2856e-01,
           5.8043e-01, 1.1825e-01]],

         [[5.3990e-01, 5.9124e-01, 5.4704e-01,  ..., 9.3730e-01,
           9.3815e-01, 1.5426e-01],
          [5.1598e-02, 3.8387e-01, 5.3008e-01,  ..., 1.1260e-01,
           2.6441e-01, 9.7957e-01],
          [7.5538e-01, 9.5658e-01, 1.3886e-02,  ..., 4.5768e-01,
           5.7416e-01, 7.8357e-01],
          ...,
          [1.5844e-01, 8.8049e-01, 5.0808e-01,  ..., 7.0176e-01,
           1.3448e-01, 4.1235e-01],
          [8.2719e-01, 7.8497e-01, 8.1846e-01,  ..., 1.9236e-01,
           2.3144e-01, 5.2733e-01],
          [3.2391e-01, 3.4168e-01, 4.4040e-02,  ..., 5.4155e-01,
           4.6464e-02, 2.3600e-01]]],


        [[[5.3601e-01, 8.3015e-02, 2.0327e-01,  ..., 1.2788e-01,
           9.9757e-01, 3.4612e-01],
          [9.9260e-01, 2.8687e-01, 5.7155e-01,  ..., 7.1687e-01,
           2.0574e-01, 2.1985e-01],
          [2.6518e-01, 9.7386e-01, 5.9707e-01,  ..., 3.9899e-01,
           2.4166e-01, 7.0964e-01],
          ...,
          [7.2147e-01, 4.9149e-01, 2.7140e-01,  ..., 8.7561e-02,
           1.2210e-01, 6.2456e-01],
          [4.4697e-01, 9.8495e-01, 8.2444e-01,  ..., 4.9149e-01,
           8.7805e-01, 9.4986e-01],
          [2.6374e-01, 7.1677e-01, 3.0358e-01,  ..., 8.2541e-01,
           4.3220e-02, 2.7069e-01]],

         [[6.0383e-01, 6.7259e-01, 1.4668e-01,  ..., 3.6548e-02,
           9.9687e-01, 7.0171e-02],
          [4.9501e-01, 4.8943e-01, 4.8842e-01,  ..., 1.2926e-02,
           8.6186e-01, 7.3965e-01],
          [3.8161e-01, 5.2990e-01, 9.9498e-02,  ..., 9.4604e-01,
           1.3680e-01, 5.4790e-01],
          ...,
          [8.9663e-01, 6.1761e-01, 3.2185e-01,  ..., 8.6403e-01,
           2.8610e-01, 8.1123e-01],
          [3.4063e-01, 5.8863e-01, 9.7317e-01,  ..., 4.9219e-01,
           9.1661e-01, 4.1430e-01],
          [1.4401e-01, 6.3219e-01, 2.2446e-01,  ..., 3.8738e-01,
           7.2528e-01, 9.8566e-01]],

         [[2.8386e-01, 5.9909e-01, 8.6260e-01,  ..., 2.5722e-01,
           7.9255e-01, 3.7808e-01],
          [8.5170e-01, 9.7043e-01, 6.1998e-03,  ..., 6.6745e-02,
           4.9232e-01, 3.4401e-01],
          [2.6340e-01, 3.3360e-01, 4.5636e-01,  ..., 5.0602e-02,
           3.4906e-01, 1.4994e-01],
          ...,
          [1.5770e-01, 3.3104e-01, 3.5403e-01,  ..., 2.5910e-01,
           8.1915e-01, 3.7452e-01],
          [7.8806e-01, 7.3984e-01, 4.2333e-01,  ..., 6.7769e-01,
           6.8721e-01, 7.4467e-01],
          [3.1628e-01, 5.8345e-01, 5.1569e-01,  ..., 1.2625e-02,
           1.6528e-01, 9.0012e-01]],

         ...,

         [[1.8344e-01, 3.6012e-01, 9.0393e-01,  ..., 7.9467e-01,
           3.5154e-01, 6.5132e-01],
          [2.5174e-01, 8.1145e-01, 6.8307e-02,  ..., 1.4315e-01,
           2.3288e-01, 6.6810e-02],
          [2.9402e-01, 6.0263e-01, 3.0346e-01,  ..., 8.7168e-01,
           6.9807e-01, 1.1429e-01],
          ...,
          [7.5164e-01, 8.1381e-01, 4.9612e-01,  ..., 8.7952e-01,
           1.3793e-01, 9.7790e-01],
          [9.1426e-01, 3.6187e-01, 9.0367e-01,  ..., 3.6629e-02,
           4.1574e-01, 2.1540e-01],
          [4.4541e-01, 1.4281e-01, 9.2589e-01,  ..., 7.8840e-01,
           1.5190e-01, 5.9172e-01]],

         [[2.9135e-01, 7.3864e-01, 6.6357e-01,  ..., 7.1567e-01,
           7.0547e-01, 4.7726e-01],
          [9.0035e-01, 3.1274e-01, 6.3677e-02,  ..., 9.2355e-01,
           7.5954e-01, 2.0342e-01],
          [5.8466e-01, 8.8324e-01, 2.4894e-01,  ..., 2.6283e-01,
           4.4801e-01, 6.5215e-01],
          ...,
          [5.9395e-01, 8.3915e-01, 9.6329e-01,  ..., 1.0832e-01,
           9.5060e-02, 8.3458e-01],
          [1.6461e-01, 7.0457e-01, 5.8279e-01,  ..., 3.6395e-01,
           6.3784e-02, 7.3024e-01],
          [1.3981e-02, 7.5545e-01, 4.6635e-02,  ..., 4.2111e-01,
           7.3173e-01, 3.5641e-01]],

         [[9.2000e-01, 4.3877e-01, 5.8492e-01,  ..., 5.1976e-01,
           7.5103e-02, 5.2833e-01],
          [6.4010e-01, 5.6707e-01, 6.4146e-01,  ..., 8.5056e-01,
           1.6415e-01, 1.7065e-01],
          [4.3415e-01, 5.7999e-01, 6.9528e-01,  ..., 1.1337e-01,
           7.9913e-01, 5.6206e-02],
          ...,
          [8.0408e-01, 4.3262e-01, 7.4832e-01,  ..., 8.8235e-02,
           1.5031e-01, 8.7431e-01],
          [4.1453e-01, 7.3362e-01, 2.1126e-01,  ..., 1.6397e-01,
           9.7573e-01, 9.1717e-01],
          [5.1141e-01, 2.6781e-01, 2.9672e-01,  ..., 1.8432e-01,
           6.0084e-01, 9.1991e-01]]],


        [[[6.6823e-01, 6.9775e-02, 5.2285e-01,  ..., 5.7414e-01,
           7.5083e-01, 7.9567e-01],
          [5.1149e-01, 6.2315e-02, 9.1811e-01,  ..., 3.0109e-01,
           7.4924e-01, 1.1377e-01],
          [5.3311e-01, 9.2250e-01, 3.1617e-01,  ..., 9.7808e-01,
           1.4668e-01, 8.5925e-01],
          ...,
          [3.7362e-01, 9.8470e-01, 8.9629e-01,  ..., 3.0879e-01,
           4.6163e-01, 1.9364e-01],
          [4.8286e-01, 3.2200e-01, 3.4192e-01,  ..., 6.8609e-01,
           5.9827e-01, 1.0137e-02],
          [2.6625e-01, 2.7458e-01, 8.7721e-01,  ..., 4.4175e-01,
           8.6208e-01, 5.4234e-01]],

         [[1.8182e-02, 1.0231e-01, 3.2675e-01,  ..., 9.8511e-01,
           5.1311e-01, 3.6044e-01],
          [9.1946e-01, 3.4661e-01, 9.8279e-01,  ..., 4.8477e-01,
           4.5719e-01, 8.4434e-02],
          [6.5607e-01, 2.4764e-01, 1.7217e-01,  ..., 2.7411e-01,
           9.1924e-01, 9.5920e-01],
          ...,
          [4.6782e-01, 9.1625e-01, 2.2886e-01,  ..., 8.5767e-01,
           3.2766e-01, 4.8122e-01],
          [1.8393e-01, 8.6203e-01, 9.4096e-01,  ..., 7.6898e-01,
           4.8611e-01, 9.5200e-01],
          [1.4636e-01, 3.8751e-01, 1.6414e-01,  ..., 1.4646e-01,
           4.9148e-01, 5.1026e-01]],

         [[3.2993e-01, 1.9453e-01, 1.7411e-02,  ..., 1.5890e-01,
           5.3574e-01, 8.5964e-01],
          [3.6177e-01, 2.1601e-01, 4.6404e-01,  ..., 9.6623e-01,
           7.2902e-01, 6.3912e-01],
          [9.2458e-02, 6.7436e-01, 2.7970e-01,  ..., 2.1155e-01,
           8.2182e-01, 8.4299e-01],
          ...,
          [8.7882e-01, 3.9891e-01, 3.7571e-01,  ..., 3.9496e-01,
           4.6823e-01, 2.9147e-01],
          [1.5785e-01, 8.7648e-01, 4.0023e-01,  ..., 6.9853e-01,
           4.2428e-01, 7.2006e-01],
          [3.1712e-01, 4.5054e-01, 5.3976e-01,  ..., 5.5610e-01,
           6.8759e-01, 6.1119e-01]],

         ...,

         [[2.8628e-01, 6.1602e-01, 2.5138e-01,  ..., 5.1865e-01,
           4.5925e-01, 4.9122e-01],
          [5.4280e-02, 7.9739e-01, 3.6937e-01,  ..., 4.6626e-01,
           9.6029e-01, 5.0819e-01],
          [3.8966e-01, 8.9574e-01, 2.8743e-01,  ..., 4.0379e-01,
           5.8705e-02, 4.2864e-01],
          ...,
          [8.9925e-01, 1.6581e-01, 8.8971e-01,  ..., 4.3082e-01,
           9.6925e-01, 1.7325e-01],
          [7.6897e-01, 4.9526e-01, 3.9006e-01,  ..., 9.0744e-01,
           1.6517e-01, 3.5931e-01],
          [8.7790e-01, 1.3489e-01, 9.6370e-01,  ..., 6.0837e-01,
           9.3548e-01, 9.8217e-01]],

         [[3.8505e-01, 6.9920e-01, 9.4502e-01,  ..., 5.1073e-01,
           8.8406e-01, 3.1708e-01],
          [1.0322e-01, 9.9417e-01, 9.6477e-02,  ..., 7.0332e-01,
           2.2082e-01, 2.1962e-01],
          [9.4604e-01, 5.8574e-01, 4.6009e-01,  ..., 4.7539e-01,
           2.4508e-01, 1.3376e-01],
          ...,
          [7.1796e-01, 3.1113e-01, 3.0905e-02,  ..., 4.1396e-01,
           5.5465e-01, 3.1076e-01],
          [8.9105e-01, 7.8776e-02, 3.4545e-01,  ..., 5.0120e-01,
           4.4251e-01, 5.3325e-01],
          [5.7971e-02, 2.7143e-01, 2.5947e-01,  ..., 6.4427e-01,
           4.0585e-01, 6.7826e-01]],

         [[9.6425e-01, 4.8107e-01, 8.0790e-01,  ..., 7.5937e-01,
           2.5023e-01, 8.4500e-01],
          [3.6279e-01, 2.5312e-01, 7.6853e-01,  ..., 6.6632e-01,
           6.3498e-02, 1.2366e-01],
          [6.0960e-01, 5.9536e-01, 3.4493e-02,  ..., 1.5851e-01,
           4.0607e-01, 6.5327e-01],
          ...,
          [7.6887e-01, 2.6336e-01, 4.0335e-01,  ..., 4.7993e-01,
           6.4262e-01, 9.5218e-01],
          [2.0582e-01, 7.7155e-01, 3.1693e-02,  ..., 3.6455e-01,
           6.7065e-01, 9.8945e-01],
          [9.1856e-01, 7.9031e-01, 4.2620e-01,  ..., 4.2039e-01,
           5.8449e-01, 1.9669e-01]]],


        ...,


        [[[6.2408e-01, 8.1029e-01, 4.5468e-01,  ..., 3.7985e-01,
           7.0677e-01, 2.6060e-01],
          [1.8438e-01, 3.3243e-01, 3.2195e-01,  ..., 7.6210e-01,
           2.6407e-01, 6.3510e-01],
          [7.0713e-01, 6.9659e-01, 1.3005e-01,  ..., 5.0955e-02,
           5.1090e-01, 3.6767e-01],
          ...,
          [6.2834e-01, 8.0084e-01, 8.3850e-01,  ..., 4.9665e-01,
           5.4736e-01, 2.9291e-01],
          [7.7496e-01, 6.8536e-01, 5.5315e-01,  ..., 1.7103e-01,
           9.7997e-01, 5.6088e-01],
          [8.9878e-01, 2.7869e-02, 7.3261e-01,  ..., 2.7910e-01,
           7.7516e-01, 3.8343e-01]],

         [[5.4047e-01, 1.8749e-01, 8.7618e-01,  ..., 7.9765e-02,
           8.6039e-01, 1.2009e-01],
          [9.9385e-01, 1.8664e-01, 9.9825e-02,  ..., 9.6902e-01,
           7.8746e-01, 9.7910e-01],
          [5.4308e-01, 1.9216e-01, 1.0973e-01,  ..., 3.4895e-01,
           7.3937e-01, 6.5348e-01],
          ...,
          [9.8717e-01, 1.2348e-02, 5.2076e-01,  ..., 2.4826e-01,
           7.4655e-02, 9.7536e-01],
          [6.4721e-01, 9.7032e-01, 1.0228e-04,  ..., 1.1942e-01,
           8.8995e-01, 4.7126e-01],
          [1.6966e-01, 8.9891e-01, 1.1332e-01,  ..., 3.6252e-01,
           7.2440e-01, 8.2139e-01]],

         [[3.0599e-01, 4.0529e-01, 5.3765e-02,  ..., 6.4417e-01,
           4.5571e-01, 5.1493e-01],
          [7.7066e-01, 2.5845e-01, 5.1996e-01,  ..., 7.2479e-01,
           2.6864e-01, 5.2918e-01],
          [2.0869e-01, 5.9937e-01, 2.2262e-01,  ..., 8.2858e-01,
           4.4303e-01, 5.0445e-01],
          ...,
          [5.6304e-01, 2.8986e-01, 3.3610e-01,  ..., 9.4149e-01,
           3.3278e-01, 3.3734e-01],
          [3.8659e-01, 8.9819e-01, 8.1495e-01,  ..., 5.6139e-01,
           1.4203e-01, 1.4192e-01],
          [1.9604e-01, 1.1575e-01, 3.1662e-01,  ..., 5.5700e-01,
           6.3467e-01, 8.2400e-01]],

         ...,

         [[7.2774e-01, 8.0347e-01, 6.9691e-01,  ..., 4.9364e-02,
           1.3934e-01, 2.4454e-01],
          [7.9991e-01, 9.1750e-01, 1.2279e-01,  ..., 3.1833e-01,
           8.6136e-01, 2.3999e-02],
          [6.2610e-01, 5.4439e-01, 5.1991e-01,  ..., 2.2457e-01,
           5.1509e-01, 9.6818e-01],
          ...,
          [4.8022e-01, 6.9523e-01, 2.9734e-02,  ..., 1.0271e-02,
           8.8149e-01, 5.2761e-01],
          [3.8850e-01, 1.7374e-01, 7.3108e-01,  ..., 8.4183e-01,
           9.7309e-01, 8.3886e-01],
          [4.5998e-02, 8.2970e-01, 2.6303e-01,  ..., 8.2998e-01,
           8.8140e-01, 1.5492e-02]],

         [[4.9477e-01, 3.5109e-01, 7.8191e-01,  ..., 3.8802e-01,
           4.0496e-01, 4.6226e-01],
          [5.9656e-01, 3.3998e-02, 2.1077e-01,  ..., 4.0496e-01,
           2.8857e-01, 9.3167e-01],
          [6.6135e-01, 4.3692e-01, 4.8739e-01,  ..., 5.7604e-01,
           7.6832e-01, 9.6972e-02],
          ...,
          [1.7897e-01, 3.4961e-01, 4.5271e-01,  ..., 3.9738e-01,
           4.7800e-01, 1.5535e-01],
          [3.7078e-01, 1.4096e-01, 6.9051e-02,  ..., 2.8201e-01,
           2.1733e-01, 6.4609e-01],
          [6.5730e-01, 7.5536e-01, 9.6632e-01,  ..., 9.5473e-01,
           6.0813e-01, 4.2661e-01]],

         [[4.4986e-01, 5.8558e-01, 3.3524e-02,  ..., 6.7986e-01,
           9.7283e-01, 5.8230e-02],
          [7.5408e-01, 5.6266e-02, 3.0570e-01,  ..., 3.3321e-01,
           9.7321e-01, 8.9909e-01],
          [5.1981e-01, 8.4370e-02, 8.0851e-02,  ..., 2.7020e-01,
           1.6541e-01, 4.4394e-04],
          ...,
          [9.4085e-01, 4.7790e-01, 7.2599e-01,  ..., 3.5977e-01,
           2.6245e-01, 2.4062e-01],
          [5.7896e-01, 8.3580e-01, 4.7595e-01,  ..., 9.4292e-01,
           6.3652e-01, 9.5774e-01],
          [9.4568e-01, 5.1085e-01, 7.7824e-01,  ..., 6.8655e-01,
           7.7033e-01, 7.9880e-01]]],


        [[[9.4436e-01, 8.8680e-01, 6.8079e-01,  ..., 3.4426e-01,
           2.2932e-01, 8.8401e-01],
          [8.3090e-01, 6.8537e-01, 4.4511e-02,  ..., 8.0599e-01,
           8.2268e-01, 3.5526e-01],
          [9.3439e-01, 7.1598e-01, 4.7807e-01,  ..., 7.6931e-01,
           9.2555e-02, 5.7055e-01],
          ...,
          [5.8004e-01, 8.8985e-01, 3.1688e-01,  ..., 4.0264e-01,
           3.9665e-01, 6.4460e-02],
          [1.5524e-01, 7.1025e-01, 7.1556e-01,  ..., 8.5314e-02,
           3.7368e-01, 8.8639e-01],
          [8.0797e-01, 5.3510e-01, 3.0544e-01,  ..., 5.7179e-02,
           4.5604e-01, 8.1944e-01]],

         [[2.2968e-01, 5.7993e-01, 9.8980e-01,  ..., 5.6779e-01,
           3.7173e-02, 9.0635e-01],
          [8.9968e-01, 6.6130e-01, 6.5778e-01,  ..., 6.2615e-01,
           2.8767e-01, 3.6986e-01],
          [9.8194e-01, 4.6002e-01, 1.2310e-01,  ..., 7.9127e-02,
           9.8745e-01, 2.1092e-01],
          ...,
          [3.0720e-01, 6.5328e-02, 9.8543e-01,  ..., 9.2035e-01,
           7.2289e-02, 6.8260e-01],
          [1.0106e-01, 1.1549e-01, 3.7008e-01,  ..., 9.9975e-02,
           2.6580e-01, 1.7101e-01],
          [6.0398e-01, 5.5804e-01, 1.4139e-01,  ..., 8.0332e-02,
           4.7914e-01, 6.8262e-01]],

         [[1.5357e-01, 7.8531e-01, 9.5361e-01,  ..., 2.9733e-01,
           9.8990e-01, 4.4159e-01],
          [9.5333e-01, 9.2994e-01, 1.3054e-01,  ..., 7.8481e-01,
           9.1279e-03, 7.6176e-01],
          [7.2704e-01, 3.7622e-01, 1.1704e-02,  ..., 6.0799e-01,
           8.2129e-02, 5.9945e-01],
          ...,
          [9.8496e-01, 2.8462e-01, 2.2920e-01,  ..., 2.4533e-02,
           1.9270e-01, 1.3423e-01],
          [3.3271e-01, 2.3872e-01, 5.8156e-01,  ..., 8.6615e-01,
           6.7650e-01, 2.7868e-01],
          [1.7285e-02, 3.5519e-01, 7.3595e-01,  ..., 9.1761e-01,
           5.8985e-01, 3.6910e-02]],

         ...,

         [[7.9384e-01, 3.0201e-01, 4.7221e-01,  ..., 5.3362e-01,
           7.6603e-01, 2.6459e-01],
          [2.8747e-01, 8.8571e-01, 6.2674e-01,  ..., 3.8332e-01,
           6.2180e-01, 7.7717e-01],
          [9.2016e-02, 5.3987e-01, 9.9073e-01,  ..., 8.4838e-01,
           9.4732e-01, 6.2508e-01],
          ...,
          [1.4671e-01, 6.8528e-01, 2.2380e-01,  ..., 5.5886e-01,
           7.1946e-01, 4.2619e-01],
          [8.9741e-01, 8.2734e-01, 9.1146e-01,  ..., 8.8428e-01,
           7.3762e-01, 2.3758e-01],
          [5.0862e-01, 5.3973e-01, 7.1099e-01,  ..., 2.7070e-01,
           2.0758e-01, 3.6866e-01]],

         [[1.9277e-01, 1.0765e-02, 1.0277e-01,  ..., 1.6412e-01,
           2.5490e-01, 1.7544e-01],
          [2.8581e-01, 6.2004e-01, 3.0655e-01,  ..., 7.4751e-01,
           3.3826e-02, 3.3760e-03],
          [6.8085e-01, 5.7817e-01, 6.0814e-01,  ..., 9.0397e-01,
           9.9253e-01, 8.6040e-01],
          ...,
          [2.2466e-01, 7.0888e-01, 4.4842e-01,  ..., 2.1458e-01,
           3.7057e-01, 5.3550e-01],
          [2.9828e-01, 2.4064e-01, 9.4370e-02,  ..., 5.5455e-01,
           9.1928e-01, 4.0007e-01],
          [4.2060e-01, 5.4169e-01, 5.5055e-01,  ..., 3.8745e-01,
           2.6292e-01, 4.4420e-01]],

         [[8.8584e-02, 1.4493e-01, 3.6553e-01,  ..., 5.8497e-02,
           6.0900e-01, 8.1704e-01],
          [8.4490e-01, 1.6199e-01, 7.0332e-01,  ..., 4.9244e-03,
           8.2276e-01, 4.2522e-01],
          [6.6716e-01, 2.1392e-01, 4.0678e-01,  ..., 2.2305e-01,
           7.0405e-01, 6.2167e-01],
          ...,
          [5.2468e-01, 5.8802e-01, 8.5754e-01,  ..., 7.4329e-01,
           4.5829e-01, 6.1985e-02],
          [8.6769e-01, 4.3113e-01, 8.6678e-01,  ..., 8.0631e-01,
           8.1021e-01, 2.2573e-01],
          [2.4269e-01, 9.2589e-01, 6.5273e-01,  ..., 3.8827e-01,
           2.7510e-01, 8.0021e-01]]],


        [[[6.4190e-01, 8.2382e-01, 2.5702e-01,  ..., 7.0318e-01,
           9.5471e-01, 5.4307e-01],
          [3.5609e-01, 9.9132e-03, 6.6000e-01,  ..., 9.0511e-01,
           6.2299e-01, 9.9557e-01],
          [4.6556e-01, 8.1069e-01, 6.7840e-01,  ..., 6.7327e-01,
           2.1778e-01, 6.9972e-02],
          ...,
          [1.2216e-01, 4.7282e-01, 1.3017e-01,  ..., 5.0776e-01,
           5.9528e-01, 4.6311e-01],
          [3.8369e-01, 7.7374e-01, 9.8706e-01,  ..., 8.2201e-01,
           9.3144e-01, 8.3851e-01],
          [9.1302e-01, 4.7458e-01, 9.9529e-01,  ..., 4.0150e-01,
           7.1720e-01, 3.8788e-02]],

         [[8.3446e-01, 2.2278e-01, 5.4658e-01,  ..., 5.5824e-01,
           5.3482e-02, 7.0996e-01],
          [9.0339e-01, 6.8897e-01, 5.0111e-01,  ..., 6.4384e-01,
           5.5073e-01, 2.1365e-01],
          [2.9055e-02, 7.7042e-01, 3.0039e-01,  ..., 8.6404e-01,
           5.2846e-01, 6.8009e-01],
          ...,
          [3.9983e-03, 2.5103e-01, 5.5152e-01,  ..., 8.8044e-02,
           1.4291e-01, 1.4581e-01],
          [2.5152e-01, 7.6677e-01, 6.0733e-03,  ..., 2.7230e-01,
           9.1977e-01, 8.5824e-01],
          [6.4308e-01, 7.4048e-01, 1.0472e-01,  ..., 4.8632e-01,
           3.1116e-01, 7.0641e-01]],

         [[3.1379e-01, 2.8682e-01, 3.9131e-01,  ..., 2.1447e-01,
           3.3484e-01, 8.6763e-01],
          [1.9287e-01, 9.4197e-01, 3.2635e-02,  ..., 7.4985e-01,
           6.8790e-01, 4.5822e-01],
          [5.9348e-01, 5.5901e-02, 5.5917e-01,  ..., 6.8375e-01,
           6.7789e-02, 2.8180e-01],
          ...,
          [1.9311e-02, 6.4759e-01, 2.1521e-01,  ..., 1.9604e-01,
           6.2151e-01, 6.2783e-01],
          [9.2123e-01, 8.5124e-01, 1.1370e-01,  ..., 7.9867e-01,
           6.0880e-01, 3.6630e-01],
          [8.5623e-01, 4.7232e-01, 8.5260e-01,  ..., 2.2224e-01,
           6.4967e-02, 8.1252e-02]],

         ...,

         [[3.0676e-01, 2.6910e-01, 6.6321e-01,  ..., 1.5491e-01,
           3.1583e-01, 5.8180e-01],
          [8.2355e-01, 7.0593e-02, 7.7171e-01,  ..., 1.2178e-01,
           8.7451e-01, 8.9394e-01],
          [3.2466e-01, 2.6216e-02, 9.8128e-01,  ..., 4.8943e-01,
           6.1242e-01, 3.9988e-02],
          ...,
          [7.4808e-01, 5.1112e-01, 2.9113e-01,  ..., 6.2440e-01,
           8.9017e-01, 4.1186e-01],
          [4.9906e-01, 4.7132e-01, 7.4884e-01,  ..., 7.0641e-01,
           1.8011e-01, 2.3225e-03],
          [9.6713e-01, 7.7869e-01, 4.6894e-01,  ..., 9.9239e-01,
           3.4617e-01, 6.3177e-01]],

         [[1.1776e-01, 8.5142e-02, 5.2571e-01,  ..., 6.4114e-01,
           6.6482e-01, 2.5150e-01],
          [5.1104e-01, 4.8886e-01, 2.1329e-03,  ..., 6.0300e-03,
           2.5037e-01, 3.8685e-01],
          [6.1667e-01, 9.8449e-01, 4.9725e-01,  ..., 8.9145e-01,
           2.4007e-01, 7.0903e-01],
          ...,
          [4.1438e-01, 2.4027e-01, 8.4802e-01,  ..., 6.4368e-01,
           8.1968e-01, 2.3315e-01],
          [6.6890e-01, 2.0934e-01, 8.8898e-02,  ..., 2.5577e-02,
           3.2374e-01, 2.2892e-01],
          [3.8669e-03, 6.9451e-02, 6.3379e-01,  ..., 1.7545e-01,
           1.1721e-01, 4.1784e-01]],

         [[4.4131e-01, 4.6673e-03, 3.8876e-01,  ..., 1.6222e-01,
           3.0449e-01, 3.9666e-01],
          [8.5632e-01, 2.7063e-01, 8.6957e-01,  ..., 5.6567e-01,
           2.6688e-01, 8.1763e-01],
          [1.1529e-01, 1.4694e-01, 5.8282e-01,  ..., 2.4012e-01,
           1.2648e-01, 5.1580e-01],
          ...,
          [3.3462e-02, 2.0326e-01, 1.2880e-01,  ..., 8.5741e-01,
           5.1267e-03, 2.0191e-01],
          [2.9006e-01, 7.6738e-01, 7.7094e-01,  ..., 3.1505e-01,
           4.9770e-01, 4.4013e-01],
          [3.9795e-01, 9.7163e-01, 7.7343e-01,  ..., 5.7096e-01,
           8.0425e-01, 3.4400e-02]]]])
