tensor([[[[0.6530, 0.6742, 0.8486,  ..., 0.8393, 0.7508, 0.2450],
          [0.9236, 0.6534, 0.1654,  ..., 0.7082, 0.1408, 0.3377],
          [0.7896, 0.6823, 0.8181,  ..., 0.8328, 0.0353, 0.3741],
          ...,
          [0.9985, 0.6976, 0.6389,  ..., 0.2618, 0.6215, 0.8199],
          [0.9808, 0.4785, 0.3412,  ..., 0.7907, 0.7563, 0.2933],
          [0.4190, 0.2036, 0.7244,  ..., 0.3776, 0.7052, 0.0450]],

         [[0.6183, 0.4072, 0.8378,  ..., 0.9854, 0.7372, 0.5462],
          [0.2260, 0.3610, 0.8409,  ..., 0.3155, 0.0689, 0.1136],
          [0.7144, 0.1352, 0.6256,  ..., 0.1694, 0.4208, 0.2234],
          ...,
          [0.3244, 0.7344, 0.0865,  ..., 0.1168, 0.7264, 0.5700],
          [0.7849, 0.7286, 0.9306,  ..., 0.9859, 0.0776, 0.5371],
          [0.8230, 0.3685, 0.5400,  ..., 0.3180, 0.1425, 0.7790]],

         [[0.0992, 0.4187, 0.4787,  ..., 0.7182, 0.9780, 0.4427],
          [0.0574, 0.7023, 0.6550,  ..., 0.7271, 0.4757, 0.0448],
          [0.5206, 0.3513, 0.1162,  ..., 0.9680, 0.0744, 0.9433],
          ...,
          [0.5263, 0.3235, 0.6937,  ..., 0.3061, 0.9941, 0.4730],
          [0.8078, 0.8539, 0.5762,  ..., 0.7077, 0.5513, 0.4389],
          [0.0395, 0.4073, 0.4993,  ..., 0.1632, 0.0590, 0.2782]],

         ...,

         [[0.5093, 0.6336, 0.4262,  ..., 0.2931, 0.5963, 0.9076],
          [0.4435, 0.8091, 0.5502,  ..., 0.3938, 0.5161, 0.2576],
          [0.0741, 0.8397, 0.6094,  ..., 0.5075, 0.7157, 0.1820],
          ...,
          [0.4841, 0.0951, 0.3023,  ..., 0.0546, 0.0422, 0.0145],
          [0.5997, 0.5539, 0.9040,  ..., 0.8605, 0.3759, 0.8958],
          [0.9921, 0.4647, 0.9084,  ..., 0.3128, 0.6177, 0.5090]],

         [[0.0995, 0.9289, 0.6624,  ..., 0.0741, 0.3425, 0.7288],
          [0.1278, 0.5850, 0.3263,  ..., 0.6927, 0.7670, 0.6314],
          [0.8947, 0.3557, 0.4776,  ..., 0.0781, 0.9752, 0.5371],
          ...,
          [0.4018, 0.1591, 0.5814,  ..., 0.2961, 0.3283, 0.0430],
          [0.7440, 0.4013, 0.8839,  ..., 0.0289, 0.0624, 0.9213],
          [0.5658, 0.9873, 0.7550,  ..., 0.6871, 0.7225, 0.3438]],

         [[0.4832, 0.9547, 0.1122,  ..., 0.8648, 0.6699, 0.8089],
          [0.9652, 0.9728, 0.3489,  ..., 0.3427, 0.5751, 0.4371],
          [0.8520, 0.8091, 0.7311,  ..., 0.2605, 0.7134, 0.4697],
          ...,
          [0.9378, 0.7283, 0.8976,  ..., 0.8877, 0.1883, 0.3145],
          [0.7286, 0.0456, 0.2345,  ..., 0.4397, 0.3412, 0.5440],
          [0.4660, 0.7651, 0.0474,  ..., 0.7254, 0.3807, 0.2761]]],


        [[[0.9587, 0.2758, 0.7988,  ..., 0.5621, 0.7822, 0.4337],
          [0.1260, 0.2514, 0.2312,  ..., 0.4332, 0.7305, 0.6744],
          [0.1091, 0.2113, 0.0073,  ..., 0.9062, 0.2536, 0.2430],
          ...,
          [0.1593, 0.1379, 0.8126,  ..., 0.3136, 0.1106, 0.3818],
          [0.9521, 0.9192, 0.4285,  ..., 0.7059, 0.7120, 0.1621],
          [0.0705, 0.1285, 0.9212,  ..., 0.4667, 0.5028, 0.7437]],

         [[0.7928, 0.5335, 0.5565,  ..., 0.4902, 0.1624, 0.8661],
          [0.6302, 0.6218, 0.2189,  ..., 0.3663, 0.6488, 0.5801],
          [0.5535, 0.1184, 0.9591,  ..., 0.1508, 0.8158, 0.9231],
          ...,
          [0.8495, 0.5185, 0.5634,  ..., 0.5526, 0.6178, 0.8097],
          [0.7904, 0.0145, 0.5891,  ..., 0.4642, 0.8787, 0.6147],
          [0.4152, 0.5411, 0.4773,  ..., 0.4418, 0.3541, 0.2126]],

         [[0.4308, 0.9618, 0.7638,  ..., 0.2202, 0.5540, 0.9246],
          [0.4075, 0.3519, 0.6161,  ..., 0.3121, 0.2451, 0.1829],
          [0.4377, 0.5006, 0.6367,  ..., 0.7600, 0.0975, 0.2239],
          ...,
          [0.4106, 0.8301, 0.7430,  ..., 0.5508, 0.2263, 0.7833],
          [0.2533, 0.6205, 0.6398,  ..., 0.1826, 0.4095, 0.4501],
          [0.2329, 0.6646, 0.1806,  ..., 0.0358, 0.7838, 0.0985]],

         ...,

         [[0.2812, 0.6837, 0.5028,  ..., 0.7462, 0.5737, 0.1766],
          [0.1605, 0.2134, 0.8654,  ..., 0.3129, 0.8799, 0.7097],
          [0.0982, 0.1962, 0.9348,  ..., 0.3197, 0.5167, 0.3008],
          ...,
          [0.9184, 0.5501, 0.0215,  ..., 0.2333, 0.1624, 0.9215],
          [0.7136, 0.7231, 0.3338,  ..., 0.0757, 0.8180, 0.8281],
          [0.5511, 0.3478, 0.2824,  ..., 0.7572, 0.7392, 0.7129]],

         [[0.9031, 0.8655, 0.6206,  ..., 0.1207, 0.5016, 0.7815],
          [0.6907, 0.8821, 0.5831,  ..., 0.8766, 0.3994, 0.0153],
          [0.6232, 0.1054, 0.6940,  ..., 0.9489, 0.4636, 0.8041],
          ...,
          [0.5461, 0.0972, 0.2748,  ..., 0.0106, 0.1504, 0.3899],
          [0.5165, 0.4474, 0.9951,  ..., 0.1978, 0.1766, 0.1392],
          [0.6813, 0.5194, 0.7148,  ..., 0.5059, 0.5778, 0.8341]],

         [[0.3892, 0.1544, 0.8394,  ..., 0.4592, 0.0467, 0.8230],
          [0.6259, 0.4797, 0.2484,  ..., 0.1223, 0.9299, 0.7667],
          [0.7986, 0.5644, 0.1336,  ..., 0.4431, 0.1626, 0.7367],
          ...,
          [0.2641, 0.8254, 0.0661,  ..., 0.8625, 0.5581, 0.5580],
          [0.3711, 0.2238, 0.4245,  ..., 0.7472, 0.9656, 0.4894],
          [0.0017, 0.6685, 0.2419,  ..., 0.2894, 0.5097, 0.1139]]],


        [[[0.3130, 0.9179, 0.4008,  ..., 0.6033, 0.7541, 0.5598],
          [0.9817, 0.6466, 0.3607,  ..., 0.8430, 0.1659, 0.2544],
          [0.9465, 0.4872, 0.2108,  ..., 0.9873, 0.0949, 0.9197],
          ...,
          [0.8543, 0.2751, 0.6291,  ..., 0.9090, 0.4907, 0.7614],
          [0.2387, 0.9852, 0.3951,  ..., 0.7990, 0.7103, 0.5513],
          [0.9064, 0.4935, 0.7182,  ..., 0.0558, 0.4429, 0.7778]],

         [[0.6687, 0.6370, 0.6624,  ..., 0.1253, 0.5782, 0.2434],
          [0.4061, 0.8250, 0.3703,  ..., 0.7325, 0.5567, 0.0767],
          [0.5674, 0.4995, 0.3039,  ..., 0.6652, 0.5482, 0.9917],
          ...,
          [0.0774, 0.6342, 0.8463,  ..., 0.1479, 0.6451, 0.9367],
          [0.8583, 0.1988, 0.0187,  ..., 0.5240, 0.3641, 0.1383],
          [0.4910, 0.3922, 0.0851,  ..., 0.8363, 0.2538, 0.8732]],

         [[0.7454, 0.0916, 0.0885,  ..., 0.6452, 0.7069, 0.1915],
          [0.1722, 0.3990, 0.1592,  ..., 0.2267, 0.5645, 0.6258],
          [0.4902, 0.8537, 0.1218,  ..., 0.5601, 0.8306, 0.5009],
          ...,
          [0.2631, 0.6404, 0.2139,  ..., 0.3216, 0.5741, 0.1413],
          [0.7510, 0.7189, 0.6638,  ..., 0.3864, 0.9698, 0.7297],
          [0.2491, 0.2574, 0.7793,  ..., 0.9740, 0.6679, 0.0587]],

         ...,

         [[0.7875, 0.4350, 0.2681,  ..., 0.1312, 0.2132, 0.1334],
          [0.2465, 0.2788, 0.8751,  ..., 0.0524, 0.8131, 0.8154],
          [0.8973, 0.7172, 0.9131,  ..., 0.3084, 0.3296, 0.0451],
          ...,
          [0.1919, 0.8148, 0.8422,  ..., 0.6763, 0.8553, 0.9734],
          [0.0014, 0.8663, 0.8583,  ..., 0.3263, 0.7730, 0.2216],
          [0.8714, 0.0928, 0.4398,  ..., 0.9959, 0.5199, 0.6045]],

         [[0.2116, 0.3747, 0.0746,  ..., 0.6286, 0.3996, 0.5698],
          [0.3609, 0.4313, 0.8225,  ..., 0.9624, 0.8259, 0.7435],
          [0.6545, 0.1631, 0.1735,  ..., 0.8511, 0.7517, 0.7053],
          ...,
          [0.6162, 0.5862, 0.9300,  ..., 0.3259, 0.1603, 0.3696],
          [0.4707, 0.1660, 0.3595,  ..., 0.8435, 0.0441, 0.7879],
          [0.1387, 0.4770, 0.4112,  ..., 0.1282, 0.7659, 0.6129]],

         [[0.3949, 0.3649, 0.2368,  ..., 0.1879, 0.5007, 0.4326],
          [0.6534, 0.4858, 0.7770,  ..., 0.3346, 0.7520, 0.3898],
          [0.3686, 0.5631, 0.3578,  ..., 0.9104, 0.7549, 0.1979],
          ...,
          [0.5422, 0.0952, 0.3418,  ..., 0.7099, 0.9215, 0.7653],
          [0.5107, 0.6182, 0.8050,  ..., 0.0736, 0.2673, 0.0896],
          [0.4930, 0.1708, 0.1540,  ..., 0.6151, 0.4494, 0.1826]]],


        ...,


        [[[0.2307, 0.2127, 0.1426,  ..., 0.3817, 0.5162, 0.8010],
          [0.0272, 0.0673, 0.0713,  ..., 0.0370, 0.5389, 0.1155],
          [0.3615, 0.5302, 0.2636,  ..., 0.7314, 0.0300, 0.2900],
          ...,
          [0.7617, 0.1809, 0.4154,  ..., 0.7707, 0.6695, 0.5833],
          [0.6324, 0.8477, 0.8786,  ..., 0.4205, 0.4852, 0.5199],
          [0.1940, 0.0293, 0.9634,  ..., 0.2658, 0.3601, 0.9543]],

         [[0.8397, 0.7521, 0.2056,  ..., 0.2016, 0.2846, 0.0146],
          [0.4553, 0.2782, 0.1572,  ..., 0.7998, 0.7530, 0.3146],
          [0.8921, 0.1281, 0.5459,  ..., 0.5640, 0.9452, 0.8291],
          ...,
          [0.8496, 0.4830, 0.9013,  ..., 0.1235, 0.0882, 0.3395],
          [0.3504, 0.7817, 0.6873,  ..., 0.1252, 0.0785, 0.3037],
          [0.7468, 0.5138, 0.6996,  ..., 0.0645, 0.7826, 0.9122]],

         [[0.5523, 0.9117, 0.2554,  ..., 0.7894, 0.1457, 0.5176],
          [0.6379, 0.1848, 0.8947,  ..., 0.9758, 0.9181, 0.4622],
          [0.4838, 0.8890, 0.1051,  ..., 0.1216, 0.0779, 0.6839],
          ...,
          [0.1650, 0.9028, 0.6535,  ..., 0.3417, 0.8376, 0.7461],
          [0.2094, 0.6142, 0.7917,  ..., 0.6187, 0.8262, 0.5960],
          [0.3069, 0.4791, 0.1393,  ..., 0.2020, 0.3066, 0.5708]],

         ...,

         [[0.8280, 0.2492, 0.6115,  ..., 0.1405, 0.7777, 0.5164],
          [0.9578, 0.8329, 0.1347,  ..., 0.7478, 0.1715, 0.3570],
          [0.4661, 0.5263, 0.0700,  ..., 0.9432, 0.6566, 0.3441],
          ...,
          [0.0110, 0.3874, 0.2779,  ..., 0.3696, 0.9229, 0.0897],
          [0.6745, 0.7159, 0.4508,  ..., 0.3234, 0.5031, 0.1220],
          [0.6317, 0.1238, 0.8394,  ..., 0.2579, 0.8236, 0.4185]],

         [[0.8893, 0.0259, 0.7216,  ..., 0.2139, 0.1256, 0.0374],
          [0.0583, 0.3389, 0.3198,  ..., 0.7649, 0.0119, 0.5555],
          [0.4584, 0.9529, 0.9725,  ..., 0.0273, 0.7772, 0.7081],
          ...,
          [0.2814, 0.9449, 0.5554,  ..., 0.1254, 0.7570, 0.2031],
          [0.8124, 0.2221, 0.5725,  ..., 0.7279, 0.9487, 0.4268],
          [0.2435, 0.5803, 0.1116,  ..., 0.3729, 0.1439, 0.7397]],

         [[0.6684, 0.0285, 0.6459,  ..., 0.0424, 0.8279, 0.4669],
          [0.8440, 0.9269, 0.5550,  ..., 0.6587, 0.2660, 0.2690],
          [0.1571, 0.9937, 0.9549,  ..., 0.3426, 0.4360, 0.6739],
          ...,
          [0.3719, 0.8264, 0.2439,  ..., 0.1486, 0.3662, 0.2920],
          [0.2460, 0.8915, 0.6682,  ..., 0.4263, 0.6307, 0.0960],
          [0.1769, 0.0249, 0.2357,  ..., 0.2915, 0.3655, 0.3014]]],


        [[[0.2028, 0.0576, 0.7364,  ..., 0.6823, 0.8365, 0.0602],
          [0.5557, 0.4176, 0.8763,  ..., 0.6557, 0.3910, 0.2119],
          [0.2828, 0.2168, 0.9993,  ..., 0.2610, 0.7787, 0.7062],
          ...,
          [0.8636, 0.3055, 0.5730,  ..., 0.6941, 0.7331, 0.4338],
          [0.1366, 0.1779, 0.5231,  ..., 0.9128, 0.1011, 0.8107],
          [0.2881, 0.4308, 0.3550,  ..., 0.5944, 0.9308, 0.4180]],

         [[0.6042, 0.4099, 0.4575,  ..., 0.7486, 0.2652, 0.2580],
          [0.3031, 0.1809, 0.4252,  ..., 0.2885, 0.5043, 0.1822],
          [0.8810, 0.3708, 0.3378,  ..., 0.5913, 0.4595, 0.9123],
          ...,
          [0.3201, 0.2806, 0.5615,  ..., 0.4181, 0.0898, 0.6368],
          [0.1432, 0.0696, 0.6422,  ..., 0.6478, 0.3359, 0.7555],
          [0.3236, 0.2489, 0.9130,  ..., 0.5829, 0.3774, 0.7707]],

         [[0.1409, 0.8434, 0.1967,  ..., 0.3316, 0.8611, 0.9016],
          [0.8110, 0.7769, 0.2722,  ..., 0.0156, 0.3183, 0.5747],
          [0.7804, 0.2194, 0.0705,  ..., 0.3137, 0.6177, 0.3244],
          ...,
          [0.8136, 0.3067, 0.1149,  ..., 0.4443, 0.4773, 0.8350],
          [0.1198, 0.4154, 0.4272,  ..., 0.3825, 0.7036, 0.5705],
          [0.1545, 0.7280, 0.9814,  ..., 0.8165, 0.9017, 0.3918]],

         ...,

         [[0.1726, 0.4848, 0.7031,  ..., 0.8983, 0.0920, 0.9091],
          [0.1147, 0.4106, 0.9404,  ..., 0.3567, 0.2385, 0.1304],
          [0.0582, 0.5024, 0.5114,  ..., 0.6343, 0.1672, 0.3410],
          ...,
          [0.8300, 0.4094, 0.4304,  ..., 0.8488, 0.7641, 0.8140],
          [0.4596, 0.9701, 0.0719,  ..., 0.3974, 0.2410, 0.3336],
          [0.4729, 0.7367, 0.1534,  ..., 0.1717, 0.3833, 0.8712]],

         [[0.6301, 0.5600, 0.6344,  ..., 0.0149, 0.6594, 0.6288],
          [0.7307, 0.9660, 0.8580,  ..., 0.3572, 0.2586, 0.0687],
          [0.1851, 0.4856, 0.2757,  ..., 0.2411, 0.9230, 0.7525],
          ...,
          [0.5679, 0.5368, 0.2562,  ..., 0.0621, 0.4140, 0.8780],
          [0.2208, 0.6955, 0.2732,  ..., 0.4359, 0.9930, 0.1330],
          [0.8272, 0.9108, 0.7039,  ..., 0.1215, 0.9108, 0.7909]],

         [[0.0238, 0.1235, 0.9073,  ..., 0.4478, 0.3620, 0.6561],
          [0.2856, 0.8801, 0.9475,  ..., 0.8248, 0.3135, 0.9981],
          [0.9388, 0.4290, 0.9688,  ..., 0.9823, 0.4357, 0.4669],
          ...,
          [0.7630, 0.5316, 0.2637,  ..., 0.3365, 0.3920, 0.8600],
          [0.6636, 0.3631, 0.4440,  ..., 0.2468, 0.6939, 0.0866],
          [0.9047, 0.8018, 0.3363,  ..., 0.1772, 0.0744, 0.0445]]],


        [[[0.3656, 0.0460, 0.7999,  ..., 0.2666, 0.5810, 0.3033],
          [0.4436, 0.0723, 0.3941,  ..., 0.3585, 0.5096, 0.4567],
          [0.4547, 0.6040, 0.1045,  ..., 0.9810, 0.1343, 0.9588],
          ...,
          [0.7825, 0.5418, 0.1327,  ..., 0.2913, 0.1161, 0.3034],
          [0.9119, 0.9619, 0.7820,  ..., 0.4651, 0.5201, 0.2426],
          [0.0598, 0.0509, 0.8768,  ..., 0.9005, 0.4376, 0.3520]],

         [[0.2825, 0.2031, 0.2911,  ..., 0.6015, 0.0820, 0.4129],
          [0.2363, 0.5619, 0.0830,  ..., 0.3944, 0.5430, 0.9884],
          [0.9969, 0.5412, 0.4978,  ..., 0.5627, 0.3091, 0.8684],
          ...,
          [0.1326, 0.7015, 0.1143,  ..., 0.8619, 0.2989, 0.3009],
          [0.3128, 0.4408, 0.9118,  ..., 0.1174, 0.9555, 0.1069],
          [0.8231, 0.4487, 0.5735,  ..., 0.3544, 0.7434, 0.5715]],

         [[0.7667, 0.4823, 0.5840,  ..., 0.8963, 0.4802, 0.4199],
          [0.1569, 0.8434, 0.0434,  ..., 0.8369, 0.1431, 0.0800],
          [0.0795, 0.6930, 0.9341,  ..., 0.6261, 0.1831, 0.2266],
          ...,
          [0.0086, 0.2429, 0.2311,  ..., 0.1942, 0.0895, 0.6596],
          [0.3207, 0.4465, 0.9061,  ..., 0.8993, 0.3370, 0.4515],
          [0.6733, 0.1420, 0.6444,  ..., 0.6363, 0.0671, 0.3046]],

         ...,

         [[0.2604, 0.8988, 0.6774,  ..., 0.8929, 0.5982, 0.1608],
          [0.5696, 0.7671, 0.1383,  ..., 0.6551, 0.7708, 0.2301],
          [0.4039, 0.4307, 0.5839,  ..., 0.0541, 0.2541, 0.3057],
          ...,
          [0.2477, 0.6358, 0.6413,  ..., 0.4661, 0.1248, 0.8475],
          [0.9253, 0.9258, 0.1090,  ..., 0.6485, 0.6146, 0.2827],
          [0.2691, 0.0095, 0.2781,  ..., 0.3213, 0.0371, 0.7358]],

         [[0.8182, 0.0466, 0.2015,  ..., 0.7194, 0.4588, 0.8626],
          [0.7323, 0.4123, 0.9602,  ..., 0.1899, 0.9860, 0.2230],
          [0.2814, 0.4712, 0.0811,  ..., 0.8107, 0.3257, 0.7630],
          ...,
          [0.7526, 0.9913, 0.2720,  ..., 0.3232, 0.6662, 0.0838],
          [0.6724, 0.5385, 0.6674,  ..., 0.2755, 0.4590, 0.6645],
          [0.0620, 0.0217, 0.8426,  ..., 0.7490, 0.8472, 0.5120]],

         [[0.3592, 0.8664, 0.3619,  ..., 0.8232, 0.3024, 0.3554],
          [0.5025, 0.8958, 0.1418,  ..., 0.7394, 0.5934, 0.6113],
          [0.9311, 0.7007, 0.0272,  ..., 0.2970, 0.7906, 0.3149],
          ...,
          [0.8804, 0.5790, 0.3169,  ..., 0.9800, 0.4975, 0.9910],
          [0.8987, 0.6347, 0.0892,  ..., 0.0894, 0.9542, 0.2114],
          [0.0047, 0.2934, 0.4796,  ..., 0.4975, 0.5270, 0.3458]]]])
