tensor([[[[4.3112e-01, 9.6124e-01, 7.1220e-01,  ..., 8.3306e-01,
           4.3472e-01, 4.5663e-01],
          [8.9661e-01, 7.7060e-01, 5.9264e-01,  ..., 2.1257e-01,
           2.2881e-01, 5.2558e-02],
          [1.3094e-01, 7.3789e-01, 3.5508e-01,  ..., 3.5170e-01,
           9.5584e-01, 8.6823e-01],
          ...,
          [7.7788e-01, 8.2190e-01, 1.7063e-01,  ..., 1.0830e-01,
           2.0459e-01, 3.6720e-01],
          [8.9275e-02, 5.1406e-01, 6.9710e-01,  ..., 1.6490e-01,
           2.6396e-01, 5.2369e-01],
          [7.4815e-02, 2.4945e-01, 3.2109e-01,  ..., 2.2165e-02,
           8.4323e-01, 1.4757e-01]],

         [[5.0458e-01, 2.0942e-01, 7.1344e-01,  ..., 1.2118e-01,
           5.6291e-01, 6.0408e-01],
          [4.0694e-01, 7.9812e-01, 9.0417e-01,  ..., 9.5371e-02,
           9.2743e-01, 2.7210e-01],
          [7.2189e-02, 4.1891e-01, 5.6477e-01,  ..., 3.3416e-01,
           2.0491e-02, 3.4789e-01],
          ...,
          [8.6967e-01, 7.1004e-01, 7.3850e-01,  ..., 6.8126e-01,
           3.2905e-01, 3.2834e-02],
          [3.6478e-01, 5.4853e-01, 9.1247e-01,  ..., 2.4018e-01,
           8.3431e-02, 5.2008e-01],
          [6.7201e-01, 4.2211e-01, 5.4974e-01,  ..., 3.4438e-02,
           4.0952e-01, 5.8507e-01]],

         [[5.4380e-01, 9.9602e-01, 9.6664e-01,  ..., 5.6370e-01,
           2.4737e-01, 6.3079e-01],
          [6.9765e-01, 9.0431e-01, 4.2160e-01,  ..., 3.9037e-01,
           4.9415e-01, 3.4069e-02],
          [2.8917e-01, 8.5937e-01, 3.0155e-02,  ..., 9.7750e-03,
           4.6824e-01, 2.7687e-01],
          ...,
          [1.5186e-01, 5.5040e-01, 7.8821e-01,  ..., 3.0967e-01,
           2.9993e-02, 4.3928e-01],
          [3.6261e-01, 6.4126e-02, 8.9428e-01,  ..., 3.8031e-01,
           8.6888e-02, 1.3979e-01],
          [4.2898e-02, 6.7620e-01, 3.4580e-01,  ..., 5.3340e-01,
           6.7177e-01, 4.8187e-01]],

         ...,

         [[9.8982e-01, 8.4236e-01, 4.9365e-01,  ..., 4.2418e-02,
           4.4051e-01, 1.3044e-01],
          [6.2380e-01, 7.1157e-01, 3.5573e-01,  ..., 5.3449e-01,
           7.2829e-01, 6.1480e-01],
          [8.0768e-01, 3.2701e-01, 1.3380e-01,  ..., 6.3586e-01,
           5.6771e-01, 1.0812e-01],
          ...,
          [7.3062e-01, 4.0060e-01, 5.2610e-01,  ..., 8.7714e-01,
           7.8906e-01, 4.1066e-01],
          [2.7926e-01, 9.8783e-01, 5.0255e-01,  ..., 6.0799e-01,
           1.8985e-01, 5.3478e-01],
          [2.4614e-01, 9.4189e-01, 9.0583e-02,  ..., 4.0206e-01,
           9.2853e-01, 7.6242e-01]],

         [[8.8213e-01, 6.9210e-01, 9.5999e-01,  ..., 3.3063e-01,
           4.6605e-02, 1.1899e-01],
          [5.1314e-02, 9.0969e-01, 1.8187e-01,  ..., 2.2935e-01,
           9.6154e-01, 5.9509e-01],
          [5.1819e-01, 2.5042e-01, 7.3075e-01,  ..., 3.1612e-02,
           5.1589e-01, 3.0914e-01],
          ...,
          [6.5697e-01, 5.3052e-01, 9.8125e-01,  ..., 9.0585e-01,
           8.7025e-01, 5.6907e-01],
          [1.4468e-01, 9.7156e-02, 1.3602e-01,  ..., 8.4226e-01,
           9.2242e-01, 1.4183e-01],
          [3.5564e-01, 3.8987e-01, 1.8167e-01,  ..., 8.2036e-01,
           1.8870e-01, 6.7368e-01]],

         [[6.3200e-01, 4.4279e-01, 3.8126e-01,  ..., 1.9688e-01,
           5.1231e-01, 9.1895e-01],
          [6.0827e-01, 9.7099e-02, 3.4406e-01,  ..., 3.3572e-01,
           5.5511e-01, 2.7762e-01],
          [4.9844e-01, 1.0133e-01, 1.9867e-01,  ..., 2.9735e-01,
           5.0811e-01, 3.4540e-01],
          ...,
          [7.5655e-01, 5.5417e-01, 4.2655e-01,  ..., 8.4226e-01,
           3.8520e-01, 1.9505e-01],
          [4.3257e-01, 7.0582e-01, 6.7275e-01,  ..., 2.7245e-01,
           8.9242e-01, 1.3058e-01],
          [5.5763e-01, 3.6558e-01, 1.7618e-01,  ..., 5.9919e-01,
           1.9471e-01, 6.5066e-01]]],


        [[[1.7261e-01, 8.0792e-01, 8.6269e-01,  ..., 2.0752e-01,
           6.5213e-01, 4.0020e-01],
          [1.6234e-01, 8.3152e-01, 3.3341e-01,  ..., 6.6161e-01,
           8.9015e-01, 9.5043e-01],
          [1.6802e-01, 2.2007e-01, 7.7788e-01,  ..., 8.8310e-01,
           6.5329e-01, 2.7388e-01],
          ...,
          [2.4133e-01, 4.9933e-02, 8.7063e-01,  ..., 9.3137e-01,
           4.2839e-01, 1.3534e-01],
          [1.6029e-01, 6.9998e-01, 4.0742e-01,  ..., 1.4488e-01,
           2.9586e-01, 6.6245e-01],
          [8.5223e-01, 1.9209e-01, 8.5656e-01,  ..., 9.1819e-01,
           7.8119e-01, 8.3821e-01]],

         [[8.2588e-01, 3.2849e-02, 1.4102e-01,  ..., 2.6909e-01,
           6.7509e-02, 6.1323e-01],
          [2.7536e-01, 9.5430e-01, 8.2785e-01,  ..., 5.3086e-01,
           5.3446e-01, 6.1480e-01],
          [3.1052e-02, 8.3111e-01, 9.1400e-01,  ..., 4.3105e-01,
           3.4540e-02, 3.0332e-01],
          ...,
          [8.5160e-02, 8.8023e-01, 3.5998e-01,  ..., 5.6549e-01,
           8.4681e-01, 1.7768e-01],
          [7.0472e-01, 8.6680e-02, 6.6883e-01,  ..., 1.7664e-02,
           6.0673e-02, 9.8148e-01],
          [6.1913e-01, 9.7464e-01, 9.3119e-01,  ..., 5.9956e-01,
           7.2097e-01, 9.3960e-02]],

         [[7.8096e-01, 5.8879e-01, 3.9893e-01,  ..., 9.0215e-01,
           4.9529e-01, 4.3545e-01],
          [2.8317e-01, 2.3480e-01, 7.0689e-01,  ..., 7.5233e-01,
           5.0262e-01, 6.6033e-01],
          [6.9172e-01, 3.6628e-01, 8.2406e-01,  ..., 1.7253e-01,
           1.8225e-01, 7.9520e-01],
          ...,
          [9.2736e-01, 2.2043e-01, 3.8273e-01,  ..., 9.3987e-01,
           3.0944e-01, 3.8613e-01],
          [2.7306e-01, 3.1006e-01, 8.2937e-01,  ..., 6.9115e-01,
           2.9999e-01, 6.6503e-01],
          [4.9442e-01, 2.8559e-01, 4.0492e-01,  ..., 5.0148e-01,
           4.6717e-01, 8.3006e-01]],

         ...,

         [[9.1230e-01, 2.5296e-01, 5.9302e-01,  ..., 3.4196e-01,
           1.9684e-01, 1.3376e-01],
          [5.9987e-01, 3.4302e-01, 4.3583e-01,  ..., 5.0361e-01,
           7.8348e-01, 6.0217e-01],
          [8.7058e-01, 3.9146e-01, 2.9593e-01,  ..., 7.6400e-02,
           8.2930e-01, 2.5488e-01],
          ...,
          [3.6526e-01, 2.2193e-01, 6.3066e-01,  ..., 5.3705e-02,
           5.3452e-01, 1.6179e-02],
          [8.3618e-01, 2.9253e-01, 6.0280e-01,  ..., 5.0964e-01,
           4.8512e-01, 6.4555e-01],
          [9.0548e-01, 3.0741e-01, 1.9752e-01,  ..., 2.8745e-01,
           7.9814e-01, 6.5761e-02]],

         [[6.3420e-01, 6.6868e-01, 2.7788e-01,  ..., 9.1740e-01,
           4.1307e-01, 9.6698e-01],
          [1.4578e-01, 1.4999e-02, 7.5406e-01,  ..., 1.2859e-01,
           2.2434e-01, 6.4389e-01],
          [5.3215e-01, 2.3315e-01, 6.5042e-01,  ..., 8.6046e-01,
           1.9925e-02, 3.7607e-01],
          ...,
          [8.6505e-01, 2.6460e-01, 1.3534e-01,  ..., 3.2338e-01,
           5.1001e-01, 9.4154e-02],
          [9.2451e-01, 3.3785e-01, 1.9844e-01,  ..., 9.8385e-02,
           8.6692e-01, 9.7338e-01],
          [2.2517e-01, 4.1256e-01, 6.8487e-02,  ..., 4.5867e-01,
           8.2137e-01, 2.7955e-01]],

         [[7.3103e-01, 2.6121e-01, 8.0066e-01,  ..., 1.2529e-01,
           1.6512e-01, 4.9288e-01],
          [3.1339e-01, 2.6233e-01, 1.6612e-01,  ..., 8.7326e-02,
           7.6342e-01, 9.5827e-02],
          [4.9778e-01, 2.0494e-01, 2.5253e-01,  ..., 3.9688e-01,
           6.4323e-01, 5.4600e-01],
          ...,
          [9.4774e-01, 8.2598e-01, 8.3144e-01,  ..., 7.8442e-01,
           5.1410e-01, 3.3976e-01],
          [6.8812e-01, 5.0495e-01, 8.3235e-01,  ..., 1.4557e-02,
           1.6537e-01, 5.0398e-01],
          [3.6138e-01, 5.4685e-01, 7.2977e-01,  ..., 9.7158e-01,
           2.1943e-02, 3.6310e-01]]],


        [[[5.9112e-01, 9.7534e-01, 5.3209e-01,  ..., 7.4920e-01,
           8.8770e-01, 2.3426e-01],
          [7.0857e-01, 3.2360e-01, 1.3665e-01,  ..., 6.1550e-01,
           3.4179e-01, 6.9280e-01],
          [8.9050e-01, 1.3038e-01, 2.3435e-01,  ..., 7.3914e-01,
           2.7703e-01, 4.0858e-02],
          ...,
          [6.2463e-01, 9.6537e-01, 1.4752e-02,  ..., 3.7449e-01,
           1.8611e-01, 5.3058e-01],
          [8.6947e-01, 4.4304e-01, 2.2806e-01,  ..., 2.6432e-01,
           2.3370e-01, 8.5396e-01],
          [4.9478e-01, 1.5693e-01, 1.5300e-01,  ..., 4.5906e-01,
           4.2836e-02, 7.8417e-01]],

         [[6.7766e-01, 5.0168e-01, 5.1148e-01,  ..., 5.4490e-01,
           7.5850e-01, 3.7380e-02],
          [6.9171e-01, 8.0209e-01, 2.0263e-01,  ..., 7.9560e-01,
           2.2677e-01, 7.2407e-01],
          [1.4747e-01, 6.8942e-01, 1.8665e-01,  ..., 5.6507e-01,
           7.7977e-01, 1.9793e-01],
          ...,
          [9.7961e-01, 2.2614e-01, 8.0752e-01,  ..., 3.0298e-01,
           6.4023e-01, 8.7661e-01],
          [1.8101e-01, 5.5280e-01, 4.2257e-01,  ..., 4.9308e-01,
           8.4047e-01, 5.4491e-02],
          [7.3620e-01, 1.8029e-01, 2.6682e-01,  ..., 2.1896e-01,
           3.0840e-01, 9.2613e-02]],

         [[7.1635e-01, 9.0128e-01, 4.0638e-01,  ..., 2.4246e-01,
           2.0193e-01, 9.6320e-01],
          [1.5238e-01, 2.9812e-02, 9.6291e-01,  ..., 4.7765e-01,
           4.5869e-01, 9.8354e-01],
          [2.4197e-01, 1.3531e-01, 2.8680e-01,  ..., 5.0465e-01,
           1.0612e-01, 5.6832e-01],
          ...,
          [8.2458e-01, 8.4699e-01, 4.6391e-01,  ..., 1.6945e-01,
           6.4207e-01, 9.1991e-01],
          [7.7838e-01, 7.3424e-01, 8.2743e-01,  ..., 5.6706e-01,
           9.3271e-01, 1.8181e-01],
          [4.5962e-01, 7.5453e-01, 1.8650e-01,  ..., 5.2132e-01,
           3.7427e-01, 3.9047e-01]],

         ...,

         [[5.0824e-01, 4.0748e-01, 6.3517e-01,  ..., 7.6528e-01,
           2.9678e-01, 4.1288e-01],
          [8.4647e-02, 1.5199e-01, 9.9818e-01,  ..., 8.6878e-01,
           4.4133e-01, 1.6869e-01],
          [8.8711e-01, 4.8258e-01, 4.1023e-01,  ..., 5.0691e-01,
           2.7251e-02, 7.6900e-01],
          ...,
          [6.0001e-02, 2.0752e-01, 3.3836e-01,  ..., 7.1821e-01,
           3.1146e-01, 2.8919e-01],
          [3.6128e-01, 9.8080e-01, 8.9417e-01,  ..., 2.0836e-01,
           6.6291e-01, 7.7422e-01],
          [2.1288e-01, 1.5057e-01, 7.9393e-01,  ..., 4.9182e-02,
           9.6635e-02, 4.8880e-01]],

         [[4.1065e-01, 1.9887e-01, 3.5949e-01,  ..., 7.8482e-01,
           7.2132e-01, 1.4954e-01],
          [3.5030e-01, 2.9985e-01, 8.3518e-01,  ..., 9.7162e-01,
           8.0150e-01, 2.2342e-01],
          [3.0617e-01, 9.6505e-01, 1.2204e-01,  ..., 5.3145e-01,
           6.0172e-02, 6.3801e-01],
          ...,
          [3.0881e-01, 2.2273e-02, 8.1396e-01,  ..., 8.7915e-01,
           2.1665e-01, 4.5149e-01],
          [6.1135e-01, 2.6546e-01, 7.7923e-01,  ..., 1.3357e-01,
           4.0723e-01, 5.6825e-01],
          [2.0777e-01, 8.1667e-01, 4.2013e-01,  ..., 6.2923e-01,
           7.5845e-01, 1.8961e-01]],

         [[6.7388e-01, 6.4418e-01, 6.0646e-01,  ..., 1.6347e-01,
           2.7081e-01, 3.8223e-01],
          [8.4183e-02, 2.2724e-01, 9.5835e-01,  ..., 3.8039e-01,
           3.9022e-01, 4.9326e-01],
          [7.6772e-01, 6.8222e-02, 5.1798e-01,  ..., 8.3270e-01,
           5.1515e-02, 9.7821e-01],
          ...,
          [8.7854e-02, 8.1459e-01, 3.6287e-01,  ..., 6.5650e-01,
           8.4783e-01, 7.6633e-01],
          [6.9557e-03, 6.6878e-02, 8.6412e-01,  ..., 5.0286e-01,
           3.9946e-01, 6.6074e-01],
          [1.0792e-01, 7.3967e-01, 8.6723e-01,  ..., 1.8679e-01,
           6.9580e-02, 7.6175e-01]]],


        ...,


        [[[9.2131e-01, 7.0751e-01, 8.2997e-01,  ..., 4.9428e-01,
           2.1392e-01, 4.7458e-01],
          [5.7600e-01, 1.9429e-01, 1.5912e-01,  ..., 1.3548e-01,
           7.6053e-01, 5.4564e-02],
          [7.3546e-01, 7.1112e-01, 3.6064e-01,  ..., 9.3562e-01,
           8.8583e-01, 9.6597e-01],
          ...,
          [1.2883e-01, 8.5213e-01, 4.7370e-01,  ..., 6.8544e-01,
           8.9298e-01, 8.5850e-01],
          [7.6654e-01, 4.9811e-01, 7.2563e-01,  ..., 6.2107e-01,
           4.7966e-01, 9.5805e-01],
          [4.2983e-01, 7.0505e-01, 9.7597e-01,  ..., 5.5351e-01,
           9.0965e-01, 6.3823e-01]],

         [[6.0666e-01, 3.8761e-01, 6.1999e-01,  ..., 9.6950e-01,
           1.7121e-01, 6.2558e-01],
          [2.8258e-01, 6.2459e-01, 3.8984e-01,  ..., 5.8191e-01,
           1.0150e-01, 6.6058e-01],
          [6.5873e-01, 9.6218e-01, 9.7744e-01,  ..., 7.2664e-02,
           8.7219e-01, 6.9400e-01],
          ...,
          [4.0430e-01, 9.4073e-01, 8.6514e-01,  ..., 3.8346e-01,
           8.3231e-01, 5.6123e-02],
          [6.9174e-01, 9.9764e-01, 3.9738e-01,  ..., 5.0387e-01,
           7.1255e-01, 2.9071e-01],
          [7.6009e-02, 1.1838e-01, 1.1725e-01,  ..., 9.9612e-01,
           9.0640e-02, 3.3590e-01]],

         [[3.4107e-01, 9.8539e-01, 9.6908e-01,  ..., 5.4903e-01,
           7.3392e-01, 6.8643e-01],
          [6.6925e-01, 9.6689e-01, 3.6183e-01,  ..., 5.1418e-01,
           5.7101e-01, 5.6965e-01],
          [1.5969e-01, 5.7899e-01, 3.3090e-01,  ..., 7.2711e-01,
           1.0205e-01, 7.3568e-01],
          ...,
          [8.7019e-01, 7.3217e-01, 1.7537e-01,  ..., 8.8572e-01,
           3.4318e-01, 9.2448e-01],
          [1.4077e-01, 4.1919e-01, 4.9954e-02,  ..., 5.1786e-02,
           8.3155e-01, 4.8651e-01],
          [1.3639e-01, 2.5447e-01, 1.6106e-01,  ..., 4.4181e-01,
           1.0849e-01, 5.0290e-01]],

         ...,

         [[7.0822e-01, 3.4419e-01, 9.9133e-02,  ..., 7.8461e-01,
           8.2717e-01, 3.8641e-01],
          [7.8650e-01, 2.2820e-01, 5.9042e-02,  ..., 8.1832e-02,
           3.7083e-01, 1.0588e-02],
          [4.3172e-01, 4.4114e-03, 4.3438e-01,  ..., 6.3987e-01,
           3.6191e-01, 4.8781e-02],
          ...,
          [1.3770e-01, 1.2732e-01, 2.6127e-01,  ..., 9.3587e-01,
           8.2163e-01, 7.5701e-01],
          [5.5310e-01, 6.6426e-01, 2.3662e-01,  ..., 2.8595e-01,
           5.2086e-01, 4.4836e-01],
          [1.5949e-01, 4.2581e-01, 4.4337e-01,  ..., 8.6084e-01,
           1.8957e-01, 5.9162e-01]],

         [[6.1696e-01, 2.9463e-01, 4.0323e-01,  ..., 9.0732e-01,
           9.6072e-01, 6.7121e-01],
          [9.7460e-01, 3.0945e-01, 2.8348e-01,  ..., 6.1928e-01,
           6.5667e-01, 3.9293e-01],
          [2.4162e-01, 7.5538e-01, 1.7252e-01,  ..., 9.3234e-02,
           4.2086e-01, 3.4884e-01],
          ...,
          [5.1936e-01, 7.3536e-01, 2.3892e-01,  ..., 5.8842e-01,
           3.4960e-01, 7.2665e-01],
          [8.8888e-01, 6.7480e-01, 9.5155e-01,  ..., 6.0050e-01,
           1.1085e-01, 7.9833e-01],
          [4.5012e-01, 1.6423e-01, 7.2613e-01,  ..., 8.8616e-01,
           3.6717e-01, 2.6679e-02]],

         [[9.6719e-01, 8.3071e-01, 2.8704e-01,  ..., 8.8838e-01,
           8.2581e-01, 8.4084e-02],
          [2.5143e-01, 8.9854e-01, 1.6810e-01,  ..., 3.8738e-01,
           1.5528e-01, 3.5885e-01],
          [1.6238e-02, 6.2455e-01, 8.1991e-01,  ..., 1.6033e-01,
           5.5943e-01, 2.2059e-01],
          ...,
          [4.0107e-01, 2.4143e-01, 8.1376e-01,  ..., 9.0136e-02,
           5.9797e-01, 6.4217e-02],
          [9.8542e-01, 8.6782e-02, 8.5602e-01,  ..., 9.8566e-01,
           6.6483e-01, 4.5221e-01],
          [6.0390e-01, 4.7527e-01, 7.5751e-02,  ..., 5.8082e-01,
           8.5506e-01, 8.8730e-01]]],


        [[[1.6984e-01, 6.9142e-01, 9.0046e-01,  ..., 6.9351e-01,
           4.9339e-01, 3.7045e-02],
          [9.3642e-01, 6.6867e-02, 3.6580e-02,  ..., 8.8419e-02,
           7.2692e-01, 1.7729e-01],
          [9.7156e-01, 9.8930e-01, 6.1971e-01,  ..., 7.0062e-01,
           8.6358e-01, 8.4546e-01],
          ...,
          [7.8866e-01, 7.8033e-01, 5.9171e-01,  ..., 5.1363e-01,
           5.7958e-01, 7.9440e-01],
          [2.5445e-02, 8.8706e-01, 8.3553e-01,  ..., 3.2369e-02,
           5.0537e-01, 6.9866e-01],
          [4.4820e-01, 9.3981e-01, 7.8875e-01,  ..., 3.2824e-01,
           1.3384e-01, 4.9181e-01]],

         [[6.0908e-01, 6.2826e-01, 6.3915e-01,  ..., 3.9126e-02,
           9.9951e-01, 7.3616e-01],
          [4.7295e-01, 2.5666e-01, 5.7620e-01,  ..., 5.6350e-02,
           5.6145e-01, 8.3599e-01],
          [8.5656e-01, 4.9415e-01, 4.8443e-01,  ..., 1.2818e-01,
           4.7224e-01, 2.3727e-01],
          ...,
          [4.5900e-01, 5.9619e-01, 8.7668e-01,  ..., 8.0710e-01,
           3.2262e-01, 3.0615e-01],
          [4.6340e-01, 4.2534e-01, 1.8393e-01,  ..., 4.9245e-01,
           7.8861e-01, 8.4462e-01],
          [9.3273e-01, 6.9471e-01, 3.8370e-01,  ..., 4.3708e-01,
           3.6889e-01, 4.5597e-01]],

         [[3.0950e-01, 7.5466e-01, 2.3432e-01,  ..., 6.4365e-01,
           2.9762e-01, 4.4958e-01],
          [4.1895e-01, 6.5055e-01, 8.4662e-01,  ..., 2.9222e-01,
           5.2575e-01, 5.0845e-01],
          [3.3265e-01, 4.5378e-02, 4.2075e-01,  ..., 4.5520e-01,
           4.7318e-01, 7.8487e-01],
          ...,
          [8.1442e-02, 5.8545e-01, 9.2705e-01,  ..., 4.2119e-01,
           1.5849e-01, 7.6526e-01],
          [8.5328e-01, 4.9210e-01, 2.8354e-01,  ..., 7.7507e-01,
           3.3433e-01, 2.1237e-01],
          [4.4329e-01, 1.0147e-01, 7.1630e-03,  ..., 4.8734e-01,
           8.2420e-01, 1.0675e-01]],

         ...,

         [[7.9799e-01, 2.7083e-01, 5.2916e-01,  ..., 3.2270e-01,
           6.7949e-01, 9.2039e-01],
          [2.1237e-01, 7.3768e-01, 9.8290e-02,  ..., 5.6449e-01,
           9.3813e-01, 7.4451e-01],
          [5.9172e-01, 5.4186e-01, 6.3993e-01,  ..., 9.6881e-01,
           9.3560e-01, 2.4306e-02],
          ...,
          [5.8212e-02, 2.1857e-01, 4.0797e-01,  ..., 1.1897e-01,
           3.5670e-01, 1.2596e-02],
          [5.9856e-01, 5.9548e-01, 3.3076e-01,  ..., 9.4995e-01,
           8.6073e-01, 5.4877e-01],
          [4.2001e-01, 6.2818e-01, 7.6971e-01,  ..., 3.0285e-01,
           4.1238e-01, 2.3049e-01]],

         [[6.4575e-01, 1.5997e-01, 2.8209e-01,  ..., 6.0621e-02,
           6.7128e-01, 3.5308e-01],
          [4.3761e-01, 1.5116e-01, 8.9862e-01,  ..., 4.8556e-01,
           4.3771e-01, 3.0777e-01],
          [5.3563e-01, 3.2038e-01, 1.9513e-01,  ..., 7.1786e-01,
           7.5377e-01, 7.5943e-01],
          ...,
          [7.5062e-01, 6.5132e-01, 1.5083e-01,  ..., 5.6142e-01,
           2.7907e-01, 2.9643e-02],
          [4.6489e-01, 1.7326e-02, 1.7001e-01,  ..., 2.2530e-01,
           4.0063e-01, 4.5924e-01],
          [2.6645e-01, 9.5629e-01, 9.8862e-01,  ..., 4.0620e-01,
           4.2006e-01, 9.6745e-01]],

         [[3.9252e-01, 1.4562e-01, 3.1065e-01,  ..., 7.9875e-01,
           2.9383e-01, 6.9199e-01],
          [8.4355e-01, 6.4707e-01, 5.5521e-01,  ..., 2.3140e-01,
           2.5903e-01, 3.3153e-01],
          [7.4985e-01, 4.2739e-01, 9.7459e-01,  ..., 8.0241e-01,
           8.3778e-01, 6.5746e-01],
          ...,
          [1.4694e-01, 6.8974e-01, 7.9715e-01,  ..., 8.2863e-01,
           9.0827e-01, 1.9126e-01],
          [6.1895e-01, 5.0443e-02, 9.2230e-01,  ..., 1.5707e-01,
           2.7887e-01, 6.2251e-01],
          [2.1113e-01, 6.6416e-01, 4.6889e-01,  ..., 3.1617e-01,
           7.9992e-02, 7.3774e-02]]],


        [[[6.5984e-01, 9.7438e-02, 1.2393e-01,  ..., 7.2236e-01,
           8.3658e-01, 4.4825e-01],
          [6.2706e-01, 5.5570e-01, 7.3334e-01,  ..., 3.1132e-01,
           4.1341e-01, 9.4835e-01],
          [2.1607e-01, 9.2969e-01, 1.6590e-01,  ..., 2.2109e-01,
           7.4334e-01, 6.0495e-01],
          ...,
          [5.9485e-01, 8.4060e-03, 8.3193e-01,  ..., 5.7433e-01,
           5.7174e-01, 9.3763e-01],
          [8.8035e-01, 1.0915e-01, 1.2855e-01,  ..., 5.2036e-01,
           7.0679e-01, 6.3543e-01],
          [5.1691e-01, 5.7562e-01, 4.0476e-01,  ..., 4.4831e-01,
           6.7431e-01, 5.5161e-01]],

         [[3.4283e-01, 1.1043e-01, 5.4038e-02,  ..., 7.7682e-01,
           4.4144e-01, 2.1320e-01],
          [5.2370e-01, 4.2224e-01, 3.1370e-01,  ..., 9.5062e-01,
           6.4336e-01, 1.2972e-01],
          [2.8816e-02, 8.7061e-01, 1.0292e-01,  ..., 3.5423e-01,
           8.3422e-01, 8.2170e-02],
          ...,
          [5.4705e-01, 6.2611e-01, 8.1082e-01,  ..., 4.8312e-01,
           2.7921e-02, 3.6395e-01],
          [1.7706e-01, 6.0004e-01, 3.7515e-01,  ..., 3.0953e-01,
           2.7371e-01, 8.0831e-01],
          [1.6504e-01, 8.9851e-01, 7.5019e-01,  ..., 9.6883e-01,
           5.1883e-03, 4.9021e-01]],

         [[4.4664e-01, 6.0110e-01, 8.8070e-01,  ..., 1.2315e-01,
           8.1305e-01, 4.4788e-01],
          [1.1011e-01, 5.1853e-01, 7.9470e-01,  ..., 1.4159e-01,
           1.1525e-01, 8.4017e-01],
          [7.1816e-01, 2.1866e-01, 9.1451e-01,  ..., 1.8514e-01,
           6.0555e-01, 1.6328e-02],
          ...,
          [7.3053e-01, 1.7599e-01, 8.7724e-01,  ..., 2.0393e-01,
           3.7800e-01, 9.2273e-02],
          [9.1524e-01, 9.0515e-01, 5.3919e-01,  ..., 3.6749e-01,
           1.9622e-01, 4.6795e-01],
          [8.7088e-01, 8.3349e-01, 5.4801e-01,  ..., 6.6208e-01,
           1.7558e-01, 1.2689e-01]],

         ...,

         [[5.4857e-01, 5.7120e-01, 5.3489e-01,  ..., 4.0809e-01,
           9.2744e-01, 2.0665e-01],
          [3.7269e-01, 6.5522e-02, 6.1462e-01,  ..., 6.0132e-01,
           2.2169e-01, 4.5658e-01],
          [3.7026e-01, 7.2775e-01, 4.5429e-02,  ..., 2.8022e-01,
           6.0527e-01, 6.1008e-01],
          ...,
          [8.1563e-01, 5.2708e-01, 5.6699e-01,  ..., 6.8485e-01,
           9.6228e-01, 8.9869e-01],
          [9.8995e-01, 1.3682e-01, 4.8891e-03,  ..., 7.1225e-01,
           1.4339e-01, 4.4033e-01],
          [6.3960e-01, 5.8395e-01, 3.4813e-01,  ..., 2.6682e-01,
           6.7776e-01, 7.2155e-01]],

         [[3.0564e-01, 3.3691e-01, 5.4868e-01,  ..., 2.5763e-01,
           6.9195e-01, 3.7161e-01],
          [1.6538e-02, 4.0765e-01, 9.2850e-01,  ..., 2.3529e-01,
           5.2811e-01, 2.3515e-01],
          [6.6211e-01, 1.3285e-03, 7.4901e-01,  ..., 6.5200e-01,
           2.7821e-01, 4.3797e-01],
          ...,
          [5.4627e-01, 6.9525e-01, 3.3728e-01,  ..., 6.5648e-01,
           9.6969e-01, 7.5033e-01],
          [2.3766e-01, 9.2965e-01, 8.8755e-01,  ..., 6.2307e-02,
           6.3083e-01, 1.1202e-01],
          [2.0078e-01, 1.5518e-01, 9.0685e-01,  ..., 4.3321e-04,
           7.7921e-01, 5.9517e-01]],

         [[8.0404e-01, 7.3486e-01, 7.3521e-01,  ..., 3.8818e-01,
           3.5807e-01, 5.4004e-01],
          [1.2933e-01, 4.6923e-01, 1.2858e-01,  ..., 7.0924e-01,
           7.4730e-01, 6.0494e-01],
          [7.1207e-02, 7.6726e-01, 2.1158e-01,  ..., 8.9863e-01,
           2.2276e-01, 4.1760e-01],
          ...,
          [1.6919e-01, 3.2531e-01, 7.2944e-01,  ..., 4.2687e-01,
           8.1621e-01, 9.0091e-01],
          [8.5837e-02, 7.2827e-01, 8.3289e-01,  ..., 1.2704e-01,
           2.7830e-01, 7.6061e-01],
          [6.5543e-01, 5.4719e-01, 4.2387e-01,  ..., 5.8762e-01,
           4.0622e-01, 6.9082e-01]]]])
