tensor([[[[0.0899, 0.8290, 0.5587,  ..., 0.1289, 0.3796, 0.6012],
          [0.9859, 0.6503, 0.4397,  ..., 0.1533, 0.3510, 0.5096],
          [0.6119, 0.8403, 0.1954,  ..., 0.9231, 0.5232, 0.1055],
          ...,
          [0.7730, 0.8751, 0.5317,  ..., 0.4285, 0.8864, 0.7886],
          [0.2786, 0.3985, 0.6106,  ..., 0.4585, 0.2952, 0.7135],
          [0.9438, 0.3010, 0.4460,  ..., 0.8131, 0.8313, 0.9947]],

         [[0.3406, 0.5129, 0.3956,  ..., 0.4490, 0.9311, 0.9293],
          [0.7739, 0.7593, 0.2947,  ..., 0.3814, 0.2876, 0.7109],
          [0.3226, 0.8697, 0.4455,  ..., 0.7467, 0.9773, 0.8814],
          ...,
          [0.3663, 0.3921, 0.5422,  ..., 0.3875, 0.7651, 0.1635],
          [0.2372, 0.8178, 0.1692,  ..., 0.3308, 0.1774, 0.0739],
          [0.0671, 0.3374, 0.9441,  ..., 0.9771, 0.0238, 0.1127]],

         [[0.5539, 0.0505, 0.7831,  ..., 0.6476, 0.7041, 0.1769],
          [0.7371, 0.0732, 0.1170,  ..., 0.9759, 0.3502, 0.3880],
          [0.3657, 0.3756, 0.3619,  ..., 0.3801, 0.5561, 0.5138],
          ...,
          [0.2087, 0.8375, 0.9064,  ..., 0.0525, 0.1465, 0.8446],
          [0.5762, 0.5058, 0.0103,  ..., 0.5332, 0.8776, 0.8674],
          [0.1513, 0.3421, 0.1097,  ..., 0.1848, 0.5632, 0.2195]],

         ...,

         [[0.0854, 0.7579, 0.3231,  ..., 0.3669, 0.8556, 0.0770],
          [0.8733, 0.0484, 0.4595,  ..., 0.8957, 0.2371, 0.7992],
          [0.7159, 0.9140, 0.9346,  ..., 0.9498, 0.7210, 0.6583],
          ...,
          [0.5150, 0.4076, 0.5734,  ..., 0.3016, 0.5632, 0.9008],
          [0.0708, 0.2538, 0.1672,  ..., 0.2513, 0.1202, 0.8207],
          [0.0515, 0.3588, 0.8620,  ..., 0.9153, 0.3597, 0.7508]],

         [[0.7659, 0.7750, 0.1273,  ..., 0.0686, 0.1598, 0.6465],
          [0.6318, 0.5989, 0.2835,  ..., 0.1176, 0.0019, 0.9440],
          [0.3324, 0.6568, 0.3560,  ..., 0.9145, 0.4949, 0.7450],
          ...,
          [0.1183, 0.9892, 0.0345,  ..., 0.5891, 0.2004, 0.0994],
          [0.0651, 0.6645, 0.8310,  ..., 0.0097, 0.2490, 0.6430],
          [0.8126, 0.3704, 0.2932,  ..., 0.6061, 0.3816, 0.2357]],

         [[0.4165, 0.7808, 0.4289,  ..., 0.4436, 0.2238, 0.5300],
          [0.4341, 0.2016, 0.6728,  ..., 0.1405, 0.6358, 0.6167],
          [0.1406, 0.2917, 0.0823,  ..., 0.9671, 0.6909, 0.5311],
          ...,
          [0.2264, 0.9219, 0.7200,  ..., 0.0110, 0.6738, 0.8714],
          [0.9460, 0.7679, 0.7760,  ..., 0.2605, 0.5769, 0.5361],
          [0.8125, 0.5889, 0.9317,  ..., 0.3792, 0.5230, 0.4357]]],


        [[[0.8251, 0.1034, 0.1347,  ..., 0.2818, 0.5350, 0.6553],
          [0.3524, 0.8291, 0.6158,  ..., 0.2586, 0.6773, 0.0530],
          [0.0467, 0.4990, 0.1052,  ..., 0.9446, 0.9407, 0.6261],
          ...,
          [0.0046, 0.8307, 0.4712,  ..., 0.2518, 0.6657, 0.5153],
          [0.2203, 0.7203, 0.2987,  ..., 0.8422, 0.7842, 0.9178],
          [0.7248, 0.5300, 0.1186,  ..., 0.4056, 0.8798, 0.3374]],

         [[0.0724, 0.6484, 0.6336,  ..., 0.0728, 0.9147, 0.1932],
          [0.9955, 0.3696, 0.0160,  ..., 0.4932, 0.8662, 0.7961],
          [0.0600, 0.4090, 0.3742,  ..., 0.1697, 0.2852, 0.3904],
          ...,
          [0.8015, 0.0667, 0.6810,  ..., 0.5308, 0.9296, 0.3777],
          [0.5992, 0.8362, 0.8157,  ..., 0.1266, 0.8000, 0.8488],
          [0.5229, 0.2831, 0.7839,  ..., 0.6725, 0.2230, 0.6107]],

         [[0.0852, 0.2683, 0.0810,  ..., 0.9501, 0.0405, 0.3738],
          [0.3680, 0.2303, 0.5896,  ..., 0.3276, 0.8816, 0.6119],
          [0.4538, 0.1851, 0.5288,  ..., 0.6207, 0.8780, 0.1519],
          ...,
          [0.6681, 0.4437, 0.6662,  ..., 0.6221, 0.2412, 0.9766],
          [0.2897, 0.4939, 0.8308,  ..., 0.3238, 0.3651, 0.3468],
          [0.2130, 0.8197, 0.8272,  ..., 0.2973, 0.2663, 0.0387]],

         ...,

         [[0.5588, 0.7184, 0.9462,  ..., 0.9650, 0.4247, 0.6009],
          [0.8234, 0.2003, 0.2380,  ..., 0.5378, 0.9677, 0.2535],
          [0.6108, 0.1293, 0.4814,  ..., 0.8360, 0.8585, 0.0934],
          ...,
          [0.1333, 0.3295, 0.2714,  ..., 0.6587, 0.1451, 0.2222],
          [0.5378, 0.1323, 0.2994,  ..., 0.2992, 0.7825, 0.9541],
          [0.2712, 0.1123, 0.6003,  ..., 0.3945, 0.8145, 0.6482]],

         [[0.1687, 0.1205, 0.1680,  ..., 0.5999, 0.1438, 0.2892],
          [0.5596, 0.0525, 0.6499,  ..., 0.5918, 0.7835, 0.3512],
          [0.3859, 0.6653, 0.1379,  ..., 0.0487, 0.1541, 0.3731],
          ...,
          [0.3667, 0.7947, 0.9735,  ..., 0.1314, 0.3726, 0.6399],
          [0.0252, 0.8924, 0.9354,  ..., 0.5084, 0.2994, 0.9170],
          [0.5526, 0.3786, 0.0565,  ..., 0.3925, 0.2980, 0.6526]],

         [[0.9953, 0.7504, 0.8707,  ..., 0.9577, 0.9983, 0.8740],
          [0.0974, 0.0413, 0.4387,  ..., 0.5833, 0.4852, 0.1594],
          [0.7323, 0.9222, 0.8491,  ..., 0.7226, 0.4879, 0.2768],
          ...,
          [0.6698, 0.1532, 0.3416,  ..., 0.0985, 0.1303, 0.6491],
          [0.8180, 0.0179, 0.4674,  ..., 0.9403, 0.9747, 0.0251],
          [0.6485, 0.7289, 0.5566,  ..., 0.1976, 0.2816, 0.5709]]],


        [[[0.3367, 0.4552, 0.0197,  ..., 0.9205, 0.4197, 0.1730],
          [0.2935, 0.4452, 0.4469,  ..., 0.5819, 0.4624, 0.1596],
          [0.6446, 0.8616, 0.9136,  ..., 0.9280, 0.4947, 0.2141],
          ...,
          [0.0325, 0.9312, 0.6716,  ..., 0.4951, 0.4307, 0.2778],
          [0.7104, 0.0090, 0.4753,  ..., 0.9781, 0.3112, 0.3892],
          [0.4470, 0.6936, 0.3706,  ..., 0.5314, 0.5681, 0.5356]],

         [[0.7173, 0.9867, 0.6078,  ..., 0.9736, 0.6776, 0.6649],
          [0.4420, 0.1840, 0.8696,  ..., 0.5873, 0.7719, 0.1072],
          [0.1205, 0.9384, 0.4449,  ..., 0.8221, 0.9747, 0.0285],
          ...,
          [0.0507, 0.1143, 0.5182,  ..., 0.5737, 0.8112, 0.1897],
          [0.3180, 0.3062, 0.2090,  ..., 0.9406, 0.9969, 0.9723],
          [0.5961, 0.1760, 0.9291,  ..., 0.7251, 0.4612, 0.8459]],

         [[0.6167, 0.7857, 0.1574,  ..., 0.3469, 0.9993, 0.0305],
          [0.5884, 0.6791, 0.6367,  ..., 0.5063, 0.5999, 0.2366],
          [0.1909, 0.0717, 0.5153,  ..., 0.1742, 0.8918, 0.1524],
          ...,
          [0.1785, 0.7939, 0.4879,  ..., 0.2625, 0.1043, 0.9133],
          [0.3505, 0.7963, 0.9521,  ..., 0.8481, 0.1963, 0.4094],
          [0.7856, 0.7988, 0.7159,  ..., 0.5040, 0.1584, 0.4656]],

         ...,

         [[0.1506, 0.0318, 0.3238,  ..., 0.3655, 0.7425, 0.9317],
          [0.0393, 0.5436, 0.9204,  ..., 0.4285, 0.0903, 0.3906],
          [0.6309, 0.2906, 0.5932,  ..., 0.3619, 0.4457, 0.9900],
          ...,
          [0.7387, 0.9503, 0.7119,  ..., 0.8028, 0.1538, 0.1609],
          [0.1226, 0.3224, 0.6724,  ..., 0.6908, 0.5184, 0.7649],
          [0.3104, 0.6191, 0.1773,  ..., 0.8381, 0.4637, 0.0019]],

         [[0.4003, 0.6460, 0.7231,  ..., 0.2208, 0.5945, 0.9451],
          [0.0285, 0.7626, 0.9917,  ..., 0.3639, 0.6672, 0.2808],
          [0.2651, 0.0287, 0.1108,  ..., 0.8686, 0.4853, 0.6211],
          ...,
          [0.9692, 0.0256, 0.0024,  ..., 0.1882, 0.6875, 0.4487],
          [0.2453, 0.6959, 0.3532,  ..., 0.6389, 0.9726, 0.1740],
          [0.1340, 0.6873, 0.3740,  ..., 0.0715, 0.9827, 0.0141]],

         [[0.1794, 0.8840, 0.2198,  ..., 0.2110, 0.6479, 0.8973],
          [0.3720, 0.2489, 0.5398,  ..., 0.5486, 0.5401, 0.9175],
          [0.1434, 0.2760, 0.5827,  ..., 0.3278, 0.3862, 0.7715],
          ...,
          [0.4316, 0.1211, 0.1846,  ..., 0.8477, 0.1940, 0.3772],
          [0.7046, 0.5377, 0.7228,  ..., 0.0969, 0.7032, 0.5351],
          [0.1164, 0.0999, 0.7701,  ..., 0.5404, 0.3822, 0.1443]]],


        ...,


        [[[0.7527, 0.8246, 0.9856,  ..., 0.7014, 0.4089, 0.8105],
          [0.7477, 0.8463, 0.6646,  ..., 0.6578, 0.1000, 0.5590],
          [0.7471, 0.0680, 0.4048,  ..., 0.2673, 0.8647, 0.0341],
          ...,
          [0.6091, 0.5045, 0.7091,  ..., 0.1431, 0.0861, 0.1969],
          [0.3281, 0.4742, 0.5736,  ..., 0.0567, 0.6335, 0.5658],
          [0.2696, 0.9928, 0.8720,  ..., 0.4032, 0.2809, 0.8242]],

         [[0.4093, 0.6797, 0.2129,  ..., 0.1455, 0.5800, 0.2711],
          [0.0619, 0.9228, 0.9863,  ..., 0.7624, 0.0181, 0.5887],
          [0.1750, 0.0711, 0.1397,  ..., 0.3876, 0.3039, 0.3011],
          ...,
          [0.1825, 0.9826, 0.4141,  ..., 0.2870, 0.5192, 0.6241],
          [0.5160, 0.7374, 0.5331,  ..., 0.1876, 0.4413, 0.9931],
          [0.9972, 0.2581, 0.2803,  ..., 0.7187, 0.6324, 0.5074]],

         [[0.6549, 0.7697, 0.3117,  ..., 0.2938, 0.0506, 0.0782],
          [0.3448, 0.5280, 0.2923,  ..., 0.0878, 0.0469, 0.7952],
          [0.6929, 0.1465, 0.4481,  ..., 0.4049, 0.0707, 0.4550],
          ...,
          [0.8966, 0.2811, 0.6131,  ..., 0.1071, 0.0624, 0.4587],
          [0.7841, 0.7696, 0.3070,  ..., 0.6957, 0.9536, 0.5811],
          [0.8737, 0.2483, 0.1080,  ..., 0.5257, 0.3413, 0.5773]],

         ...,

         [[0.0489, 0.7838, 0.8201,  ..., 0.5555, 0.6660, 0.2373],
          [0.6009, 0.6498, 0.0988,  ..., 0.0444, 0.4428, 0.6667],
          [0.8418, 0.7213, 0.8760,  ..., 0.9852, 0.7355, 0.4748],
          ...,
          [0.1142, 0.1909, 0.3443,  ..., 0.2847, 0.9415, 0.6174],
          [0.0187, 0.0615, 0.5528,  ..., 0.9625, 0.0924, 0.2066],
          [0.2570, 0.0627, 0.2797,  ..., 0.0910, 0.2939, 0.3516]],

         [[0.7332, 0.2168, 0.3047,  ..., 0.7554, 0.5884, 0.3632],
          [0.5235, 0.3064, 0.9657,  ..., 0.5390, 0.1121, 0.6349],
          [0.5277, 0.8606, 0.2622,  ..., 0.5112, 0.9157, 0.8608],
          ...,
          [0.9417, 0.3953, 0.6368,  ..., 0.4150, 0.2450, 0.5364],
          [0.3184, 0.8201, 0.5991,  ..., 0.7402, 0.4768, 0.8874],
          [0.7938, 0.1922, 0.3930,  ..., 0.6490, 0.0159, 0.5267]],

         [[0.3353, 0.2682, 0.4388,  ..., 0.1951, 0.3654, 0.7404],
          [0.0281, 0.4409, 0.0173,  ..., 0.6082, 0.3199, 0.1684],
          [0.4400, 0.5847, 0.5100,  ..., 0.4329, 0.0427, 0.6247],
          ...,
          [0.4499, 0.1994, 0.9401,  ..., 0.1182, 0.5679, 0.8388],
          [0.5336, 0.4237, 0.1751,  ..., 0.9680, 0.7837, 0.5510],
          [0.2038, 0.3841, 0.9064,  ..., 0.8088, 0.8112, 0.1796]]],


        [[[0.3007, 0.2382, 0.6193,  ..., 0.3396, 0.3633, 0.1372],
          [0.2623, 0.8706, 0.8224,  ..., 0.5077, 0.4852, 0.6244],
          [0.7715, 0.3487, 0.5070,  ..., 0.6841, 0.8605, 0.3107],
          ...,
          [0.2273, 0.4766, 0.4762,  ..., 0.1325, 0.0036, 0.5520],
          [0.4179, 0.3194, 0.6968,  ..., 0.7449, 0.4982, 0.4823],
          [0.2359, 0.3619, 0.7457,  ..., 0.5847, 0.8848, 0.0302]],

         [[0.5227, 0.0676, 0.6117,  ..., 0.6689, 0.9765, 0.4647],
          [0.1347, 0.4720, 0.0150,  ..., 0.5882, 0.7350, 0.3326],
          [0.6318, 0.6773, 0.5142,  ..., 0.3058, 0.3108, 0.4976],
          ...,
          [0.3643, 0.3052, 0.0866,  ..., 0.4375, 0.1363, 0.1534],
          [0.4880, 0.0172, 0.4993,  ..., 0.1559, 0.7727, 0.7808],
          [0.4866, 0.3360, 0.9636,  ..., 0.9911, 0.2342, 0.7055]],

         [[0.6253, 0.8357, 0.3818,  ..., 0.5467, 0.5756, 0.9353],
          [0.1093, 0.6583, 0.1677,  ..., 0.8799, 0.5460, 0.5603],
          [0.1836, 0.4394, 0.3803,  ..., 0.1294, 0.1141, 0.3102],
          ...,
          [0.5430, 0.4208, 0.7478,  ..., 0.5444, 0.5406, 0.8665],
          [0.4962, 0.2412, 0.5547,  ..., 0.4473, 0.6729, 0.2594],
          [0.2266, 0.3176, 0.9504,  ..., 0.8983, 0.2749, 0.4119]],

         ...,

         [[0.8992, 0.7272, 0.6416,  ..., 0.1902, 0.9145, 0.9154],
          [0.6340, 0.3249, 0.7237,  ..., 0.4625, 0.4673, 0.2840],
          [0.6173, 0.4571, 0.6778,  ..., 0.1792, 0.9025, 0.1378],
          ...,
          [0.2212, 0.5058, 0.0520,  ..., 0.2250, 0.2692, 0.5304],
          [0.4531, 0.9065, 0.0513,  ..., 0.8961, 0.1190, 0.1033],
          [0.7130, 0.0313, 0.8533,  ..., 0.0729, 0.8160, 0.9571]],

         [[0.9074, 0.0697, 0.2413,  ..., 0.4886, 0.7188, 0.0372],
          [0.7925, 0.4491, 0.5458,  ..., 0.4072, 0.2627, 0.1397],
          [0.4244, 0.7894, 0.3122,  ..., 0.8339, 0.2866, 0.6153],
          ...,
          [0.7754, 0.1596, 0.1298,  ..., 0.9308, 0.1614, 0.5821],
          [0.7152, 0.2867, 0.5653,  ..., 0.3913, 0.0476, 0.6786],
          [0.4218, 0.6587, 0.5741,  ..., 0.3379, 0.0705, 0.0416]],

         [[0.1455, 0.7484, 0.4893,  ..., 0.5461, 0.9934, 0.4880],
          [0.5034, 0.0660, 0.9922,  ..., 0.5315, 0.8879, 0.5470],
          [0.1645, 0.5586, 0.5890,  ..., 0.5468, 0.2809, 0.0210],
          ...,
          [0.6021, 0.2186, 0.9156,  ..., 0.8907, 0.9361, 0.6949],
          [0.4449, 0.7741, 0.3274,  ..., 0.6025, 0.9837, 0.4280],
          [0.5588, 0.3719, 0.8448,  ..., 0.3187, 0.6959, 0.7091]]],


        [[[0.2007, 0.4519, 0.8337,  ..., 0.8149, 0.0311, 0.5564],
          [0.9791, 0.1169, 0.9250,  ..., 0.9852, 0.6193, 0.9813],
          [0.2353, 0.5327, 0.4822,  ..., 0.9295, 0.2263, 0.6165],
          ...,
          [0.9707, 0.8477, 0.4344,  ..., 0.8755, 0.8756, 0.6821],
          [0.6623, 0.6485, 0.3098,  ..., 0.2552, 0.8341, 0.8725],
          [0.7659, 0.8446, 0.3761,  ..., 0.7307, 0.8988, 0.8218]],

         [[0.5190, 0.6176, 0.5624,  ..., 0.2284, 0.6011, 0.0017],
          [0.7317, 0.6687, 0.3964,  ..., 0.3694, 0.8655, 0.0882],
          [0.6158, 0.6685, 0.4163,  ..., 0.3954, 0.0539, 0.2425],
          ...,
          [0.9454, 0.5058, 0.8062,  ..., 0.1006, 0.8251, 0.7088],
          [0.3397, 0.9387, 0.2212,  ..., 0.5759, 0.8935, 0.4808],
          [0.7755, 0.8509, 0.4367,  ..., 0.3482, 0.7756, 0.2177]],

         [[0.7854, 0.0427, 0.2517,  ..., 0.3635, 0.0251, 0.8358],
          [0.1405, 0.4609, 0.5634,  ..., 0.4941, 0.3523, 0.1234],
          [0.1037, 0.2929, 0.2580,  ..., 0.5344, 0.7588, 0.5139],
          ...,
          [0.0678, 0.2065, 0.6314,  ..., 0.3755, 0.6481, 0.9245],
          [0.1417, 0.6824, 0.3015,  ..., 0.7682, 0.7595, 0.3421],
          [0.1223, 0.0918, 0.1798,  ..., 0.4724, 0.1842, 0.8850]],

         ...,

         [[0.5570, 0.7821, 0.6644,  ..., 0.2811, 0.0608, 0.5949],
          [0.4645, 0.8359, 0.2148,  ..., 0.0126, 0.2254, 0.7646],
          [0.7159, 0.4829, 0.5490,  ..., 0.4502, 0.2185, 0.7919],
          ...,
          [0.9449, 0.9971, 0.0472,  ..., 0.4718, 0.4929, 0.2846],
          [0.0075, 0.3975, 0.0675,  ..., 0.1957, 0.5640, 0.6726],
          [0.7092, 0.0918, 0.3526,  ..., 0.7517, 0.8414, 0.4352]],

         [[0.3816, 0.7494, 0.4741,  ..., 0.0844, 0.7933, 0.3696],
          [0.6713, 0.3647, 0.8096,  ..., 0.7596, 0.0475, 0.5312],
          [0.7773, 0.2825, 0.2096,  ..., 0.4800, 0.0169, 0.8704],
          ...,
          [0.6548, 0.0053, 0.2782,  ..., 0.9669, 0.3827, 0.3466],
          [0.1774, 0.3392, 0.0538,  ..., 0.9025, 0.4816, 0.6386],
          [0.3433, 0.0042, 0.1594,  ..., 0.5368, 0.5997, 0.4904]],

         [[0.4287, 0.0223, 0.0231,  ..., 0.8684, 0.1914, 0.6359],
          [0.0926, 0.4329, 0.9495,  ..., 0.4040, 0.9856, 0.4421],
          [0.2672, 0.5647, 0.7898,  ..., 0.2269, 0.2482, 0.0943],
          ...,
          [0.8095, 0.6249, 0.0523,  ..., 0.0993, 0.0169, 0.1573],
          [0.4622, 0.7559, 0.6927,  ..., 0.0321, 0.2856, 0.8580],
          [0.1410, 0.8391, 0.8687,  ..., 0.7510, 0.0138, 0.8229]]]])
