tensor([[[[0.2522, 0.0048, 0.1740,  ..., 0.8582, 0.2877, 0.1693],
          [0.1136, 0.0902, 0.7100,  ..., 0.5337, 0.8919, 0.3366],
          [0.9206, 0.1718, 0.2948,  ..., 0.7167, 0.4046, 0.1489],
          ...,
          [0.1082, 0.0054, 0.5544,  ..., 0.8880, 0.1036, 0.9406],
          [0.5629, 0.1837, 0.1046,  ..., 0.6730, 0.7881, 0.5871],
          [0.6919, 0.4206, 0.3395,  ..., 0.5113, 0.1083, 0.6877]],

         [[0.2044, 0.0177, 0.0862,  ..., 0.4357, 0.5034, 0.5463],
          [0.3802, 0.2500, 0.2549,  ..., 0.2723, 0.1046, 0.1854],
          [0.3337, 0.6486, 0.8045,  ..., 0.4257, 0.0739, 0.2722],
          ...,
          [0.7514, 0.1148, 0.1532,  ..., 0.2197, 0.4950, 0.0469],
          [0.1406, 0.1719, 0.5143,  ..., 0.0425, 0.5473, 0.4010],
          [0.5295, 0.5856, 0.7551,  ..., 0.6253, 0.5333, 0.1255]],

         [[0.3993, 0.1315, 0.2616,  ..., 0.6120, 0.9838, 0.9803],
          [0.9481, 0.6212, 0.1592,  ..., 0.8771, 0.8850, 0.8466],
          [0.8951, 0.9905, 0.7593,  ..., 0.4586, 0.4549, 0.0036],
          ...,
          [0.9286, 0.1749, 0.4827,  ..., 0.3848, 0.5513, 0.7611],
          [0.7682, 0.7746, 0.9055,  ..., 0.8012, 0.6217, 0.0683],
          [0.2552, 0.2271, 0.7920,  ..., 0.1054, 0.4120, 0.6079]],

         ...,

         [[0.2949, 0.2041, 0.5608,  ..., 0.0287, 0.2881, 0.3277],
          [0.9270, 0.2965, 0.1366,  ..., 0.8411, 0.4341, 0.4546],
          [0.0668, 0.8374, 0.3995,  ..., 0.4622, 0.7884, 0.2422],
          ...,
          [0.9296, 0.7755, 0.0503,  ..., 0.0963, 0.3678, 0.6885],
          [0.9555, 0.2054, 0.0113,  ..., 0.7873, 0.0179, 0.1561],
          [0.9821, 0.6792, 0.8530,  ..., 0.6368, 0.5670, 0.8464]],

         [[0.0767, 0.9067, 0.3333,  ..., 0.6989, 0.3690, 0.9332],
          [0.4286, 0.4362, 0.3736,  ..., 0.2441, 0.8355, 0.7043],
          [0.1342, 0.9732, 0.7481,  ..., 0.1513, 0.7268, 0.5404],
          ...,
          [0.0163, 0.1495, 0.3027,  ..., 0.1833, 0.1504, 0.7094],
          [0.2655, 0.7266, 0.0272,  ..., 0.3111, 0.1678, 0.8609],
          [0.4554, 0.5824, 0.6059,  ..., 0.5097, 0.4483, 0.7235]],

         [[0.4330, 0.8597, 0.9412,  ..., 0.0663, 0.2239, 0.2315],
          [0.2914, 0.7825, 0.6596,  ..., 0.4960, 0.5535, 0.2830],
          [0.2793, 0.9389, 0.0301,  ..., 0.8284, 0.4322, 0.8526],
          ...,
          [0.4621, 0.0624, 0.6842,  ..., 0.1074, 0.5289, 0.5807],
          [0.6090, 0.6395, 0.8426,  ..., 0.8114, 0.8512, 0.9135],
          [0.0903, 0.3060, 0.0763,  ..., 0.4266, 0.1670, 0.0899]]],


        [[[0.2131, 0.4925, 0.5760,  ..., 0.4955, 0.8830, 0.2773],
          [0.8377, 0.4252, 0.2458,  ..., 0.7192, 0.8719, 0.9323],
          [0.2389, 0.0170, 0.2873,  ..., 0.0934, 0.0219, 0.8887],
          ...,
          [0.8702, 0.4036, 0.5497,  ..., 0.8711, 0.9845, 0.9356],
          [0.6553, 0.6112, 0.6657,  ..., 0.7115, 0.6973, 0.5342],
          [0.2969, 0.7701, 0.9298,  ..., 0.2145, 0.0753, 0.7091]],

         [[0.5369, 0.3652, 0.6644,  ..., 0.9461, 0.7125, 0.1069],
          [0.0449, 0.8052, 0.1708,  ..., 0.1563, 0.7832, 0.2044],
          [0.8314, 0.4406, 0.4315,  ..., 0.1463, 0.8589, 0.0308],
          ...,
          [0.3174, 0.4882, 0.9158,  ..., 0.4090, 0.3485, 0.3540],
          [0.1879, 0.2635, 0.1980,  ..., 0.3881, 0.2369, 0.6840],
          [0.5775, 0.9598, 0.7823,  ..., 0.0674, 0.0806, 0.8826]],

         [[0.4076, 0.4811, 0.1234,  ..., 0.4495, 0.6684, 0.6846],
          [0.7913, 0.3436, 0.5007,  ..., 0.0949, 0.6276, 0.8335],
          [0.4764, 0.8601, 0.3444,  ..., 0.3368, 0.1457, 0.1200],
          ...,
          [0.4910, 0.9573, 0.9455,  ..., 0.4411, 0.7051, 0.0498],
          [0.7088, 0.8896, 0.4197,  ..., 0.8976, 0.1746, 0.7537],
          [0.5685, 0.4624, 0.0231,  ..., 0.8873, 0.4928, 0.0279]],

         ...,

         [[0.4065, 0.9402, 0.3564,  ..., 0.4987, 0.8779, 0.9187],
          [0.9692, 0.7797, 0.0345,  ..., 0.4737, 0.1777, 0.9153],
          [0.0936, 0.9268, 0.1215,  ..., 0.1268, 0.3708, 0.5308],
          ...,
          [0.1259, 0.5884, 0.4456,  ..., 0.0827, 0.1893, 0.6255],
          [0.5599, 0.7505, 0.4400,  ..., 0.7514, 0.8028, 0.2249],
          [0.7688, 0.8883, 0.6380,  ..., 0.5863, 0.4205, 0.3109]],

         [[0.6474, 0.6283, 0.0615,  ..., 0.5436, 0.0708, 0.4376],
          [0.2809, 0.9214, 0.2432,  ..., 0.1690, 0.6374, 0.3490],
          [0.1744, 0.5863, 0.8225,  ..., 0.9075, 0.9667, 0.4126],
          ...,
          [0.0368, 0.1553, 0.5028,  ..., 0.7212, 0.6880, 0.3927],
          [0.2893, 0.8879, 0.3116,  ..., 0.3049, 0.7855, 0.1025],
          [0.9063, 0.6035, 0.4438,  ..., 0.0423, 0.2095, 0.1092]],

         [[0.2548, 0.7509, 0.4688,  ..., 0.1646, 0.7466, 0.8984],
          [0.2661, 0.8783, 0.8230,  ..., 0.4364, 0.6576, 0.8215],
          [0.7382, 0.7025, 0.7476,  ..., 0.5563, 0.6308, 0.0699],
          ...,
          [0.3874, 0.1571, 0.8492,  ..., 0.7914, 0.7320, 0.5312],
          [0.9457, 0.0953, 0.9045,  ..., 0.7940, 0.6141, 0.0703],
          [0.5602, 0.4138, 0.6816,  ..., 0.8846, 0.7999, 0.0563]]],


        [[[0.9212, 0.9656, 0.9468,  ..., 0.8789, 0.6328, 0.4680],
          [0.4490, 0.8472, 0.2268,  ..., 0.1663, 0.9225, 0.8245],
          [0.1810, 0.9037, 0.3667,  ..., 0.3638, 0.7986, 0.7332],
          ...,
          [0.8767, 0.8133, 0.1623,  ..., 0.6826, 0.7624, 0.9040],
          [0.9143, 0.9107, 0.0961,  ..., 0.6430, 0.8661, 0.9194],
          [0.4135, 0.2627, 0.3898,  ..., 0.3164, 0.3912, 0.4052]],

         [[0.6489, 0.3106, 0.1869,  ..., 0.3615, 0.1509, 0.2226],
          [0.7900, 0.6298, 0.4447,  ..., 0.7005, 0.5339, 0.3485],
          [0.9415, 0.9928, 0.6019,  ..., 0.1265, 0.0418, 0.0928],
          ...,
          [0.7589, 0.9517, 0.7974,  ..., 0.5029, 0.0448, 0.5186],
          [0.3711, 0.7167, 0.9196,  ..., 0.1066, 0.0713, 0.4403],
          [0.3612, 0.9211, 0.5597,  ..., 0.8600, 0.6425, 0.0096]],

         [[0.5268, 0.7797, 0.7775,  ..., 0.1691, 0.9397, 0.6429],
          [0.6436, 0.5951, 0.7019,  ..., 0.8116, 0.5589, 0.1938],
          [0.7311, 0.9294, 0.1529,  ..., 0.6884, 0.9353, 0.0683],
          ...,
          [0.7743, 0.3163, 0.5991,  ..., 0.7578, 0.2416, 0.9884],
          [0.8324, 0.3285, 0.8341,  ..., 0.4372, 0.8767, 0.3979],
          [0.2469, 0.5541, 0.6658,  ..., 0.3724, 0.0039, 0.4581]],

         ...,

         [[0.4410, 0.8831, 0.1888,  ..., 0.4280, 0.9790, 0.5206],
          [0.8340, 0.7207, 0.9681,  ..., 0.3912, 0.9271, 0.3062],
          [0.7659, 0.4093, 0.3755,  ..., 0.6798, 0.9985, 0.5184],
          ...,
          [0.0213, 0.1270, 0.7304,  ..., 0.8871, 0.8152, 0.3242],
          [0.2521, 0.5912, 0.7515,  ..., 0.1569, 0.9172, 0.6691],
          [0.2284, 0.8200, 0.3296,  ..., 0.6366, 0.3603, 0.4555]],

         [[0.8162, 0.4549, 0.9764,  ..., 0.4261, 0.0864, 0.5181],
          [0.6161, 0.6886, 0.6733,  ..., 0.5461, 0.1305, 0.1946],
          [0.8498, 0.7441, 0.5200,  ..., 0.3242, 0.4268, 0.8322],
          ...,
          [0.6354, 0.9273, 0.2076,  ..., 0.1187, 0.3281, 0.0668],
          [0.3332, 0.9437, 0.2041,  ..., 0.6702, 0.9267, 0.6876],
          [0.4057, 0.9886, 0.4201,  ..., 0.7898, 0.3724, 0.7650]],

         [[0.1885, 0.2266, 0.3515,  ..., 0.5090, 0.0978, 0.4271],
          [0.0596, 0.2604, 0.6485,  ..., 0.7275, 0.0244, 0.2251],
          [0.7128, 0.4449, 0.6797,  ..., 0.7568, 0.1219, 0.5545],
          ...,
          [0.0831, 0.5875, 0.6354,  ..., 0.1383, 0.3828, 0.1471],
          [0.8999, 0.2764, 0.4332,  ..., 0.7718, 0.2940, 0.2864],
          [0.8259, 0.3914, 0.8722,  ..., 0.8713, 0.3113, 0.7287]]],


        ...,


        [[[0.9403, 0.5055, 0.9805,  ..., 0.3060, 0.8550, 0.4045],
          [0.3096, 0.7914, 0.0038,  ..., 0.4204, 0.1162, 0.0673],
          [0.8575, 0.6506, 0.9635,  ..., 0.6889, 0.6649, 0.8463],
          ...,
          [0.6541, 0.7139, 0.4309,  ..., 0.8715, 0.0575, 0.4603],
          [0.9392, 0.9516, 0.8043,  ..., 0.7797, 0.8063, 0.8291],
          [0.1998, 0.9693, 0.9186,  ..., 0.2156, 0.8586, 0.2988]],

         [[0.2521, 0.2389, 0.2294,  ..., 0.2382, 0.3629, 0.3230],
          [0.5264, 0.8922, 0.6296,  ..., 0.1252, 0.5718, 0.3230],
          [0.7743, 0.9314, 0.3568,  ..., 0.1506, 0.9504, 0.6135],
          ...,
          [0.2223, 0.8221, 0.6919,  ..., 0.3665, 0.7430, 0.9284],
          [0.4346, 0.1225, 0.4425,  ..., 0.4649, 0.6984, 0.9896],
          [0.5142, 0.7288, 0.8563,  ..., 0.8887, 0.9223, 0.1833]],

         [[0.6807, 0.6758, 0.2294,  ..., 0.7170, 0.1610, 0.3840],
          [0.3711, 0.5764, 0.1548,  ..., 0.4926, 0.5707, 0.1774],
          [0.7122, 0.6602, 0.6615,  ..., 0.5725, 0.8630, 0.7107],
          ...,
          [0.5213, 0.7153, 0.3473,  ..., 0.1367, 0.5068, 0.4678],
          [0.0960, 0.5744, 0.8475,  ..., 0.0438, 0.0132, 0.6732],
          [0.2126, 0.6365, 0.3233,  ..., 0.1048, 0.6852, 0.1448]],

         ...,

         [[0.8495, 0.1679, 0.0985,  ..., 0.1745, 0.8267, 0.2608],
          [0.1602, 0.1392, 0.1107,  ..., 0.3867, 0.8758, 0.1102],
          [0.3513, 0.6628, 0.8393,  ..., 0.8729, 0.6960, 0.5320],
          ...,
          [0.3891, 0.9568, 0.2666,  ..., 0.2136, 0.8136, 0.4497],
          [0.2582, 0.5753, 0.3696,  ..., 0.0938, 0.9863, 0.4442],
          [0.0330, 0.4123, 0.3283,  ..., 0.5255, 0.2381, 0.1934]],

         [[0.4198, 0.4923, 0.3086,  ..., 0.1357, 0.7173, 0.7791],
          [0.0813, 0.4691, 0.8306,  ..., 0.4995, 0.5054, 0.1936],
          [0.2932, 0.0889, 0.4722,  ..., 0.4385, 0.4630, 0.0146],
          ...,
          [0.7710, 0.2367, 0.8521,  ..., 0.5447, 0.5312, 0.5695],
          [0.4342, 0.0620, 0.8750,  ..., 0.3422, 0.4386, 0.4223],
          [0.8482, 0.7689, 0.2776,  ..., 0.5979, 0.7005, 0.2951]],

         [[0.5100, 0.4215, 0.4971,  ..., 0.5648, 0.3841, 0.5661],
          [0.8467, 0.3302, 0.8963,  ..., 0.4954, 0.2089, 0.3178],
          [0.2445, 0.8356, 0.5405,  ..., 0.8768, 0.7688, 0.9025],
          ...,
          [0.7886, 0.6967, 0.1782,  ..., 0.0774, 0.7452, 0.1858],
          [0.7047, 0.5727, 0.2970,  ..., 0.8526, 0.7027, 0.4996],
          [0.2366, 0.8396, 0.2920,  ..., 0.9763, 0.1196, 0.3949]]],


        [[[0.6475, 0.8229, 0.1007,  ..., 0.5283, 0.0237, 0.4443],
          [0.4778, 0.2165, 0.6878,  ..., 0.3307, 0.9200, 0.2613],
          [0.8739, 0.1186, 0.0382,  ..., 0.0223, 0.9009, 0.2901],
          ...,
          [0.4612, 0.1143, 0.6263,  ..., 0.7435, 0.5715, 0.1117],
          [0.1922, 0.8457, 0.8542,  ..., 0.0346, 0.5421, 0.9779],
          [0.7280, 0.6820, 0.5987,  ..., 0.1030, 0.0973, 0.1146]],

         [[0.9343, 0.9815, 0.9839,  ..., 0.8524, 0.8933, 0.0506],
          [0.7171, 0.4220, 0.0257,  ..., 0.8666, 0.6966, 0.9980],
          [0.4772, 0.3016, 0.8351,  ..., 0.9454, 0.3237, 0.0568],
          ...,
          [0.3777, 0.2663, 0.3142,  ..., 0.4696, 0.4950, 0.7538],
          [0.4138, 0.0788, 0.4190,  ..., 0.7671, 0.7842, 0.3042],
          [0.4803, 0.5327, 0.4621,  ..., 0.9957, 0.9076, 0.1272]],

         [[0.4926, 0.4888, 0.9606,  ..., 0.3366, 0.1232, 0.5329],
          [0.1678, 0.0584, 0.2272,  ..., 0.9314, 0.3606, 0.7150],
          [0.9228, 0.8538, 0.4193,  ..., 0.7771, 0.2670, 0.4636],
          ...,
          [0.3206, 0.9187, 0.9245,  ..., 0.6737, 0.8372, 0.9161],
          [0.9974, 0.0605, 0.7002,  ..., 0.1540, 0.6027, 0.3343],
          [0.6456, 0.5414, 0.2015,  ..., 0.6858, 0.6605, 0.7771]],

         ...,

         [[0.7869, 0.1973, 0.6467,  ..., 0.1592, 0.5875, 0.8099],
          [0.9711, 0.5209, 0.0151,  ..., 0.5226, 0.8809, 0.0482],
          [0.7418, 0.7108, 0.9563,  ..., 0.3779, 0.1673, 0.2375],
          ...,
          [0.7486, 0.4964, 0.2465,  ..., 0.9008, 0.2013, 0.7138],
          [0.1772, 0.3465, 0.7747,  ..., 0.9589, 0.6017, 0.8790],
          [0.7659, 0.6363, 0.2019,  ..., 0.6379, 0.6563, 0.4726]],

         [[0.3081, 0.1736, 0.1091,  ..., 0.6034, 0.8203, 0.5740],
          [0.2596, 0.2193, 0.0735,  ..., 0.4712, 0.0998, 0.9549],
          [0.4890, 0.4965, 0.6153,  ..., 0.1969, 0.6460, 0.8847],
          ...,
          [0.7205, 0.9209, 0.4271,  ..., 0.9668, 0.6779, 0.7175],
          [0.4379, 0.0706, 0.4663,  ..., 0.5137, 0.5404, 0.9701],
          [0.9081, 0.6901, 0.1543,  ..., 0.8406, 0.1033, 0.5699]],

         [[0.2367, 0.0076, 0.1682,  ..., 0.9689, 0.1490, 0.9400],
          [0.4744, 0.0745, 0.1315,  ..., 0.2322, 0.4680, 0.7866],
          [0.3661, 0.6162, 0.9541,  ..., 0.3694, 0.3855, 0.1526],
          ...,
          [0.0287, 0.8675, 0.2176,  ..., 0.3680, 0.3140, 0.5943],
          [0.6106, 0.3230, 0.6139,  ..., 0.9562, 0.9291, 0.5744],
          [0.5400, 0.7918, 0.2092,  ..., 0.6580, 0.6692, 0.8387]]],


        [[[0.6776, 0.0943, 0.1667,  ..., 0.6371, 0.1769, 0.8998],
          [0.3146, 0.8392, 0.8512,  ..., 0.0071, 0.1258, 0.2793],
          [0.7921, 0.1536, 0.4944,  ..., 0.4221, 0.4296, 0.5643],
          ...,
          [0.1426, 0.3639, 0.4261,  ..., 0.7528, 0.8783, 0.8725],
          [0.3301, 0.9384, 0.9764,  ..., 0.8650, 0.5169, 0.5546],
          [0.0845, 0.8242, 0.0019,  ..., 0.8649, 0.5719, 0.2840]],

         [[0.3177, 0.8111, 0.1725,  ..., 0.0405, 0.5071, 0.8401],
          [0.0527, 0.4642, 0.8072,  ..., 0.2759, 0.6615, 0.7020],
          [0.3600, 0.3149, 0.5825,  ..., 0.4623, 0.9082, 0.5446],
          ...,
          [0.9382, 0.2201, 0.0059,  ..., 0.7464, 0.8638, 0.8447],
          [0.6464, 0.3072, 0.0885,  ..., 0.1520, 0.3914, 0.8209],
          [0.1277, 0.7556, 0.5896,  ..., 0.3600, 0.0623, 0.1604]],

         [[0.7782, 0.3858, 0.7995,  ..., 0.0494, 0.0140, 0.9236],
          [0.0218, 0.0401, 0.3433,  ..., 0.1453, 0.5532, 0.2999],
          [0.5753, 0.0528, 0.2563,  ..., 0.3857, 0.6901, 0.3298],
          ...,
          [0.1947, 0.2978, 0.9982,  ..., 0.6837, 0.4211, 0.0068],
          [0.2459, 0.6735, 0.7358,  ..., 0.7789, 0.0378, 0.3481],
          [0.2597, 0.2250, 0.3534,  ..., 0.4533, 0.7066, 0.9767]],

         ...,

         [[0.9397, 0.1947, 0.8144,  ..., 0.0538, 0.1829, 0.2587],
          [0.6168, 0.8661, 0.6370,  ..., 0.3893, 0.5151, 0.9781],
          [0.6188, 0.7117, 0.2968,  ..., 0.6213, 0.7050, 0.6638],
          ...,
          [0.6209, 0.0519, 0.6862,  ..., 0.8703, 0.8557, 0.9183],
          [0.9202, 0.7484, 0.2618,  ..., 0.3640, 0.0167, 0.8379],
          [0.8120, 0.3168, 0.8950,  ..., 0.1949, 0.5164, 0.2449]],

         [[0.3129, 0.6801, 0.7509,  ..., 0.8740, 0.9664, 0.8447],
          [0.9026, 0.8260, 0.9907,  ..., 0.1162, 0.1574, 0.9213],
          [0.0266, 0.1996, 0.2470,  ..., 0.7195, 0.9889, 0.1020],
          ...,
          [0.7153, 0.1200, 0.6339,  ..., 0.2317, 0.3652, 0.6365],
          [0.5470, 0.8221, 0.8306,  ..., 0.1049, 0.5874, 0.1416],
          [0.5553, 0.4085, 0.4246,  ..., 0.2286, 0.0825, 0.5303]],

         [[0.8984, 0.2455, 0.4770,  ..., 0.5286, 0.1677, 0.4877],
          [0.2538, 0.8402, 0.8003,  ..., 0.0967, 0.8111, 0.8843],
          [0.4363, 0.4101, 0.4052,  ..., 0.2422, 0.7815, 0.2295],
          ...,
          [0.9983, 0.5540, 0.3464,  ..., 0.7544, 0.2053, 0.8980],
          [0.3400, 0.3562, 0.8313,  ..., 0.9921, 0.1208, 0.1179],
          [0.0448, 0.8710, 0.1857,  ..., 0.5773, 0.2086, 0.4451]]]])
