tensor([[[[5.0737e-01, 8.5141e-01, 5.4541e-01,  ..., 7.6186e-01,
           3.4548e-01, 7.5845e-01],
          [7.1157e-01, 2.9916e-04, 4.2861e-01,  ..., 5.2654e-01,
           7.8579e-01, 2.0830e-01],
          [7.7698e-01, 8.6358e-01, 2.6569e-01,  ..., 8.6009e-01,
           8.9803e-02, 6.4279e-01],
          ...,
          [8.5225e-01, 8.0483e-01, 8.1765e-01,  ..., 7.5421e-01,
           1.7906e-01, 9.0429e-01],
          [2.1064e-01, 2.4812e-01, 4.4538e-02,  ..., 3.2380e-01,
           4.4026e-01, 3.8211e-01],
          [9.3403e-01, 9.0471e-01, 5.0381e-01,  ..., 7.9551e-01,
           3.2324e-01, 4.8762e-01]],

         [[3.0373e-02, 5.4432e-01, 8.3749e-01,  ..., 8.9548e-01,
           6.7054e-02, 4.4783e-01],
          [7.0416e-01, 4.5680e-01, 4.3793e-01,  ..., 8.7927e-01,
           8.9942e-01, 8.4575e-01],
          [4.0081e-01, 6.6523e-01, 5.2910e-01,  ..., 7.8746e-01,
           6.4800e-01, 8.7704e-01],
          ...,
          [6.4285e-02, 5.1522e-01, 7.7959e-01,  ..., 4.8959e-01,
           2.3072e-01, 6.8604e-01],
          [9.4590e-01, 2.9818e-01, 2.9929e-01,  ..., 1.2178e-01,
           4.8792e-01, 8.4534e-01],
          [6.0567e-01, 7.3996e-01, 3.2888e-01,  ..., 3.8853e-01,
           5.9012e-01, 2.9112e-01]],

         [[3.4507e-01, 6.4728e-01, 4.1137e-02,  ..., 7.5922e-01,
           7.6690e-01, 9.4799e-01],
          [7.9071e-01, 2.8857e-01, 9.8200e-01,  ..., 2.9928e-01,
           9.6794e-01, 4.1313e-01],
          [4.4298e-01, 2.1826e-01, 4.9253e-01,  ..., 4.2435e-01,
           7.5511e-01, 1.1784e-01],
          ...,
          [9.0389e-01, 5.2059e-01, 9.3735e-01,  ..., 8.6835e-01,
           5.4987e-01, 4.7498e-01],
          [7.4703e-03, 7.1699e-01, 3.0109e-01,  ..., 3.3070e-01,
           1.9818e-01, 8.6476e-01],
          [5.6958e-01, 6.2343e-01, 5.6534e-01,  ..., 6.9678e-01,
           3.6105e-01, 2.7947e-01]],

         ...,

         [[6.6811e-01, 4.6096e-01, 1.2281e-01,  ..., 1.3758e-01,
           6.5245e-01, 9.9288e-02],
          [6.3994e-01, 5.7926e-01, 6.0491e-01,  ..., 3.7500e-03,
           7.5422e-01, 8.7476e-01],
          [4.1747e-01, 6.5127e-01, 7.3045e-01,  ..., 2.2622e-01,
           3.8027e-01, 4.8665e-01],
          ...,
          [3.4298e-01, 8.6684e-01, 6.7601e-01,  ..., 9.8478e-01,
           6.3255e-01, 4.6320e-01],
          [9.0080e-01, 8.3504e-01, 4.6721e-01,  ..., 7.2743e-01,
           1.2543e-01, 8.4488e-01],
          [8.2356e-01, 1.6926e-01, 6.7574e-01,  ..., 1.9789e-01,
           7.7502e-01, 7.2309e-01]],

         [[3.4845e-01, 2.1718e-01, 3.0503e-01,  ..., 2.5474e-03,
           5.0134e-02, 5.7216e-01],
          [4.4975e-01, 3.2432e-01, 2.5453e-01,  ..., 4.2460e-01,
           7.7272e-01, 6.5438e-01],
          [8.2138e-01, 7.7856e-01, 3.7473e-01,  ..., 4.5077e-01,
           8.4640e-01, 3.5427e-01],
          ...,
          [4.7426e-01, 5.5885e-01, 1.2163e-01,  ..., 7.6144e-01,
           1.0901e-01, 5.1019e-01],
          [3.7507e-02, 8.7605e-01, 4.8479e-01,  ..., 4.9936e-01,
           5.5037e-01, 9.6882e-01],
          [5.0295e-01, 8.5273e-01, 9.6398e-01,  ..., 6.2521e-01,
           2.6166e-02, 1.8537e-01]],

         [[3.5708e-01, 4.7423e-01, 6.4765e-01,  ..., 9.8712e-01,
           7.7234e-01, 9.8793e-01],
          [8.0521e-01, 3.5282e-01, 6.6621e-01,  ..., 7.6949e-01,
           2.3264e-01, 3.8118e-01],
          [8.4026e-01, 4.5701e-01, 3.2010e-01,  ..., 3.3289e-02,
           5.7522e-01, 5.8481e-01],
          ...,
          [6.1247e-01, 4.7077e-01, 8.0921e-01,  ..., 9.8279e-01,
           2.4434e-01, 8.5024e-01],
          [7.5376e-01, 3.9862e-01, 4.6483e-01,  ..., 9.0044e-02,
           1.2773e-01, 1.3949e-01],
          [3.2222e-01, 9.4499e-01, 5.4133e-01,  ..., 8.0350e-01,
           6.7125e-01, 8.8295e-01]]],


        [[[6.1706e-01, 8.7130e-01, 2.8716e-01,  ..., 2.5942e-01,
           2.4768e-01, 8.2339e-01],
          [8.4888e-01, 8.0226e-02, 1.3366e-01,  ..., 2.5752e-01,
           5.5724e-02, 9.6397e-01],
          [4.1968e-01, 9.2463e-01, 6.9358e-01,  ..., 9.9319e-01,
           5.0893e-02, 4.4348e-01],
          ...,
          [9.7383e-01, 9.0207e-01, 6.2137e-01,  ..., 5.4303e-01,
           8.8345e-01, 5.8935e-02],
          [2.6650e-02, 2.3618e-01, 3.3100e-02,  ..., 8.8769e-03,
           6.1117e-01, 5.5606e-01],
          [5.5486e-01, 7.3028e-03, 4.9607e-01,  ..., 2.6076e-01,
           8.3972e-01, 6.3754e-01]],

         [[2.7003e-03, 3.6152e-01, 8.4401e-01,  ..., 1.4676e-01,
           7.3751e-01, 1.5476e-01],
          [1.4661e-01, 4.6096e-01, 9.0715e-01,  ..., 8.2861e-01,
           7.1264e-01, 6.8533e-01],
          [9.7178e-01, 1.5837e-01, 8.8264e-01,  ..., 3.7900e-01,
           9.0829e-01, 6.8778e-01],
          ...,
          [1.6138e-01, 1.7254e-01, 1.1024e-01,  ..., 5.5137e-01,
           8.5761e-01, 3.3563e-01],
          [4.4994e-01, 6.6408e-01, 9.8226e-01,  ..., 9.5835e-01,
           4.0971e-01, 2.1197e-01],
          [1.9821e-01, 6.5956e-01, 6.5087e-01,  ..., 5.4049e-01,
           3.7361e-01, 4.9681e-01]],

         [[1.3556e-01, 9.9622e-01, 8.7410e-01,  ..., 3.5371e-02,
           9.1373e-01, 3.3389e-01],
          [3.4510e-01, 5.6626e-01, 2.8978e-02,  ..., 5.7018e-01,
           8.6698e-01, 3.8452e-01],
          [9.8456e-01, 8.6745e-01, 6.4021e-01,  ..., 7.1965e-01,
           9.2617e-01, 9.0096e-01],
          ...,
          [3.2417e-02, 3.4693e-01, 2.1293e-01,  ..., 1.6898e-01,
           8.1183e-01, 4.6415e-02],
          [6.5690e-01, 5.7836e-01, 7.7269e-01,  ..., 2.9761e-01,
           3.4356e-01, 1.1834e-02],
          [2.8388e-01, 9.9519e-01, 8.7768e-02,  ..., 9.6349e-01,
           9.6413e-01, 8.1667e-01]],

         ...,

         [[2.0305e-01, 4.6847e-01, 5.4903e-01,  ..., 8.6800e-01,
           8.9764e-01, 3.2123e-01],
          [7.8354e-01, 5.9236e-01, 5.2473e-01,  ..., 8.2280e-01,
           4.0026e-01, 7.8580e-01],
          [2.8308e-01, 4.9087e-01, 8.6948e-02,  ..., 1.1404e-01,
           5.1875e-01, 5.6360e-01],
          ...,
          [7.0979e-01, 1.5605e-01, 7.8626e-01,  ..., 3.7199e-01,
           5.7430e-02, 7.6095e-01],
          [6.9381e-01, 7.3260e-01, 9.8953e-01,  ..., 2.4719e-01,
           2.2063e-01, 6.4271e-01],
          [1.0729e-03, 7.8283e-01, 2.6977e-01,  ..., 4.8127e-01,
           7.7857e-01, 5.2112e-01]],

         [[3.7698e-01, 5.9446e-02, 9.8089e-01,  ..., 6.3498e-01,
           9.2176e-01, 5.7945e-01],
          [5.2900e-01, 1.8768e-01, 9.2348e-01,  ..., 9.2824e-01,
           6.4276e-01, 8.8496e-01],
          [7.9072e-01, 9.3861e-01, 6.5301e-01,  ..., 4.5940e-01,
           5.7542e-01, 7.9447e-01],
          ...,
          [7.3476e-01, 7.1983e-02, 4.5984e-01,  ..., 1.7160e-01,
           1.6748e-01, 2.2412e-01],
          [9.2663e-01, 9.3857e-01, 1.1948e-01,  ..., 6.2574e-01,
           1.8564e-01, 7.0277e-01],
          [5.0573e-01, 9.8923e-01, 9.4657e-01,  ..., 5.1963e-01,
           4.6127e-01, 3.3925e-02]],

         [[8.4864e-01, 8.9077e-01, 8.4701e-01,  ..., 3.3261e-01,
           1.7582e-01, 9.6319e-01],
          [2.1417e-01, 5.7819e-01, 1.5394e-01,  ..., 5.6404e-01,
           9.4865e-01, 4.6315e-01],
          [9.4694e-01, 1.0672e-01, 3.3000e-01,  ..., 8.7600e-02,
           5.6627e-01, 4.6193e-01],
          ...,
          [7.4793e-01, 7.1677e-01, 3.0843e-01,  ..., 1.6409e-02,
           9.8488e-01, 5.8956e-01],
          [2.8629e-01, 8.9591e-01, 1.0838e-01,  ..., 6.9464e-01,
           5.9778e-01, 2.2233e-01],
          [6.8461e-01, 5.3993e-01, 1.3979e-01,  ..., 8.3169e-01,
           3.3669e-02, 3.8923e-01]]],


        [[[1.2475e-01, 7.4348e-01, 2.9555e-01,  ..., 5.9053e-02,
           4.5419e-01, 6.3606e-02],
          [3.7095e-02, 3.7140e-02, 9.0766e-01,  ..., 9.3893e-01,
           6.0970e-01, 4.0908e-01],
          [8.3827e-01, 9.7451e-01, 1.3306e-01,  ..., 4.7983e-01,
           7.6863e-01, 7.8235e-01],
          ...,
          [4.1293e-01, 8.9798e-01, 9.6607e-02,  ..., 1.0298e-01,
           7.0969e-01, 7.8875e-01],
          [6.7414e-01, 7.6697e-01, 1.5570e-01,  ..., 3.1314e-01,
           1.4258e-01, 8.4819e-02],
          [9.5588e-01, 4.4880e-01, 9.4173e-01,  ..., 3.4381e-01,
           1.0017e-01, 6.0794e-01]],

         [[1.9205e-01, 1.7223e-01, 6.6901e-01,  ..., 6.5022e-03,
           9.4305e-01, 9.7850e-01],
          [6.2203e-01, 8.6092e-01, 4.6856e-01,  ..., 7.8590e-01,
           8.7808e-01, 2.4351e-01],
          [7.0131e-04, 4.3635e-01, 5.6975e-01,  ..., 4.6867e-01,
           8.7504e-01, 9.4884e-01],
          ...,
          [7.6800e-01, 1.7225e-01, 2.1189e-01,  ..., 6.9371e-01,
           8.4107e-02, 7.0579e-01],
          [5.2281e-01, 5.9211e-01, 7.6944e-01,  ..., 1.0794e-01,
           9.3627e-01, 7.6457e-01],
          [6.5753e-02, 8.2922e-01, 7.5939e-01,  ..., 1.3443e-01,
           1.4919e-01, 5.2611e-01]],

         [[9.6298e-01, 7.7199e-01, 8.7248e-02,  ..., 6.3957e-01,
           5.6569e-01, 4.4708e-01],
          [6.9832e-01, 7.3259e-01, 2.3551e-01,  ..., 4.7061e-02,
           2.3607e-01, 1.8596e-01],
          [8.4424e-01, 1.7163e-01, 4.8821e-01,  ..., 9.5858e-01,
           7.3751e-01, 9.9876e-01],
          ...,
          [3.4157e-02, 1.2674e-01, 7.2794e-01,  ..., 1.1612e-01,
           1.7907e-01, 8.5790e-01],
          [9.5640e-01, 8.6878e-02, 9.5678e-01,  ..., 9.6617e-01,
           5.3610e-01, 9.5530e-01],
          [5.4016e-01, 8.8972e-01, 5.6333e-02,  ..., 3.3057e-01,
           3.3448e-01, 7.8918e-01]],

         ...,

         [[2.2905e-01, 8.0194e-01, 1.5219e-01,  ..., 6.5559e-01,
           1.3803e-01, 7.8356e-01],
          [6.8661e-01, 3.7955e-01, 1.8002e-01,  ..., 4.2096e-01,
           5.1006e-01, 2.3421e-01],
          [7.0968e-02, 3.0265e-01, 4.4132e-01,  ..., 7.6430e-01,
           8.1356e-01, 9.5846e-01],
          ...,
          [1.5459e-01, 4.8132e-01, 8.6217e-01,  ..., 2.6879e-01,
           8.9245e-01, 9.6303e-01],
          [3.9881e-02, 2.1629e-01, 4.4094e-01,  ..., 4.1988e-01,
           8.3324e-01, 1.9632e-01],
          [2.9800e-01, 4.3807e-01, 5.0659e-01,  ..., 6.3660e-01,
           9.1090e-01, 6.0170e-01]],

         [[5.9925e-01, 9.2352e-01, 6.7100e-01,  ..., 9.9268e-01,
           4.9305e-01, 2.6577e-02],
          [3.2967e-01, 4.2393e-02, 9.2189e-01,  ..., 8.1920e-01,
           8.8749e-01, 6.3871e-01],
          [6.8687e-01, 9.9430e-01, 2.5097e-01,  ..., 7.6749e-01,
           9.8658e-01, 2.2472e-01],
          ...,
          [6.1479e-01, 4.6874e-01, 1.8874e-01,  ..., 8.0317e-01,
           8.0477e-01, 6.1351e-01],
          [2.8278e-02, 7.4669e-01, 1.2085e-02,  ..., 8.7317e-01,
           6.6922e-01, 1.5848e-01],
          [4.4934e-01, 7.5119e-01, 8.2940e-01,  ..., 1.3031e-01,
           5.0485e-01, 3.2709e-01]],

         [[8.5934e-01, 8.9858e-01, 3.3559e-01,  ..., 9.1373e-01,
           9.1633e-01, 1.4619e-01],
          [4.5468e-02, 4.0732e-01, 7.9819e-01,  ..., 1.4804e-01,
           6.6589e-02, 8.9909e-01],
          [7.0482e-01, 3.9925e-01, 4.7698e-01,  ..., 8.4512e-01,
           8.7837e-01, 1.7705e-01],
          ...,
          [5.9033e-01, 5.1770e-01, 9.2551e-01,  ..., 2.5298e-01,
           1.8695e-01, 1.7102e-01],
          [6.9842e-01, 2.8669e-01, 4.2943e-01,  ..., 8.9452e-01,
           7.8048e-01, 9.2355e-01],
          [8.6940e-01, 2.1353e-02, 6.9736e-01,  ..., 2.3456e-01,
           6.6170e-01, 2.1207e-01]]],


        ...,


        [[[7.4882e-01, 9.5840e-01, 7.0706e-01,  ..., 8.1486e-01,
           1.2928e-01, 9.5843e-01],
          [7.6166e-01, 6.8196e-01, 4.4615e-01,  ..., 5.0677e-01,
           6.8796e-01, 4.6701e-01],
          [9.2267e-01, 2.0204e-01, 3.7036e-01,  ..., 3.8559e-01,
           8.2071e-01, 2.6951e-01],
          ...,
          [1.2533e-02, 2.9983e-01, 7.9393e-01,  ..., 5.4477e-01,
           2.9791e-01, 4.9231e-01],
          [1.5406e-01, 8.4810e-01, 5.0765e-01,  ..., 1.3574e-02,
           4.0273e-01, 8.0278e-01],
          [2.5605e-01, 8.5929e-01, 7.4641e-02,  ..., 5.5133e-01,
           6.3002e-01, 5.4721e-01]],

         [[7.4786e-01, 4.7606e-01, 3.1084e-01,  ..., 3.3445e-01,
           3.3732e-01, 5.3864e-01],
          [1.3601e-01, 4.6105e-01, 5.7951e-01,  ..., 3.1645e-02,
           2.6596e-01, 4.2699e-01],
          [9.2241e-01, 6.4922e-01, 1.1378e-01,  ..., 4.2614e-01,
           3.4991e-01, 2.7894e-01],
          ...,
          [5.5654e-01, 8.3092e-01, 8.4846e-01,  ..., 5.4158e-01,
           2.6366e-01, 4.2697e-01],
          [6.1234e-01, 9.2025e-01, 3.1913e-01,  ..., 7.3885e-01,
           3.0950e-01, 1.2638e-02],
          [6.3138e-02, 7.8816e-01, 9.2165e-01,  ..., 1.8503e-01,
           2.5373e-01, 2.8745e-01]],

         [[3.4499e-01, 3.4368e-01, 8.7460e-01,  ..., 4.4268e-01,
           3.9542e-01, 6.8593e-01],
          [6.9435e-01, 6.7637e-01, 1.4961e-01,  ..., 1.1263e-01,
           4.4246e-01, 3.6701e-01],
          [3.8818e-01, 7.1925e-01, 6.3523e-01,  ..., 1.5041e-02,
           1.6669e-01, 4.3759e-01],
          ...,
          [2.7263e-02, 7.3264e-01, 1.9586e-03,  ..., 3.9466e-01,
           6.4402e-01, 8.9173e-01],
          [5.1978e-01, 4.7799e-01, 7.6893e-02,  ..., 2.3333e-01,
           4.9513e-01, 6.9075e-01],
          [2.5077e-01, 1.1501e-01, 7.8998e-01,  ..., 3.5671e-01,
           7.6037e-01, 2.9057e-02]],

         ...,

         [[5.7805e-02, 3.1203e-01, 2.8769e-02,  ..., 3.0556e-01,
           7.0846e-01, 7.6889e-01],
          [3.4329e-01, 5.0634e-01, 9.3917e-01,  ..., 2.8565e-01,
           1.9287e-01, 2.1246e-01],
          [8.3155e-01, 4.8094e-01, 1.5839e-01,  ..., 6.0295e-01,
           9.1025e-01, 5.4020e-04],
          ...,
          [8.8001e-01, 1.2394e-01, 1.4125e-01,  ..., 9.9310e-01,
           3.0242e-01, 9.9565e-02],
          [2.0235e-01, 3.0916e-02, 7.7715e-01,  ..., 2.6428e-01,
           4.8286e-01, 2.6787e-01],
          [9.9241e-01, 8.9203e-01, 3.2765e-01,  ..., 3.8552e-01,
           9.3679e-01, 7.0830e-01]],

         [[4.9929e-01, 4.1687e-01, 7.1312e-01,  ..., 2.3098e-01,
           3.5737e-01, 1.4564e-01],
          [1.7406e-01, 3.8918e-01, 1.9417e-01,  ..., 4.4246e-01,
           6.0434e-01, 8.9859e-01],
          [1.7363e-01, 1.9155e-01, 5.8287e-01,  ..., 1.7804e-01,
           3.9955e-01, 2.2877e-02],
          ...,
          [3.9619e-01, 8.0651e-01, 5.9832e-01,  ..., 4.4380e-01,
           5.4198e-01, 5.3098e-01],
          [6.2537e-01, 6.1661e-01, 4.6330e-01,  ..., 8.5864e-01,
           5.6943e-01, 4.3249e-01],
          [3.8895e-02, 1.0289e-02, 2.4182e-01,  ..., 5.4888e-02,
           8.4647e-01, 7.8882e-01]],

         [[9.0242e-01, 1.7934e-01, 6.4494e-01,  ..., 7.2299e-01,
           6.9885e-02, 6.8299e-01],
          [6.8890e-01, 9.2657e-01, 8.4048e-02,  ..., 8.0713e-01,
           4.9126e-02, 6.2441e-01],
          [1.5894e-01, 5.3035e-01, 4.3905e-01,  ..., 4.9706e-01,
           5.4984e-01, 4.7667e-01],
          ...,
          [3.5862e-01, 1.4821e-01, 1.5887e-01,  ..., 2.4832e-02,
           6.8431e-01, 4.2541e-01],
          [4.4058e-01, 6.5449e-03, 5.6655e-01,  ..., 8.1703e-01,
           7.9564e-01, 2.8999e-01],
          [3.7392e-01, 4.5452e-01, 9.1035e-01,  ..., 1.1575e-01,
           5.8022e-02, 4.0432e-01]]],


        [[[8.6530e-01, 8.0327e-01, 7.4980e-01,  ..., 9.2295e-01,
           4.8161e-01, 6.8991e-02],
          [3.1764e-01, 1.0376e-01, 3.9475e-01,  ..., 3.3043e-01,
           7.6840e-01, 8.3350e-01],
          [1.4321e-02, 1.1359e-01, 7.0395e-01,  ..., 2.0097e-01,
           3.6556e-01, 7.1515e-01],
          ...,
          [9.2687e-01, 9.5743e-01, 4.7980e-01,  ..., 9.3000e-01,
           3.4045e-01, 1.8778e-01],
          [5.9353e-01, 9.8103e-01, 6.2259e-01,  ..., 1.5734e-01,
           1.5587e-01, 2.1793e-01],
          [4.2958e-01, 6.2505e-01, 7.1109e-01,  ..., 8.0550e-01,
           8.4266e-01, 4.4032e-01]],

         [[1.5980e-01, 1.4168e-01, 6.4632e-01,  ..., 2.4472e-01,
           6.9674e-01, 2.6176e-01],
          [6.2218e-01, 5.9843e-02, 9.6629e-01,  ..., 2.5342e-02,
           1.9155e-01, 7.1291e-01],
          [5.4051e-01, 9.8046e-01, 5.5156e-03,  ..., 2.9124e-01,
           7.9137e-01, 5.2725e-01],
          ...,
          [9.9864e-01, 7.3859e-01, 1.5667e-01,  ..., 1.2305e-01,
           5.0025e-01, 6.6704e-01],
          [6.9078e-01, 5.3222e-01, 8.0730e-01,  ..., 3.3411e-01,
           8.7060e-01, 4.1536e-01],
          [9.4726e-01, 7.4275e-01, 1.8996e-01,  ..., 8.3124e-01,
           3.8202e-01, 3.8719e-01]],

         [[9.9009e-01, 5.9031e-01, 6.6297e-02,  ..., 5.5404e-01,
           7.8407e-01, 8.3485e-01],
          [8.8007e-01, 6.5358e-01, 2.1077e-01,  ..., 7.1702e-01,
           9.0514e-01, 1.0938e-01],
          [8.9833e-01, 1.2061e-01, 8.3907e-01,  ..., 5.2337e-01,
           4.7744e-01, 6.0224e-01],
          ...,
          [1.2923e-01, 6.0741e-01, 9.8793e-01,  ..., 4.5624e-01,
           2.4657e-01, 2.8004e-01],
          [9.5624e-01, 5.7796e-01, 8.8353e-01,  ..., 2.0530e-02,
           2.2134e-01, 3.6456e-01],
          [3.7574e-01, 2.9945e-01, 6.0821e-01,  ..., 1.3903e-01,
           5.8361e-01, 9.8102e-01]],

         ...,

         [[8.3586e-01, 5.1513e-01, 2.0600e-02,  ..., 1.2070e-01,
           2.4218e-01, 5.4445e-01],
          [9.7044e-01, 1.8731e-01, 9.0822e-01,  ..., 3.1438e-01,
           2.1815e-01, 8.2226e-01],
          [1.5740e-01, 8.7769e-01, 9.5612e-02,  ..., 7.1876e-02,
           7.8572e-01, 8.7394e-01],
          ...,
          [5.6219e-01, 2.1602e-01, 4.5469e-01,  ..., 2.1153e-01,
           7.9471e-01, 4.7326e-01],
          [3.4184e-01, 1.1384e-01, 5.0468e-01,  ..., 2.6378e-01,
           6.5724e-01, 9.7036e-01],
          [7.2509e-01, 8.9857e-01, 1.5137e-01,  ..., 2.6363e-01,
           2.2686e-01, 2.1522e-01]],

         [[9.2796e-01, 3.8013e-01, 8.3740e-01,  ..., 8.1210e-01,
           8.9010e-01, 4.9094e-01],
          [4.8322e-02, 2.6495e-01, 6.4605e-01,  ..., 3.0080e-03,
           8.1021e-01, 4.4862e-01],
          [6.5242e-01, 4.7782e-01, 7.6814e-01,  ..., 3.5260e-01,
           4.0416e-01, 1.0321e-01],
          ...,
          [3.9304e-01, 9.3319e-01, 8.0021e-01,  ..., 4.4061e-01,
           6.4753e-02, 6.0019e-01],
          [8.5082e-02, 8.9604e-02, 4.0202e-01,  ..., 5.0436e-01,
           4.6948e-01, 2.5959e-01],
          [7.8483e-01, 6.2311e-01, 5.4027e-01,  ..., 5.3023e-01,
           6.7952e-01, 2.9230e-01]],

         [[8.0960e-01, 1.4149e-01, 2.8644e-01,  ..., 7.5311e-01,
           5.6927e-01, 3.5845e-02],
          [8.1058e-02, 7.0835e-01, 8.7343e-01,  ..., 8.6643e-01,
           8.0532e-01, 2.3497e-01],
          [9.4325e-01, 7.3155e-01, 9.6928e-01,  ..., 3.6205e-01,
           1.3701e-01, 9.0718e-01],
          ...,
          [8.2144e-01, 3.1206e-01, 4.9912e-01,  ..., 2.3487e-01,
           2.2575e-01, 3.5819e-01],
          [9.0190e-01, 3.7648e-01, 9.1141e-01,  ..., 7.6610e-01,
           9.0135e-01, 7.5895e-01],
          [6.3116e-01, 1.2864e-01, 7.6293e-01,  ..., 9.9872e-01,
           5.7594e-01, 2.1092e-01]]],


        [[[6.8341e-01, 2.6808e-01, 6.2634e-01,  ..., 6.2905e-01,
           4.7075e-01, 2.2285e-01],
          [3.9738e-01, 7.1310e-01, 9.3765e-01,  ..., 5.2163e-01,
           2.9478e-01, 2.7227e-03],
          [1.4084e-01, 7.2965e-01, 8.2828e-01,  ..., 2.4853e-01,
           7.6191e-01, 1.8339e-01],
          ...,
          [1.8258e-01, 4.7402e-01, 7.6218e-01,  ..., 3.5344e-01,
           2.2355e-03, 7.9087e-01],
          [2.5098e-01, 7.6627e-01, 2.4914e-01,  ..., 9.4141e-01,
           4.0286e-01, 6.2687e-01],
          [6.7347e-02, 1.8271e-01, 1.0512e-01,  ..., 3.9670e-01,
           3.0497e-01, 7.2148e-01]],

         [[2.3517e-01, 5.0447e-01, 1.4589e-01,  ..., 9.1130e-01,
           6.9677e-01, 5.0519e-01],
          [9.8625e-01, 7.6308e-01, 8.0888e-01,  ..., 6.3149e-01,
           5.5427e-01, 5.8198e-01],
          [8.4409e-01, 3.3642e-01, 1.2207e-01,  ..., 9.8868e-01,
           5.5245e-01, 3.1921e-01],
          ...,
          [1.7022e-01, 5.3813e-01, 7.7382e-01,  ..., 5.1018e-01,
           7.1963e-02, 5.7207e-01],
          [4.6742e-01, 6.2280e-01, 8.4002e-01,  ..., 6.3617e-01,
           2.8984e-01, 2.6488e-01],
          [6.8193e-01, 4.3257e-01, 6.5423e-01,  ..., 3.8327e-01,
           5.9698e-01, 4.0742e-01]],

         [[8.4689e-01, 3.5709e-01, 9.3716e-01,  ..., 7.5552e-01,
           7.5599e-01, 5.8202e-02],
          [1.4408e-01, 8.0501e-01, 8.3083e-01,  ..., 7.8815e-01,
           6.4079e-02, 5.8981e-01],
          [4.8343e-01, 2.6310e-01, 9.8908e-01,  ..., 3.9598e-01,
           7.3519e-01, 5.7446e-01],
          ...,
          [9.6085e-01, 4.0985e-01, 1.1796e-01,  ..., 5.6710e-01,
           3.0760e-01, 2.3795e-01],
          [4.2888e-01, 9.4941e-01, 8.7769e-01,  ..., 6.8674e-01,
           7.2859e-01, 8.3548e-01],
          [6.6946e-01, 5.8316e-01, 2.3647e-01,  ..., 2.3390e-01,
           4.0054e-01, 2.5151e-01]],

         ...,

         [[4.1281e-01, 4.8007e-01, 5.4105e-01,  ..., 9.0985e-01,
           4.3021e-01, 5.4532e-01],
          [6.1270e-01, 1.2047e-01, 2.8396e-01,  ..., 2.2194e-01,
           9.1665e-01, 6.2620e-02],
          [7.7647e-01, 4.1151e-01, 6.3194e-01,  ..., 1.2795e-01,
           5.4100e-01, 9.1740e-01],
          ...,
          [3.7096e-01, 5.5404e-01, 1.0132e-02,  ..., 8.5724e-01,
           8.6205e-01, 9.2784e-01],
          [2.5789e-01, 1.6034e-01, 7.3668e-01,  ..., 5.7039e-01,
           1.9583e-01, 3.4840e-01],
          [5.5804e-01, 8.3846e-01, 9.3615e-01,  ..., 9.6720e-01,
           2.1258e-02, 3.9216e-01]],

         [[3.7527e-02, 5.1107e-02, 9.5469e-01,  ..., 9.6638e-01,
           6.0363e-01, 3.4450e-01],
          [4.3640e-01, 8.4659e-02, 6.3214e-01,  ..., 6.4828e-01,
           6.6189e-01, 4.8499e-01],
          [3.5782e-01, 3.8554e-01, 2.9712e-01,  ..., 7.8012e-01,
           2.5715e-01, 3.8521e-01],
          ...,
          [2.1002e-02, 7.8972e-01, 3.2378e-01,  ..., 8.8203e-01,
           6.0970e-01, 6.6988e-01],
          [9.8117e-01, 6.7356e-01, 5.8539e-01,  ..., 1.3351e-01,
           1.5627e-01, 9.6581e-01],
          [4.2657e-01, 2.4647e-01, 1.5503e-01,  ..., 2.5798e-01,
           4.6470e-01, 2.5697e-01]],

         [[5.2132e-01, 2.3814e-01, 4.3082e-01,  ..., 2.6604e-01,
           2.8079e-01, 6.8817e-01],
          [8.6557e-01, 9.2435e-01, 4.7328e-01,  ..., 8.6238e-01,
           7.5392e-01, 7.8240e-01],
          [2.1605e-01, 5.7856e-01, 3.4860e-01,  ..., 6.5846e-01,
           9.4949e-01, 6.7748e-01],
          ...,
          [5.0168e-01, 3.6010e-01, 1.8769e-01,  ..., 6.8929e-01,
           2.1309e-01, 8.4439e-02],
          [4.3577e-01, 1.1049e-01, 3.8116e-01,  ..., 2.5141e-01,
           9.7865e-01, 2.2977e-01],
          [1.0675e-01, 3.1573e-02, 7.3642e-01,  ..., 5.6389e-01,
           8.2316e-01, 3.7748e-01]]]])
