tensor([[[[3.7990e-01, 5.8357e-01, 2.7291e-01,  ..., 3.9040e-01,
           2.3560e-01, 2.9543e-01],
          [5.4420e-01, 6.3810e-02, 8.8397e-01,  ..., 3.4813e-01,
           2.9507e-01, 1.7285e-01],
          [4.4353e-01, 2.9913e-02, 7.1562e-01,  ..., 2.8739e-01,
           6.6254e-01, 4.5041e-01],
          ...,
          [4.8493e-01, 9.4260e-01, 2.7965e-01,  ..., 8.4255e-01,
           1.4834e-01, 2.9952e-01],
          [8.7953e-01, 4.9398e-01, 2.9426e-01,  ..., 1.7192e-01,
           9.7900e-02, 6.0007e-01],
          [9.6477e-01, 8.8990e-01, 5.3232e-01,  ..., 8.1258e-01,
           1.3076e-01, 9.7082e-02]],

         [[1.8670e-01, 2.9001e-01, 5.9114e-01,  ..., 6.8005e-01,
           9.1753e-01, 8.7415e-02],
          [8.3323e-01, 3.6304e-01, 4.6996e-01,  ..., 4.9816e-01,
           8.5591e-01, 7.2704e-01],
          [7.4099e-01, 9.1929e-02, 6.9536e-01,  ..., 3.3933e-01,
           9.9544e-01, 5.8860e-01],
          ...,
          [4.0701e-02, 5.9247e-01, 9.4150e-01,  ..., 8.5253e-01,
           5.6789e-01, 6.7681e-01],
          [6.5510e-01, 8.5596e-01, 8.3433e-01,  ..., 2.1317e-01,
           8.8417e-01, 3.2824e-01],
          [3.5461e-01, 9.2054e-01, 1.1449e-01,  ..., 7.2211e-01,
           4.6410e-01, 9.7736e-01]],

         [[2.9033e-02, 6.4461e-01, 4.6168e-01,  ..., 7.8217e-01,
           3.8717e-01, 7.5628e-01],
          [1.0671e-01, 4.3281e-01, 4.2775e-01,  ..., 5.9700e-01,
           2.7210e-01, 6.1868e-01],
          [4.5169e-01, 2.0307e-01, 2.1965e-01,  ..., 4.3359e-01,
           7.3228e-01, 7.9961e-01],
          ...,
          [8.0381e-01, 9.6138e-01, 4.3667e-01,  ..., 3.4894e-01,
           9.8524e-01, 5.6281e-01],
          [5.0292e-01, 6.4389e-01, 5.3827e-01,  ..., 3.6164e-02,
           5.1452e-01, 5.5926e-01],
          [2.0326e-01, 8.3332e-01, 7.3368e-01,  ..., 7.3083e-01,
           1.6599e-01, 8.1478e-01]],

         ...,

         [[8.1520e-01, 7.4561e-01, 4.0653e-02,  ..., 5.3808e-01,
           1.4973e-02, 7.9995e-02],
          [9.3748e-01, 8.4576e-01, 6.7349e-01,  ..., 4.0599e-01,
           3.2292e-01, 5.6543e-01],
          [3.4477e-01, 6.8817e-01, 1.5531e-01,  ..., 5.9851e-01,
           7.1083e-01, 3.8063e-01],
          ...,
          [8.6661e-01, 5.8638e-01, 9.5589e-01,  ..., 6.9897e-01,
           2.3604e-01, 5.1352e-01],
          [2.5662e-01, 6.0857e-01, 4.4174e-02,  ..., 9.7975e-01,
           3.1659e-01, 7.5799e-01],
          [9.6889e-01, 8.2008e-01, 3.1936e-01,  ..., 4.3530e-01,
           8.3028e-01, 9.7358e-01]],

         [[9.6029e-01, 9.3896e-01, 5.9952e-01,  ..., 9.9681e-01,
           7.8550e-01, 6.0463e-02],
          [9.7834e-01, 9.4335e-01, 3.5545e-01,  ..., 9.8619e-01,
           5.1316e-02, 5.8300e-01],
          [9.1072e-02, 2.8516e-01, 6.5519e-01,  ..., 4.7815e-01,
           4.9953e-02, 7.5688e-01],
          ...,
          [7.0980e-01, 3.5763e-01, 2.6920e-01,  ..., 5.3399e-01,
           3.7144e-01, 3.7454e-01],
          [4.6800e-02, 1.3628e-01, 3.8733e-01,  ..., 7.8699e-01,
           5.5609e-01, 2.3692e-01],
          [9.8186e-01, 1.3984e-01, 1.5368e-01,  ..., 6.5060e-01,
           2.6541e-01, 4.8554e-01]],

         [[6.6052e-01, 6.2435e-01, 9.0912e-01,  ..., 3.4733e-01,
           8.5733e-01, 5.1466e-02],
          [6.8795e-01, 8.6988e-01, 3.6603e-01,  ..., 6.3894e-01,
           6.9913e-01, 9.2440e-01],
          [5.3577e-01, 4.2951e-01, 9.9063e-02,  ..., 7.6503e-01,
           5.6212e-01, 5.4310e-01],
          ...,
          [5.4929e-01, 2.8725e-01, 9.5326e-01,  ..., 4.5993e-01,
           4.7958e-01, 9.0898e-01],
          [9.4134e-01, 5.5507e-01, 2.6837e-01,  ..., 2.8649e-01,
           4.8587e-01, 2.6522e-01],
          [5.7471e-01, 3.1776e-01, 5.4160e-01,  ..., 2.5811e-01,
           1.2068e-01, 5.8654e-01]]],


        [[[6.0094e-01, 6.5036e-01, 7.2167e-01,  ..., 7.7113e-01,
           3.0888e-01, 3.8516e-01],
          [1.7761e-01, 8.7219e-01, 6.8078e-01,  ..., 8.7568e-01,
           6.2738e-01, 5.6300e-01],
          [6.8302e-01, 4.1531e-01, 1.2285e-01,  ..., 7.1634e-01,
           4.3151e-01, 9.9100e-01],
          ...,
          [9.7466e-01, 8.7060e-01, 6.2676e-02,  ..., 7.8688e-01,
           9.9240e-01, 7.0281e-01],
          [3.9790e-01, 5.8944e-01, 6.2530e-01,  ..., 7.7885e-02,
           9.6165e-01, 9.7533e-01],
          [1.4776e-01, 7.3856e-01, 9.1436e-01,  ..., 5.3916e-01,
           6.7409e-01, 7.8426e-01]],

         [[9.4099e-01, 2.1048e-01, 1.0438e-01,  ..., 9.8065e-01,
           8.6377e-01, 7.0914e-01],
          [5.8246e-01, 3.0584e-01, 6.3188e-01,  ..., 9.5310e-02,
           6.7021e-01, 8.5580e-01],
          [7.9249e-01, 5.9515e-02, 5.4518e-01,  ..., 1.6515e-01,
           3.5766e-01, 9.3908e-02],
          ...,
          [6.6409e-01, 9.9325e-01, 6.2700e-01,  ..., 9.5245e-01,
           3.0641e-01, 4.1569e-01],
          [3.1479e-02, 6.0781e-01, 9.7793e-01,  ..., 5.5060e-01,
           1.7718e-01, 6.5493e-01],
          [1.1557e-01, 8.7470e-01, 6.9340e-02,  ..., 9.1693e-01,
           7.3701e-01, 4.1663e-01]],

         [[5.6648e-01, 4.4716e-01, 3.8229e-01,  ..., 3.0479e-01,
           5.2284e-01, 4.4919e-01],
          [2.0741e-01, 6.9715e-01, 9.1639e-01,  ..., 4.4517e-01,
           7.6281e-01, 3.8525e-01],
          [5.1940e-01, 1.0333e-01, 2.9730e-01,  ..., 4.6097e-01,
           5.8331e-01, 6.9285e-01],
          ...,
          [6.8940e-01, 3.7427e-01, 3.4487e-01,  ..., 5.3402e-01,
           8.3777e-01, 9.9209e-01],
          [9.1127e-01, 6.0672e-01, 2.1866e-01,  ..., 4.5843e-01,
           4.9216e-01, 4.6394e-01],
          [8.9841e-01, 6.4260e-01, 8.9546e-01,  ..., 1.4879e-01,
           6.8555e-01, 5.8717e-01]],

         ...,

         [[8.3634e-01, 5.6402e-01, 6.2863e-01,  ..., 2.2702e-01,
           6.0070e-01, 7.4292e-02],
          [3.3504e-01, 1.7578e-01, 7.6059e-01,  ..., 3.8449e-01,
           6.0901e-01, 1.3800e-01],
          [8.8992e-01, 8.5296e-01, 6.7151e-01,  ..., 3.1612e-01,
           9.7266e-01, 8.8416e-03],
          ...,
          [5.3340e-01, 2.5647e-02, 9.3597e-01,  ..., 9.1916e-01,
           3.5761e-01, 2.4195e-01],
          [3.5946e-01, 8.0181e-01, 2.4053e-02,  ..., 8.7341e-02,
           7.2482e-02, 7.4328e-01],
          [1.8583e-01, 9.4123e-01, 4.6258e-01,  ..., 7.9545e-01,
           1.4164e-01, 2.6481e-01]],

         [[6.8698e-01, 8.3750e-01, 9.9442e-01,  ..., 7.7835e-01,
           9.5176e-01, 3.7105e-01],
          [3.3599e-01, 7.1476e-01, 8.1819e-01,  ..., 1.7370e-01,
           5.4996e-01, 3.6329e-01],
          [7.2517e-01, 7.9249e-01, 6.5383e-01,  ..., 3.9797e-03,
           8.6931e-01, 1.1886e-01],
          ...,
          [1.8643e-01, 3.7097e-01, 3.7421e-01,  ..., 3.0261e-01,
           9.7523e-01, 8.2876e-01],
          [9.1477e-01, 6.1653e-01, 6.1715e-01,  ..., 3.0249e-02,
           3.7678e-01, 1.6828e-01],
          [7.5469e-01, 9.8247e-01, 3.6591e-01,  ..., 7.0277e-01,
           3.4029e-01, 2.7796e-01]],

         [[6.6229e-02, 3.8824e-01, 9.0074e-01,  ..., 8.7373e-01,
           7.6164e-01, 4.8581e-01],
          [1.9551e-01, 9.9566e-01, 9.5902e-01,  ..., 5.8817e-01,
           9.6384e-01, 3.0491e-01],
          [2.6570e-01, 8.0999e-01, 9.3593e-01,  ..., 6.5486e-02,
           6.3555e-01, 9.7290e-01],
          ...,
          [4.8973e-01, 4.1315e-01, 5.0475e-01,  ..., 9.0859e-01,
           5.1780e-01, 8.4433e-02],
          [1.6351e-02, 9.8458e-01, 2.6987e-01,  ..., 3.1061e-01,
           9.8803e-01, 3.6088e-01],
          [3.0940e-01, 6.3061e-01, 5.6846e-01,  ..., 1.8425e-01,
           4.0722e-01, 1.0125e-01]]],


        [[[2.2762e-01, 1.6971e-02, 2.1791e-01,  ..., 3.6665e-01,
           6.5123e-01, 3.6305e-01],
          [8.5221e-01, 8.0214e-01, 6.1640e-01,  ..., 4.8006e-01,
           4.4709e-01, 9.5670e-02],
          [5.6210e-01, 2.0077e-02, 4.0063e-01,  ..., 2.5585e-01,
           4.3883e-01, 5.5629e-01],
          ...,
          [9.6043e-01, 6.7475e-01, 7.1335e-01,  ..., 4.9600e-01,
           4.1293e-01, 5.0312e-01],
          [5.7139e-01, 3.2667e-01, 6.6110e-01,  ..., 1.2424e-01,
           4.6818e-01, 8.8317e-01],
          [6.0705e-01, 4.5644e-01, 8.9724e-02,  ..., 5.4109e-01,
           3.3848e-01, 2.0818e-01]],

         [[5.6414e-01, 2.4065e-01, 5.6449e-01,  ..., 6.3870e-01,
           2.5687e-01, 3.2357e-01],
          [1.2269e-01, 7.4601e-01, 6.2785e-01,  ..., 5.4677e-01,
           8.0393e-01, 6.1120e-01],
          [5.9528e-01, 9.8917e-01, 2.0136e-01,  ..., 7.1304e-01,
           1.0408e-01, 6.8226e-01],
          ...,
          [9.1463e-01, 9.3102e-01, 6.7063e-01,  ..., 3.0120e-01,
           5.9708e-01, 8.8805e-01],
          [4.1493e-01, 9.0880e-01, 5.2832e-01,  ..., 6.6695e-01,
           5.9738e-01, 9.2886e-01],
          [7.1875e-01, 2.9783e-01, 5.3733e-01,  ..., 3.4740e-01,
           9.0401e-01, 6.0755e-02]],

         [[4.3019e-01, 8.8468e-01, 4.6109e-01,  ..., 1.2750e-02,
           4.2743e-01, 5.3121e-01],
          [9.3426e-01, 9.3018e-01, 9.8653e-01,  ..., 7.5627e-01,
           5.0415e-01, 8.1676e-01],
          [8.9889e-01, 9.1855e-02, 5.7294e-01,  ..., 9.0210e-01,
           4.3523e-01, 5.2761e-01],
          ...,
          [4.6073e-01, 2.8209e-01, 6.1707e-01,  ..., 7.9061e-01,
           4.6364e-01, 8.7591e-01],
          [9.3570e-01, 6.1193e-01, 6.9411e-01,  ..., 8.5447e-01,
           1.3640e-01, 7.2660e-01],
          [7.2269e-01, 9.1267e-01, 1.0757e-01,  ..., 4.0480e-01,
           2.5229e-01, 3.8510e-01]],

         ...,

         [[8.0666e-01, 3.7915e-01, 8.0025e-01,  ..., 1.6211e-01,
           1.5058e-01, 3.3363e-01],
          [8.6661e-01, 1.5818e-01, 9.5439e-01,  ..., 5.2346e-01,
           3.2153e-01, 9.3040e-01],
          [8.0239e-01, 8.6873e-01, 8.5438e-01,  ..., 8.1581e-01,
           4.9090e-01, 3.5602e-01],
          ...,
          [8.0498e-01, 5.1123e-01, 1.9876e-01,  ..., 3.5355e-01,
           3.5598e-01, 8.8870e-01],
          [2.8540e-01, 7.2999e-01, 2.3300e-01,  ..., 5.9309e-01,
           4.6509e-01, 3.9998e-01],
          [1.1475e-01, 6.1539e-01, 1.8296e-01,  ..., 1.7611e-01,
           4.7723e-01, 1.8718e-01]],

         [[7.1872e-01, 2.2648e-01, 2.8386e-01,  ..., 5.5391e-01,
           6.7637e-01, 2.1518e-01],
          [4.2910e-01, 1.2327e-01, 1.8800e-01,  ..., 2.7661e-01,
           1.5244e-01, 9.0162e-01],
          [2.2223e-01, 6.6945e-01, 2.4064e-01,  ..., 5.9133e-01,
           4.7254e-01, 1.6004e-01],
          ...,
          [8.4534e-01, 3.2083e-01, 3.9189e-01,  ..., 2.2033e-01,
           7.4410e-01, 4.5729e-02],
          [8.6289e-01, 1.5485e-01, 8.8919e-01,  ..., 4.5463e-01,
           5.8030e-02, 3.7533e-01],
          [4.5188e-01, 7.1836e-01, 2.0684e-02,  ..., 4.4542e-01,
           5.3038e-02, 9.2412e-01]],

         [[2.5464e-02, 5.7698e-01, 5.2074e-01,  ..., 6.7568e-01,
           4.8247e-01, 3.3286e-01],
          [3.5671e-01, 1.8291e-01, 7.8087e-01,  ..., 1.6901e-01,
           6.8363e-01, 2.4809e-01],
          [9.9145e-01, 7.4243e-01, 6.6014e-01,  ..., 1.6553e-01,
           7.0618e-01, 6.8930e-01],
          ...,
          [5.8897e-01, 5.0988e-01, 3.4411e-01,  ..., 1.5013e-01,
           6.5402e-01, 3.8576e-02],
          [3.8483e-01, 3.8403e-02, 8.3419e-01,  ..., 9.2442e-01,
           7.4440e-01, 2.8263e-01],
          [7.8276e-01, 7.4810e-01, 6.1564e-01,  ..., 1.7055e-01,
           4.2755e-01, 4.6046e-01]]],


        ...,


        [[[1.5703e-01, 6.5306e-01, 7.0898e-01,  ..., 8.9320e-02,
           8.8670e-02, 3.9431e-01],
          [4.9562e-01, 4.1040e-01, 6.8183e-01,  ..., 2.2010e-01,
           8.1138e-01, 8.6325e-01],
          [1.8120e-01, 6.7889e-01, 6.0941e-01,  ..., 3.4353e-01,
           2.1711e-01, 3.9622e-01],
          ...,
          [5.6345e-01, 3.1652e-01, 6.7980e-02,  ..., 8.3235e-01,
           1.8322e-01, 9.9532e-01],
          [6.1249e-01, 4.6738e-01, 9.0531e-01,  ..., 5.6691e-01,
           8.3242e-01, 1.6392e-01],
          [2.1365e-01, 5.1573e-01, 9.4711e-02,  ..., 8.9197e-01,
           2.2533e-01, 6.1787e-01]],

         [[3.2190e-01, 8.0952e-01, 1.6974e-01,  ..., 6.0343e-01,
           5.4662e-01, 7.4104e-02],
          [4.0687e-01, 3.2380e-01, 8.9507e-01,  ..., 2.5849e-01,
           5.1742e-01, 3.8163e-02],
          [9.2332e-01, 7.5126e-01, 3.6852e-02,  ..., 6.2476e-01,
           2.5974e-01, 4.1831e-01],
          ...,
          [8.4237e-01, 5.5962e-01, 5.2001e-01,  ..., 8.6726e-02,
           1.0113e-01, 5.3175e-01],
          [3.0304e-01, 3.9174e-01, 2.4883e-01,  ..., 3.6918e-01,
           6.4515e-01, 4.5581e-01],
          [2.9174e-01, 7.5704e-02, 1.1294e-01,  ..., 8.1728e-01,
           2.5115e-01, 8.1395e-01]],

         [[6.0570e-01, 6.3817e-01, 6.0011e-01,  ..., 6.5149e-01,
           5.4945e-01, 7.2269e-01],
          [2.4152e-01, 2.6347e-01, 8.3028e-01,  ..., 2.4807e-01,
           5.1884e-01, 9.2759e-01],
          [2.8038e-01, 7.2935e-01, 5.3864e-01,  ..., 9.2750e-01,
           7.6724e-01, 3.3316e-01],
          ...,
          [7.3537e-01, 9.6855e-02, 2.9344e-01,  ..., 5.7075e-01,
           8.2711e-01, 3.9489e-01],
          [3.8229e-01, 6.8017e-01, 6.6470e-01,  ..., 5.7299e-01,
           2.3169e-02, 8.4760e-01],
          [5.8796e-02, 3.4348e-01, 4.9025e-01,  ..., 4.3852e-01,
           1.5309e-01, 2.9247e-01]],

         ...,

         [[8.8205e-02, 2.3527e-01, 5.5027e-01,  ..., 7.9760e-01,
           9.7008e-01, 6.2541e-01],
          [8.6798e-01, 1.7281e-01, 9.9204e-02,  ..., 4.2882e-01,
           4.5233e-01, 6.4688e-01],
          [1.1795e-01, 4.0487e-01, 3.5529e-01,  ..., 4.4574e-01,
           7.2461e-01, 8.5797e-01],
          ...,
          [2.7197e-01, 9.7062e-01, 6.4931e-01,  ..., 1.3102e-01,
           3.9061e-01, 1.8975e-01],
          [4.9394e-02, 9.2876e-01, 4.9431e-01,  ..., 1.1312e-01,
           9.5286e-01, 5.2294e-01],
          [2.3013e-01, 7.0002e-01, 3.5918e-01,  ..., 2.8813e-01,
           4.5880e-01, 8.8521e-01]],

         [[9.8733e-01, 1.5511e-01, 9.2294e-02,  ..., 1.0551e-01,
           6.8801e-01, 6.4446e-01],
          [2.6780e-01, 2.2913e-02, 8.4399e-01,  ..., 5.0374e-01,
           8.6028e-01, 2.0162e-01],
          [4.8704e-01, 8.3971e-01, 9.4121e-01,  ..., 7.7819e-01,
           6.0554e-01, 8.0889e-01],
          ...,
          [2.3473e-01, 9.2147e-01, 6.4064e-01,  ..., 8.9777e-01,
           3.4537e-01, 8.1372e-02],
          [9.9529e-01, 5.7520e-02, 6.2191e-01,  ..., 7.3155e-01,
           4.4424e-02, 9.2283e-01],
          [4.0120e-01, 9.4080e-01, 5.3515e-01,  ..., 3.9628e-02,
           6.0492e-01, 5.0241e-01]],

         [[9.2003e-01, 3.3091e-01, 3.4069e-01,  ..., 8.1688e-01,
           5.1205e-02, 5.6339e-01],
          [3.5736e-01, 4.3649e-01, 2.5320e-01,  ..., 7.3147e-01,
           8.0941e-01, 7.9440e-01],
          [1.7912e-01, 6.5217e-01, 4.7719e-01,  ..., 9.3146e-01,
           2.9349e-02, 2.0702e-01],
          ...,
          [1.4919e-01, 8.3767e-01, 1.8031e-02,  ..., 2.3321e-02,
           6.8402e-01, 8.8632e-01],
          [7.8873e-01, 2.3965e-01, 5.7463e-01,  ..., 5.6477e-01,
           7.7853e-01, 5.6309e-01],
          [8.5961e-02, 9.8126e-01, 1.3945e-01,  ..., 5.2382e-02,
           4.0702e-01, 9.2792e-01]]],


        [[[2.9550e-01, 6.1803e-01, 7.8192e-01,  ..., 8.4870e-01,
           3.1938e-01, 2.9927e-01],
          [7.9297e-02, 2.8123e-01, 1.1526e-01,  ..., 2.8514e-01,
           6.9845e-02, 5.1945e-01],
          [6.8025e-01, 5.2617e-01, 4.0183e-01,  ..., 3.1489e-01,
           5.2917e-01, 6.4015e-01],
          ...,
          [4.5055e-01, 4.2903e-01, 5.1238e-01,  ..., 3.4346e-01,
           4.7170e-01, 1.3272e-01],
          [9.1727e-01, 4.6528e-01, 2.4634e-01,  ..., 7.7458e-01,
           6.8913e-01, 7.5895e-01],
          [2.5081e-01, 3.3467e-02, 8.0192e-01,  ..., 4.6343e-01,
           2.0965e-01, 5.1095e-02]],

         [[2.4032e-01, 1.2667e-01, 5.5501e-01,  ..., 8.2960e-02,
           9.0520e-01, 9.6207e-01],
          [7.7547e-01, 1.2602e-01, 3.8896e-01,  ..., 4.4662e-02,
           3.9376e-01, 6.4681e-01],
          [1.4228e-01, 6.7630e-01, 4.0551e-01,  ..., 2.9238e-01,
           6.0950e-01, 8.6674e-01],
          ...,
          [9.0730e-01, 5.1552e-01, 6.5186e-01,  ..., 5.2445e-01,
           3.5885e-01, 2.8218e-01],
          [7.0467e-01, 5.3269e-01, 8.4597e-01,  ..., 2.1493e-01,
           9.9730e-01, 4.2795e-01],
          [4.6499e-01, 2.0529e-01, 6.9607e-01,  ..., 9.0312e-01,
           6.5530e-01, 9.9267e-01]],

         [[2.3936e-01, 1.9089e-01, 8.3841e-01,  ..., 3.0626e-01,
           8.5592e-01, 6.0141e-01],
          [3.7311e-01, 1.8696e-01, 5.1987e-01,  ..., 2.5130e-01,
           8.0922e-01, 4.2274e-01],
          [9.1717e-01, 7.6181e-01, 2.0117e-01,  ..., 5.9221e-01,
           4.7060e-01, 2.1532e-01],
          ...,
          [8.0748e-01, 6.5394e-01, 6.4565e-01,  ..., 1.2598e-01,
           7.5018e-01, 7.0212e-01],
          [5.5634e-01, 6.8087e-01, 8.8447e-01,  ..., 7.3471e-01,
           3.4537e-01, 7.4820e-01],
          [3.9394e-01, 6.6306e-01, 8.3380e-01,  ..., 3.3555e-01,
           3.5135e-01, 7.5537e-01]],

         ...,

         [[4.7017e-01, 2.4688e-01, 8.7849e-02,  ..., 1.2570e-01,
           4.4763e-01, 8.4050e-01],
          [2.5658e-01, 1.6680e-01, 9.2186e-01,  ..., 9.3237e-01,
           9.4842e-01, 7.1331e-01],
          [8.1663e-01, 5.3880e-01, 2.4063e-01,  ..., 9.6191e-01,
           3.8743e-01, 1.0955e-01],
          ...,
          [9.5555e-01, 5.6281e-01, 2.4747e-01,  ..., 4.1089e-01,
           1.9210e-01, 8.6703e-01],
          [7.1042e-01, 1.3963e-01, 6.1463e-01,  ..., 2.9051e-01,
           4.8499e-01, 9.7646e-01],
          [6.4183e-01, 7.9848e-01, 1.2740e-02,  ..., 4.2135e-02,
           3.6532e-01, 8.4813e-02]],

         [[2.8762e-01, 8.4657e-02, 1.4383e-01,  ..., 5.0725e-01,
           9.1546e-01, 6.9022e-01],
          [7.3802e-01, 7.7404e-01, 3.8870e-01,  ..., 7.4424e-02,
           3.6183e-01, 6.4039e-01],
          [7.2867e-01, 5.8959e-01, 8.8953e-01,  ..., 7.9809e-01,
           2.5746e-01, 7.1473e-01],
          ...,
          [1.6059e-01, 5.6704e-01, 9.4140e-01,  ..., 9.0307e-01,
           5.5439e-01, 2.9561e-02],
          [6.7053e-01, 4.9808e-01, 2.6826e-02,  ..., 8.3197e-01,
           6.3176e-01, 6.2459e-01],
          [1.6707e-01, 9.1935e-01, 6.4838e-01,  ..., 4.9340e-01,
           9.2265e-01, 6.9434e-01]],

         [[5.6002e-01, 5.4175e-01, 9.9534e-01,  ..., 8.9510e-01,
           8.3565e-02, 3.8964e-01],
          [5.3514e-01, 9.2821e-01, 8.0113e-01,  ..., 4.2778e-01,
           3.2937e-01, 9.0185e-02],
          [8.9087e-01, 8.3763e-01, 6.1137e-02,  ..., 8.0856e-01,
           1.2549e-01, 7.5072e-01],
          ...,
          [7.2304e-01, 4.9156e-01, 5.2206e-01,  ..., 5.3989e-01,
           8.8416e-01, 2.9831e-01],
          [2.8884e-01, 8.1059e-01, 3.7808e-01,  ..., 5.4294e-01,
           4.0180e-01, 1.1414e-01],
          [4.0479e-01, 2.2635e-01, 4.5774e-01,  ..., 7.6543e-01,
           9.0913e-01, 2.8337e-02]]],


        [[[9.8184e-01, 1.4928e-01, 9.1037e-01,  ..., 2.7861e-01,
           6.5035e-02, 9.2451e-01],
          [5.5593e-01, 5.1520e-01, 7.8193e-01,  ..., 3.3225e-01,
           5.0058e-01, 1.3632e-01],
          [2.0799e-01, 3.4682e-01, 2.5813e-01,  ..., 3.9969e-01,
           7.7469e-01, 9.4765e-01],
          ...,
          [8.2232e-01, 7.0884e-02, 8.4785e-02,  ..., 9.1837e-01,
           5.0916e-02, 8.4982e-01],
          [9.1873e-01, 4.2803e-01, 9.9984e-01,  ..., 8.8056e-01,
           7.5640e-01, 6.0631e-01],
          [7.7526e-01, 5.6705e-01, 7.6555e-01,  ..., 6.4365e-01,
           9.7773e-01, 1.0501e-02]],

         [[2.9116e-01, 3.5800e-01, 1.5970e-01,  ..., 4.2157e-01,
           1.7092e-01, 7.5260e-01],
          [8.0525e-01, 9.9666e-01, 8.6853e-01,  ..., 6.2154e-01,
           1.0173e-01, 8.1142e-01],
          [7.0266e-01, 5.6862e-01, 6.8649e-01,  ..., 3.4934e-01,
           8.0186e-01, 7.7347e-01],
          ...,
          [9.3856e-01, 6.6348e-01, 6.1682e-01,  ..., 4.0351e-01,
           2.7568e-01, 3.2433e-01],
          [3.5566e-02, 6.6407e-01, 1.5681e-01,  ..., 7.6763e-01,
           1.8312e-01, 8.3836e-01],
          [7.7946e-01, 1.0426e-03, 4.6022e-01,  ..., 1.0635e-01,
           9.8679e-01, 5.1992e-01]],

         [[5.8072e-01, 6.3495e-01, 3.5935e-01,  ..., 2.7911e-01,
           8.3089e-01, 3.1035e-02],
          [5.7471e-04, 7.2399e-01, 3.4311e-01,  ..., 4.3262e-02,
           2.8194e-01, 1.2499e-01],
          [3.2415e-01, 4.6349e-01, 2.7385e-02,  ..., 2.8666e-01,
           8.8406e-01, 4.0302e-02],
          ...,
          [6.1252e-01, 2.3577e-01, 4.9532e-01,  ..., 1.5845e-01,
           7.5166e-01, 2.8988e-01],
          [1.3978e-01, 7.3627e-01, 4.2148e-01,  ..., 9.3337e-01,
           4.6704e-01, 8.5677e-01],
          [9.0344e-01, 4.4657e-01, 2.4283e-01,  ..., 6.7536e-01,
           6.4781e-01, 6.5530e-01]],

         ...,

         [[7.7095e-01, 4.8126e-02, 3.7490e-02,  ..., 3.1013e-01,
           8.5636e-01, 2.7034e-01],
          [7.0754e-01, 2.9276e-01, 6.9988e-01,  ..., 3.1613e-01,
           2.6197e-01, 5.0601e-01],
          [2.3362e-01, 7.9235e-01, 4.9517e-01,  ..., 2.7574e-01,
           4.1750e-01, 1.0678e-01],
          ...,
          [1.8124e-01, 9.5110e-01, 8.5341e-01,  ..., 9.5101e-01,
           7.8855e-01, 9.8705e-01],
          [1.0496e-01, 1.0320e-01, 5.2810e-01,  ..., 1.8233e-02,
           5.5209e-01, 2.9928e-01],
          [2.7264e-01, 8.9373e-01, 9.9567e-01,  ..., 2.3345e-01,
           4.9407e-01, 5.5711e-02]],

         [[1.0920e-01, 5.5031e-01, 4.7142e-01,  ..., 2.6920e-01,
           8.0275e-01, 8.1436e-01],
          [7.6049e-01, 8.6150e-01, 5.1133e-01,  ..., 8.2697e-01,
           2.5138e-01, 6.2474e-01],
          [3.6777e-01, 9.5780e-01, 1.1769e-01,  ..., 9.9547e-01,
           4.9236e-01, 2.8768e-01],
          ...,
          [4.4828e-01, 3.9334e-01, 9.9144e-01,  ..., 4.9200e-01,
           7.1929e-01, 1.3081e-02],
          [9.6311e-02, 6.7008e-01, 5.1582e-01,  ..., 3.1016e-02,
           5.9779e-01, 6.2162e-01],
          [7.0567e-01, 4.8798e-01, 9.7270e-01,  ..., 7.3316e-02,
           9.6406e-02, 6.8687e-01]],

         [[6.8171e-01, 6.2763e-01, 3.4122e-01,  ..., 2.3458e-01,
           3.2355e-02, 8.5503e-03],
          [6.0995e-01, 5.2657e-01, 3.6143e-01,  ..., 3.7534e-01,
           7.2256e-01, 5.6863e-01],
          [9.3269e-01, 7.2984e-01, 1.5975e-01,  ..., 1.3055e-01,
           1.6622e-01, 3.7805e-01],
          ...,
          [1.8172e-02, 5.7142e-01, 9.6913e-01,  ..., 5.7897e-01,
           3.7558e-01, 5.4931e-01],
          [9.5955e-01, 2.9511e-01, 8.7024e-01,  ..., 4.0198e-02,
           3.3484e-01, 4.1504e-01],
          [9.2755e-01, 4.2212e-01, 6.7187e-01,  ..., 1.5351e-01,
           3.6150e-01, 4.4860e-01]]]])
