tensor([[[[6.5348e-01, 6.3926e-01, 8.0060e-01,  ..., 2.7876e-01,
           1.7833e-01, 1.4456e-01],
          [9.4459e-01, 1.5986e-01, 7.7005e-01,  ..., 4.4728e-01,
           1.8159e-01, 6.4616e-01],
          [3.8927e-01, 2.8621e-01, 1.5947e-01,  ..., 2.3507e-01,
           8.0232e-01, 7.7212e-01],
          ...,
          [7.8498e-01, 1.0413e-01, 7.8767e-01,  ..., 9.2130e-01,
           6.5545e-01, 7.5815e-02],
          [2.8140e-01, 3.7630e-02, 6.3959e-01,  ..., 7.5007e-01,
           6.0001e-01, 9.6195e-01],
          [7.8751e-01, 6.0489e-01, 3.1060e-01,  ..., 7.1783e-01,
           8.1643e-03, 2.2597e-01]],

         [[6.7314e-01, 5.0728e-01, 3.8430e-01,  ..., 2.7170e-01,
           3.1406e-01, 2.5856e-01],
          [1.8471e-01, 3.9395e-01, 9.6173e-01,  ..., 8.4216e-01,
           6.1341e-01, 4.4705e-02],
          [5.2191e-01, 3.9160e-01, 2.4435e-01,  ..., 3.6839e-02,
           3.1772e-01, 7.8119e-01],
          ...,
          [2.3611e-01, 7.7664e-01, 5.1545e-01,  ..., 6.6011e-01,
           5.5416e-01, 3.8523e-01],
          [6.7783e-01, 5.4517e-01, 6.5233e-01,  ..., 9.6671e-01,
           8.2292e-01, 7.0702e-01],
          [9.5465e-01, 8.9198e-01, 3.4232e-01,  ..., 1.3440e-01,
           3.1647e-01, 8.0091e-01]],

         [[9.7639e-01, 7.3281e-01, 2.0403e-02,  ..., 5.6123e-01,
           8.6621e-01, 4.1586e-01],
          [2.3576e-02, 4.1141e-01, 2.6602e-02,  ..., 3.4625e-01,
           4.6071e-01, 9.9538e-01],
          [3.7412e-01, 2.7154e-01, 2.3842e-01,  ..., 8.9365e-01,
           7.8808e-01, 1.7073e-01],
          ...,
          [6.5870e-01, 1.4078e-01, 9.1474e-01,  ..., 7.7125e-01,
           5.1104e-01, 4.0705e-01],
          [2.4945e-01, 5.8531e-01, 8.9002e-01,  ..., 7.4592e-02,
           5.6501e-01, 7.6132e-01],
          [1.5747e-01, 6.6726e-01, 7.8598e-01,  ..., 9.8424e-01,
           8.2572e-01, 9.1490e-01]],

         ...,

         [[7.5087e-01, 7.9977e-01, 7.6310e-02,  ..., 5.2198e-01,
           3.8325e-01, 7.6956e-01],
          [8.3240e-01, 8.9972e-01, 9.6891e-01,  ..., 6.9614e-01,
           4.6196e-01, 5.1055e-01],
          [2.3149e-02, 5.9746e-02, 2.3248e-02,  ..., 7.4979e-01,
           4.1477e-01, 1.5894e-01],
          ...,
          [9.1271e-01, 6.2508e-02, 9.8262e-01,  ..., 9.1022e-01,
           4.3176e-01, 4.5628e-01],
          [5.6918e-01, 1.4160e-01, 5.8135e-01,  ..., 1.4775e-01,
           5.9270e-01, 8.3665e-01],
          [3.8486e-01, 3.4978e-01, 4.2197e-01,  ..., 3.1876e-01,
           4.1885e-01, 9.0549e-02]],

         [[9.3088e-01, 6.1661e-01, 3.9294e-02,  ..., 8.6837e-01,
           3.1465e-01, 8.6837e-01],
          [6.3418e-01, 2.2990e-01, 1.2423e-02,  ..., 9.5322e-01,
           9.4897e-01, 4.4981e-02],
          [9.1523e-04, 1.4752e-01, 5.2721e-01,  ..., 8.4308e-01,
           1.3985e-01, 9.1103e-01],
          ...,
          [8.5462e-01, 9.7881e-01, 2.0800e-01,  ..., 9.3177e-01,
           2.7868e-01, 2.0003e-01],
          [4.6283e-01, 3.8542e-01, 5.4118e-02,  ..., 7.3667e-01,
           5.8492e-01, 6.8123e-02],
          [6.9269e-01, 1.0580e-01, 7.7271e-01,  ..., 2.4811e-01,
           1.9729e-01, 9.9731e-01]],

         [[7.7986e-01, 2.1063e-01, 3.5862e-01,  ..., 8.0579e-02,
           5.2021e-01, 3.8160e-01],
          [1.4148e-01, 5.1929e-02, 5.9014e-01,  ..., 7.2865e-01,
           8.6949e-01, 6.7598e-01],
          [5.0936e-01, 7.1683e-01, 2.5371e-01,  ..., 5.4994e-01,
           6.7378e-01, 2.6287e-01],
          ...,
          [8.7968e-01, 6.2779e-01, 4.9269e-01,  ..., 9.5082e-01,
           3.2284e-01, 6.8892e-01],
          [6.1895e-01, 4.0357e-01, 9.4346e-01,  ..., 9.4164e-01,
           6.0356e-01, 2.1430e-01],
          [5.6146e-01, 8.9888e-01, 5.4754e-01,  ..., 7.3205e-01,
           2.2094e-01, 7.6069e-01]]],


        [[[1.5219e-01, 9.1501e-01, 7.5000e-01,  ..., 6.8153e-01,
           6.2601e-01, 2.8654e-02],
          [3.2818e-01, 4.8768e-01, 8.8262e-01,  ..., 7.1532e-01,
           9.0614e-01, 9.1529e-01],
          [6.4312e-01, 1.4435e-01, 5.4342e-01,  ..., 7.4181e-01,
           4.3700e-01, 3.5485e-01],
          ...,
          [7.6365e-01, 4.1644e-01, 7.1691e-01,  ..., 8.8517e-01,
           2.2586e-02, 5.3765e-02],
          [3.8546e-01, 1.1393e-01, 5.2141e-01,  ..., 9.6297e-01,
           2.5331e-01, 4.5673e-01],
          [2.8344e-01, 6.8937e-01, 8.1132e-01,  ..., 4.4103e-01,
           9.0258e-02, 3.8238e-01]],

         [[3.0182e-01, 5.9218e-01, 6.8685e-01,  ..., 7.5404e-01,
           2.1494e-01, 3.2906e-01],
          [1.7983e-01, 4.3907e-01, 5.9488e-02,  ..., 4.7553e-01,
           6.3637e-01, 9.0845e-01],
          [2.2427e-01, 7.7290e-01, 6.7052e-01,  ..., 8.0017e-02,
           2.4458e-02, 8.7655e-01],
          ...,
          [7.8015e-01, 9.6661e-01, 7.2138e-01,  ..., 9.3065e-01,
           5.9427e-01, 2.3129e-01],
          [3.5896e-01, 6.4728e-01, 2.5094e-01,  ..., 6.6300e-01,
           9.3812e-01, 2.6409e-01],
          [1.3965e-02, 9.2681e-01, 2.4590e-01,  ..., 2.5892e-02,
           5.0426e-01, 5.8443e-01]],

         [[8.1977e-01, 8.0994e-01, 1.6136e-01,  ..., 1.1472e-01,
           3.2111e-01, 2.5543e-01],
          [6.3889e-01, 5.9068e-01, 1.8509e-01,  ..., 7.0811e-01,
           6.8437e-01, 9.5407e-01],
          [9.2367e-01, 2.2199e-01, 1.4882e-01,  ..., 1.6694e-01,
           4.6806e-01, 3.1272e-02],
          ...,
          [7.6030e-01, 3.6621e-01, 2.0264e-01,  ..., 8.1477e-01,
           8.5512e-02, 8.3861e-01],
          [4.3925e-01, 7.2618e-01, 9.3677e-01,  ..., 8.9916e-01,
           8.5688e-02, 4.5199e-01],
          [7.5069e-01, 1.2716e-01, 9.6174e-01,  ..., 4.1440e-02,
           4.0734e-02, 4.2229e-01]],

         ...,

         [[4.7194e-01, 2.2641e-01, 3.7414e-01,  ..., 4.6577e-02,
           3.1526e-01, 5.6283e-01],
          [3.2751e-01, 4.0598e-01, 9.9624e-01,  ..., 3.3743e-01,
           1.7590e-01, 1.5399e-01],
          [1.3807e-01, 8.0219e-01, 4.4812e-01,  ..., 2.6456e-01,
           2.4426e-01, 7.9124e-01],
          ...,
          [8.2542e-01, 7.1236e-02, 6.2345e-01,  ..., 5.5448e-01,
           1.6353e-01, 5.7711e-02],
          [1.8766e-01, 1.1386e-02, 3.6440e-01,  ..., 7.2965e-01,
           8.2468e-01, 6.6415e-01],
          [8.7591e-01, 4.3244e-01, 3.1080e-01,  ..., 7.2687e-01,
           1.7331e-01, 6.5565e-01]],

         [[7.7174e-01, 2.5229e-01, 7.2595e-03,  ..., 1.3175e-01,
           3.7810e-01, 8.4414e-01],
          [6.2178e-01, 5.7791e-01, 1.7612e-01,  ..., 5.4463e-01,
           5.7021e-01, 5.3118e-01],
          [2.7855e-01, 5.3799e-01, 1.5830e-01,  ..., 5.8012e-01,
           2.0591e-01, 5.1752e-01],
          ...,
          [1.1621e-01, 2.0827e-02, 3.9032e-01,  ..., 4.0140e-01,
           2.5814e-02, 6.0837e-01],
          [7.2381e-01, 6.5572e-03, 6.0503e-01,  ..., 5.8942e-01,
           5.7850e-01, 5.2697e-02],
          [1.8100e-01, 9.2209e-01, 5.6081e-01,  ..., 6.5986e-01,
           2.4161e-01, 2.2103e-01]],

         [[8.8793e-01, 7.3110e-01, 9.5399e-01,  ..., 1.8601e-01,
           1.0609e-01, 1.5613e-02],
          [5.2081e-01, 5.3167e-02, 4.3884e-01,  ..., 5.3584e-01,
           3.1278e-01, 9.5153e-01],
          [1.9320e-01, 8.2045e-01, 4.5775e-01,  ..., 6.7111e-02,
           1.6168e-01, 5.5680e-01],
          ...,
          [8.9518e-01, 5.3354e-01, 7.7518e-01,  ..., 3.9766e-01,
           3.6586e-01, 5.6674e-01],
          [4.5081e-02, 9.1203e-01, 1.9392e-01,  ..., 3.7503e-01,
           2.6592e-01, 3.8284e-01],
          [3.4913e-01, 9.9805e-02, 9.3686e-01,  ..., 9.7318e-01,
           2.6702e-01, 5.7564e-01]]],


        [[[1.0277e-01, 8.2341e-01, 8.1454e-01,  ..., 4.7691e-01,
           5.3087e-01, 8.2770e-01],
          [9.4788e-02, 3.2424e-01, 8.7973e-01,  ..., 4.3605e-01,
           6.4978e-01, 5.5883e-01],
          [8.3923e-01, 3.8089e-01, 7.6504e-01,  ..., 3.0173e-01,
           4.6906e-01, 7.0216e-01],
          ...,
          [8.9770e-01, 9.0037e-01, 8.3822e-01,  ..., 8.4790e-01,
           6.5668e-01, 6.9254e-01],
          [2.2703e-01, 5.8344e-01, 4.3707e-01,  ..., 1.9524e-01,
           4.3601e-01, 9.8360e-01],
          [7.2791e-01, 4.7162e-02, 2.1558e-01,  ..., 8.2383e-01,
           9.2008e-01, 1.2644e-01]],

         [[4.5259e-01, 9.2269e-02, 1.9713e-01,  ..., 5.3058e-02,
           3.8860e-01, 7.9945e-01],
          [4.4936e-01, 4.0226e-01, 1.9080e-01,  ..., 5.8726e-01,
           5.0293e-01, 4.0314e-03],
          [7.1996e-01, 8.1851e-02, 6.6463e-01,  ..., 3.7910e-01,
           3.8991e-01, 8.3001e-01],
          ...,
          [7.4745e-01, 4.7002e-01, 7.1374e-01,  ..., 1.8741e-01,
           7.1570e-01, 1.5354e-01],
          [4.3552e-01, 7.3296e-01, 7.6763e-01,  ..., 3.4414e-01,
           5.6809e-01, 7.0595e-01],
          [2.8006e-01, 3.7126e-01, 5.7029e-01,  ..., 8.8539e-01,
           2.1905e-01, 7.3624e-01]],

         [[6.8443e-01, 6.5095e-02, 6.2804e-01,  ..., 2.6465e-01,
           9.9087e-01, 6.2029e-01],
          [3.0282e-01, 8.5757e-01, 1.5733e-01,  ..., 3.1138e-01,
           5.4120e-01, 1.1275e-01],
          [1.4701e-01, 1.0527e-01, 5.7350e-03,  ..., 3.1391e-01,
           1.3014e-01, 5.9132e-02],
          ...,
          [4.5470e-01, 3.7679e-01, 7.1269e-01,  ..., 3.8156e-01,
           3.7155e-01, 6.2134e-01],
          [3.3562e-01, 8.6370e-01, 5.2386e-02,  ..., 6.1466e-01,
           4.3544e-01, 3.0343e-01],
          [1.3237e-01, 4.8060e-01, 5.6767e-01,  ..., 7.3862e-01,
           9.9566e-01, 3.0769e-01]],

         ...,

         [[9.4549e-01, 3.5178e-01, 1.9040e-01,  ..., 4.1910e-01,
           9.8928e-01, 3.7629e-01],
          [8.9194e-01, 3.2641e-01, 2.4310e-01,  ..., 4.1079e-01,
           1.1710e-02, 6.0100e-01],
          [8.7089e-01, 7.3878e-01, 7.4269e-01,  ..., 1.0538e-01,
           8.8768e-02, 8.5157e-02],
          ...,
          [9.3211e-01, 1.4441e-01, 9.5017e-01,  ..., 7.0268e-01,
           9.1488e-01, 1.2080e-01],
          [9.0595e-01, 8.2599e-01, 7.0687e-01,  ..., 3.3181e-01,
           6.6764e-02, 3.3785e-01],
          [6.5776e-01, 6.4544e-02, 7.4897e-01,  ..., 1.4096e-01,
           6.5719e-01, 4.2848e-01]],

         [[3.1029e-01, 1.6123e-01, 3.0455e-02,  ..., 7.4310e-01,
           1.4623e-01, 4.6938e-01],
          [2.9521e-01, 4.1726e-01, 9.4150e-01,  ..., 6.2317e-01,
           2.1979e-01, 9.5417e-01],
          [5.3185e-01, 8.6431e-01, 4.6438e-01,  ..., 5.5877e-02,
           5.2447e-01, 8.9590e-01],
          ...,
          [2.4246e-01, 7.2595e-01, 3.1449e-01,  ..., 7.8044e-01,
           2.2699e-01, 2.9932e-01],
          [2.2296e-01, 2.2764e-01, 6.2121e-01,  ..., 6.8764e-01,
           2.7367e-01, 7.1064e-02],
          [7.9165e-01, 3.1061e-01, 4.3868e-01,  ..., 6.6173e-01,
           2.2620e-01, 5.9292e-01]],

         [[1.4352e-01, 4.5440e-01, 4.0777e-02,  ..., 2.6640e-01,
           6.8317e-01, 8.2094e-02],
          [8.3291e-01, 9.6714e-01, 1.6587e-01,  ..., 3.3197e-01,
           5.2467e-01, 9.0993e-01],
          [3.8962e-01, 1.4268e-01, 6.5345e-01,  ..., 2.3393e-01,
           3.6793e-02, 4.8148e-02],
          ...,
          [6.4192e-01, 1.6423e-02, 8.9151e-01,  ..., 9.1416e-01,
           4.3707e-01, 7.8534e-01],
          [8.3556e-01, 1.3739e-01, 8.4581e-01,  ..., 7.7800e-01,
           2.1256e-01, 3.3012e-01],
          [3.3446e-01, 8.9104e-01, 5.1545e-01,  ..., 2.7767e-01,
           8.7445e-02, 6.7640e-01]]],


        ...,


        [[[3.6437e-02, 1.3706e-01, 3.7752e-01,  ..., 8.1004e-01,
           2.7632e-01, 9.0001e-01],
          [9.4672e-01, 8.1139e-01, 7.7313e-01,  ..., 2.3435e-01,
           2.5794e-01, 3.5613e-01],
          [8.0091e-01, 7.4494e-01, 6.6733e-01,  ..., 3.2870e-01,
           8.8771e-01, 2.1462e-01],
          ...,
          [3.7574e-01, 4.6354e-01, 6.8676e-02,  ..., 9.4755e-01,
           6.7953e-01, 3.5322e-01],
          [1.7186e-01, 3.1889e-02, 4.2518e-01,  ..., 4.5688e-01,
           7.1995e-01, 1.2462e-01],
          [8.7615e-01, 2.2881e-01, 7.2958e-01,  ..., 1.6044e-01,
           6.1257e-01, 9.0608e-01]],

         [[5.2885e-01, 1.8248e-01, 9.7677e-03,  ..., 2.1528e-01,
           3.5400e-01, 6.8423e-01],
          [7.4478e-01, 5.6095e-02, 2.3060e-01,  ..., 5.2325e-01,
           2.6025e-01, 7.7002e-01],
          [8.0606e-02, 6.1388e-01, 9.1083e-01,  ..., 4.5043e-01,
           8.4199e-01, 5.2401e-01],
          ...,
          [9.5823e-01, 3.9570e-01, 2.3642e-01,  ..., 2.7724e-01,
           5.6448e-01, 7.5402e-01],
          [4.8339e-01, 4.3120e-01, 7.4603e-01,  ..., 6.4915e-01,
           2.0026e-01, 2.8881e-01],
          [5.3390e-01, 4.3848e-01, 2.7109e-01,  ..., 7.7375e-01,
           9.3016e-01, 4.3332e-01]],

         [[3.1144e-01, 4.3685e-01, 5.0511e-01,  ..., 4.7554e-01,
           9.1005e-01, 9.6518e-01],
          [4.4356e-01, 2.8089e-01, 3.9423e-01,  ..., 4.7285e-01,
           9.4296e-02, 4.3726e-01],
          [8.8974e-01, 7.6085e-01, 9.8444e-01,  ..., 8.6305e-02,
           3.2643e-01, 6.9058e-01],
          ...,
          [3.8949e-01, 3.9041e-01, 6.6564e-01,  ..., 1.2310e-01,
           5.0273e-01, 4.1448e-01],
          [1.2758e-01, 8.8717e-01, 1.6473e-01,  ..., 7.4920e-01,
           5.9932e-01, 2.0912e-01],
          [7.6238e-01, 2.9956e-01, 6.5558e-01,  ..., 7.6182e-01,
           2.4025e-02, 4.1417e-01]],

         ...,

         [[4.6700e-01, 1.8719e-01, 3.8250e-01,  ..., 6.2649e-01,
           4.0787e-01, 4.3038e-01],
          [5.7837e-01, 6.2789e-01, 4.0782e-01,  ..., 7.5996e-01,
           4.6510e-01, 6.6881e-01],
          [4.5351e-01, 1.8220e-01, 3.3785e-01,  ..., 5.1528e-01,
           9.4343e-01, 5.6224e-02],
          ...,
          [4.5303e-01, 8.2863e-01, 1.1018e-01,  ..., 5.1368e-01,
           6.1305e-01, 2.0479e-01],
          [4.0839e-01, 8.6980e-01, 7.3786e-01,  ..., 9.3372e-01,
           9.8193e-01, 3.4320e-01],
          [1.8199e-02, 3.0600e-01, 5.7469e-01,  ..., 8.1563e-01,
           1.1086e-02, 4.3511e-05]],

         [[9.7805e-01, 7.9080e-02, 5.6762e-02,  ..., 4.2974e-01,
           8.5261e-01, 9.5132e-01],
          [2.9142e-01, 2.4302e-01, 9.9649e-02,  ..., 2.3728e-01,
           3.3598e-01, 1.1306e-01],
          [3.0444e-01, 9.6216e-01, 6.4773e-01,  ..., 9.9503e-01,
           5.2155e-01, 3.5215e-01],
          ...,
          [9.0605e-01, 9.9392e-01, 7.9621e-01,  ..., 4.1140e-01,
           8.1662e-02, 4.1263e-01],
          [2.5207e-01, 8.0950e-01, 5.1977e-01,  ..., 4.0924e-01,
           2.6991e-01, 7.3103e-01],
          [5.3733e-01, 4.8401e-01, 1.8512e-01,  ..., 9.6061e-01,
           9.0468e-01, 3.2830e-01]],

         [[9.3869e-01, 5.0923e-01, 4.4919e-01,  ..., 4.4353e-01,
           3.6522e-01, 2.1916e-02],
          [3.9044e-02, 7.3822e-01, 2.2070e-01,  ..., 8.3793e-02,
           3.0819e-02, 8.6283e-01],
          [5.2730e-01, 6.2154e-01, 3.9978e-01,  ..., 1.2607e-01,
           5.4362e-01, 2.0578e-01],
          ...,
          [6.1832e-01, 3.9015e-01, 9.7905e-01,  ..., 4.4661e-01,
           1.9566e-01, 1.0351e-01],
          [6.4477e-01, 3.6145e-01, 3.1934e-01,  ..., 2.9827e-01,
           1.4733e-01, 9.4334e-01],
          [8.5225e-01, 1.4948e-01, 5.3227e-04,  ..., 4.4820e-01,
           3.0395e-01, 1.3805e-01]]],


        [[[9.1186e-01, 1.3839e-01, 5.9296e-01,  ..., 8.7701e-01,
           9.1409e-01, 4.2689e-01],
          [3.6859e-01, 9.7776e-01, 6.3847e-01,  ..., 9.7881e-01,
           8.2248e-01, 7.3088e-01],
          [6.8123e-01, 8.9605e-01, 2.1775e-01,  ..., 4.6964e-01,
           2.4760e-01, 6.7767e-01],
          ...,
          [4.7691e-01, 3.4791e-01, 4.1063e-01,  ..., 4.8759e-01,
           2.3078e-01, 8.0316e-01],
          [4.5337e-01, 6.2171e-01, 7.8095e-01,  ..., 1.6178e-02,
           8.6607e-01, 5.2827e-01],
          [4.0702e-01, 2.8970e-01, 7.5543e-01,  ..., 2.4001e-01,
           8.9908e-01, 3.6805e-01]],

         [[9.7967e-01, 5.4774e-01, 9.9529e-01,  ..., 1.6908e-02,
           8.7543e-01, 6.4472e-01],
          [7.5583e-01, 6.6507e-01, 3.0891e-02,  ..., 5.9745e-01,
           3.8340e-01, 4.1824e-01],
          [3.0298e-01, 4.1550e-01, 6.4266e-01,  ..., 9.1312e-01,
           8.2905e-01, 1.9285e-01],
          ...,
          [6.1576e-01, 5.3058e-01, 3.7427e-01,  ..., 9.2196e-02,
           4.3213e-01, 9.0224e-01],
          [4.2947e-01, 1.7499e-01, 6.3721e-01,  ..., 3.2780e-01,
           6.8957e-01, 4.1302e-01],
          [3.1023e-01, 9.1219e-02, 5.8788e-01,  ..., 8.2673e-01,
           5.5986e-01, 6.5566e-01]],

         [[1.7397e-01, 5.8544e-01, 7.7804e-01,  ..., 2.5682e-01,
           2.9175e-01, 8.5083e-01],
          [1.0852e-01, 3.6858e-02, 7.7998e-01,  ..., 3.6359e-01,
           9.4342e-01, 6.4175e-01],
          [5.0896e-01, 8.2276e-01, 8.7010e-01,  ..., 1.7346e-01,
           5.0569e-01, 8.3853e-01],
          ...,
          [4.4330e-01, 3.3154e-01, 5.9288e-01,  ..., 6.6379e-01,
           1.7144e-01, 1.8575e-01],
          [9.7462e-01, 8.0186e-01, 4.7804e-01,  ..., 2.6469e-01,
           3.9318e-01, 5.0092e-01],
          [7.4911e-01, 6.9280e-02, 4.6663e-02,  ..., 8.4699e-01,
           9.6593e-02, 2.6089e-01]],

         ...,

         [[4.1070e-01, 8.4191e-01, 9.7543e-01,  ..., 5.1615e-01,
           4.5556e-01, 7.7932e-01],
          [4.1461e-01, 4.1551e-01, 6.3688e-01,  ..., 5.6006e-01,
           7.0724e-01, 9.2283e-01],
          [8.4679e-01, 4.2942e-01, 5.8797e-03,  ..., 9.2153e-01,
           1.1234e-01, 1.7442e-01],
          ...,
          [5.6928e-01, 8.2027e-01, 7.0578e-01,  ..., 1.1758e-01,
           5.7359e-01, 8.5571e-01],
          [8.3625e-01, 3.7746e-01, 6.9689e-01,  ..., 4.3166e-01,
           5.1634e-03, 9.6134e-01],
          [4.7509e-01, 4.4456e-01, 3.2067e-01,  ..., 2.1670e-01,
           5.7558e-01, 5.0995e-01]],

         [[4.7427e-01, 1.5520e-01, 7.5848e-01,  ..., 2.3815e-01,
           7.7244e-01, 7.8079e-01],
          [3.0084e-01, 8.4649e-01, 4.9425e-01,  ..., 8.3048e-01,
           1.7516e-01, 9.5382e-01],
          [3.6857e-01, 3.2856e-01, 1.7999e-01,  ..., 8.0961e-01,
           3.3888e-01, 4.6761e-01],
          ...,
          [4.1530e-01, 8.1634e-02, 2.9548e-01,  ..., 1.8254e-01,
           4.4313e-01, 5.9993e-01],
          [9.3124e-01, 4.7843e-01, 8.4745e-01,  ..., 9.9514e-01,
           8.1586e-01, 1.9406e-01],
          [3.0764e-01, 4.6002e-01, 2.7086e-01,  ..., 1.8880e-01,
           2.2990e-01, 6.6039e-01]],

         [[6.8780e-01, 2.0887e-01, 6.9199e-01,  ..., 2.6638e-01,
           3.1052e-01, 6.6527e-01],
          [1.1679e-01, 8.4513e-02, 5.2042e-01,  ..., 3.7291e-01,
           2.8630e-01, 9.6449e-03],
          [7.9954e-01, 6.9192e-01, 4.0259e-01,  ..., 1.3244e-01,
           6.8404e-01, 2.4378e-01],
          ...,
          [5.3942e-02, 8.9176e-01, 5.7871e-01,  ..., 3.7866e-01,
           9.9416e-01, 7.7641e-01],
          [8.4553e-01, 3.0525e-01, 1.2645e-01,  ..., 7.5642e-01,
           1.3367e-02, 5.7378e-02],
          [9.3972e-01, 5.0878e-01, 9.0383e-01,  ..., 2.7489e-02,
           5.6171e-01, 1.2055e-01]]],


        [[[5.4564e-01, 4.8385e-01, 9.9402e-01,  ..., 3.1214e-01,
           4.6011e-01, 4.7049e-01],
          [7.4618e-01, 9.9111e-01, 8.2338e-01,  ..., 6.3435e-01,
           2.9693e-01, 9.5497e-01],
          [1.6815e-01, 5.2472e-01, 2.5805e-01,  ..., 8.1462e-01,
           3.4943e-01, 4.1090e-01],
          ...,
          [2.2271e-01, 7.0599e-01, 9.5977e-01,  ..., 4.6543e-01,
           4.9557e-01, 1.0114e-01],
          [4.7746e-01, 9.3589e-01, 3.0334e-01,  ..., 5.3314e-01,
           4.2946e-02, 5.0680e-01],
          [7.7857e-01, 1.7474e-01, 7.3712e-01,  ..., 4.6129e-01,
           7.3551e-01, 4.3735e-01]],

         [[2.1253e-01, 6.8280e-01, 6.6832e-01,  ..., 1.6061e-01,
           4.8034e-01, 6.7956e-01],
          [9.2645e-01, 3.6884e-01, 5.2719e-01,  ..., 8.7538e-01,
           9.5493e-01, 8.7106e-01],
          [1.5059e-01, 7.7811e-01, 6.0705e-01,  ..., 4.9895e-01,
           7.8004e-01, 2.5429e-01],
          ...,
          [9.8096e-01, 9.6303e-01, 8.6224e-01,  ..., 8.2171e-01,
           1.0191e-03, 9.7480e-01],
          [8.3668e-01, 5.4435e-01, 3.9398e-02,  ..., 9.1832e-01,
           4.8754e-01, 7.7308e-01],
          [5.1653e-01, 3.1190e-01, 4.3693e-01,  ..., 2.0837e-01,
           8.9324e-01, 7.4860e-01]],

         [[8.3128e-01, 9.6882e-01, 6.8773e-02,  ..., 5.0486e-01,
           4.2095e-01, 3.6780e-01],
          [6.5407e-01, 3.5141e-01, 4.8590e-01,  ..., 3.6790e-01,
           6.5483e-01, 6.5339e-01],
          [4.1979e-01, 3.6651e-01, 4.7014e-01,  ..., 7.9349e-02,
           5.9066e-01, 1.2916e-02],
          ...,
          [6.7744e-01, 6.5444e-01, 2.9046e-01,  ..., 3.8565e-01,
           2.6215e-01, 4.7396e-01],
          [1.4472e-02, 9.5148e-01, 6.9469e-01,  ..., 8.2146e-01,
           4.4620e-01, 3.5431e-01],
          [9.6813e-01, 9.8909e-02, 8.2808e-01,  ..., 9.8855e-01,
           9.4217e-01, 2.8403e-01]],

         ...,

         [[5.7190e-01, 6.7744e-01, 3.7422e-01,  ..., 4.7406e-01,
           4.8180e-01, 8.7265e-01],
          [5.9155e-01, 4.8683e-01, 6.4390e-01,  ..., 7.5305e-01,
           6.9192e-01, 8.3550e-01],
          [4.1873e-01, 9.9262e-01, 3.8578e-01,  ..., 5.6485e-01,
           1.7799e-01, 1.1552e-01],
          ...,
          [1.4940e-01, 8.2436e-01, 5.1326e-01,  ..., 7.1576e-01,
           4.1638e-01, 8.9613e-01],
          [6.0309e-01, 7.1888e-01, 9.8976e-01,  ..., 3.1396e-01,
           7.8993e-01, 1.4490e-01],
          [3.9843e-01, 4.1115e-01, 8.9543e-02,  ..., 7.1574e-01,
           2.8491e-01, 9.5956e-02]],

         [[4.0586e-01, 8.4288e-01, 9.1336e-01,  ..., 8.6827e-01,
           9.5236e-01, 7.9444e-01],
          [9.9849e-01, 4.3029e-02, 9.4853e-01,  ..., 4.1686e-01,
           7.7534e-01, 5.7562e-01],
          [4.9196e-01, 9.2266e-01, 2.8316e-01,  ..., 7.1224e-01,
           5.2154e-01, 3.3820e-01],
          ...,
          [5.8608e-01, 8.4869e-01, 6.0465e-01,  ..., 9.7756e-01,
           9.2177e-01, 4.9441e-01],
          [7.7240e-01, 8.2808e-01, 8.7417e-01,  ..., 5.6380e-02,
           1.1760e-04, 2.5740e-01],
          [2.5141e-01, 6.9343e-01, 2.4967e-01,  ..., 3.6752e-01,
           8.9808e-01, 9.1628e-01]],

         [[3.6465e-01, 4.9990e-01, 8.6983e-01,  ..., 8.1117e-01,
           8.2768e-01, 5.4636e-01],
          [9.6625e-01, 9.3090e-01, 8.8408e-01,  ..., 1.7421e-01,
           3.1447e-01, 9.8184e-01],
          [2.2850e-01, 3.1266e-01, 7.5352e-01,  ..., 1.0358e-01,
           2.3242e-01, 3.3053e-02],
          ...,
          [2.9192e-01, 6.1372e-01, 2.3041e-02,  ..., 6.4966e-01,
           1.2581e-01, 6.8893e-01],
          [3.4290e-01, 9.8645e-01, 2.4170e-01,  ..., 8.4606e-01,
           8.8879e-01, 4.9896e-01],
          [2.8651e-01, 5.2020e-01, 5.6447e-01,  ..., 7.5558e-01,
           8.9657e-01, 3.4494e-01]]]])
