tensor([[[[5.4896e-01, 2.6962e-01, 1.9648e-02,  ..., 6.3722e-01,
           4.5773e-01, 4.0453e-01],
          [9.2321e-01, 9.7203e-01, 5.1241e-01,  ..., 1.0544e-01,
           1.8594e-02, 7.1844e-01],
          [5.1722e-01, 6.1575e-01, 9.8434e-01,  ..., 8.1393e-01,
           5.4196e-01, 7.2718e-01],
          ...,
          [7.6718e-01, 6.4710e-01, 3.3775e-01,  ..., 6.5494e-01,
           2.1490e-02, 7.9373e-01],
          [7.8557e-01, 2.9655e-01, 5.1012e-02,  ..., 4.1115e-01,
           5.6366e-01, 7.8820e-02],
          [2.0208e-01, 7.0033e-01, 8.8309e-01,  ..., 4.7331e-01,
           3.6512e-01, 2.6312e-01]],

         [[5.6857e-03, 8.4259e-01, 1.5429e-01,  ..., 8.5350e-01,
           8.1131e-01, 8.3172e-01],
          [3.7837e-01, 3.1461e-01, 9.1583e-01,  ..., 5.1842e-01,
           8.8081e-01, 6.8378e-01],
          [5.6716e-01, 6.7771e-01, 8.5367e-01,  ..., 1.3444e-01,
           6.5755e-01, 2.2705e-02],
          ...,
          [7.5039e-01, 3.5108e-01, 4.1298e-01,  ..., 2.4559e-01,
           1.3052e-01, 5.9201e-01],
          [2.8260e-01, 4.1707e-01, 2.0620e-01,  ..., 8.7424e-01,
           1.5917e-01, 2.0536e-01],
          [2.0535e-01, 8.7584e-01, 9.9360e-02,  ..., 8.2127e-01,
           5.1594e-01, 1.9845e-02]],

         [[6.1306e-01, 7.9212e-01, 5.2212e-02,  ..., 7.0258e-01,
           5.9476e-01, 6.0489e-01],
          [4.0601e-01, 8.7453e-01, 5.6711e-02,  ..., 9.8947e-01,
           1.1533e-01, 5.2309e-01],
          [9.2252e-01, 6.3073e-01, 8.2948e-01,  ..., 3.2279e-01,
           2.4418e-01, 9.1014e-02],
          ...,
          [9.6898e-01, 2.4075e-01, 3.2577e-01,  ..., 1.1224e-01,
           1.9094e-01, 7.9273e-01],
          [8.5688e-01, 6.8305e-01, 4.7081e-02,  ..., 1.0981e-01,
           5.6463e-01, 9.7104e-03],
          [4.1002e-01, 8.0353e-01, 6.8057e-01,  ..., 8.6517e-01,
           2.9932e-01, 6.8403e-01]],

         ...,

         [[1.8299e-02, 5.3883e-01, 5.2615e-01,  ..., 3.3464e-01,
           8.7597e-01, 5.2211e-01],
          [7.5481e-01, 1.2030e-01, 5.8649e-02,  ..., 8.2379e-01,
           9.3808e-01, 7.9864e-02],
          [8.1171e-03, 7.3520e-01, 3.3340e-01,  ..., 7.9836e-01,
           3.6392e-01, 2.9617e-01],
          ...,
          [5.8049e-01, 6.5700e-02, 3.3083e-01,  ..., 4.7030e-01,
           2.5116e-01, 6.4885e-01],
          [3.4877e-01, 2.5948e-01, 3.7372e-01,  ..., 3.7820e-01,
           8.3763e-01, 5.3337e-01],
          [4.4836e-02, 8.9025e-01, 8.3935e-01,  ..., 7.8421e-01,
           2.1485e-03, 4.9275e-01]],

         [[6.9279e-01, 3.2903e-01, 2.1695e-01,  ..., 1.3073e-01,
           1.0189e-01, 7.6685e-01],
          [3.5456e-01, 6.3858e-01, 9.5156e-01,  ..., 6.6831e-01,
           6.9209e-01, 8.0566e-01],
          [1.3881e-01, 4.0752e-01, 5.2189e-01,  ..., 4.3050e-01,
           9.1889e-01, 1.1426e-02],
          ...,
          [6.3359e-01, 4.9365e-01, 5.0870e-01,  ..., 5.9433e-01,
           1.9862e-01, 5.3115e-01],
          [2.7559e-02, 2.4549e-01, 8.2287e-01,  ..., 4.7617e-02,
           8.9323e-01, 2.7699e-01],
          [6.5343e-01, 1.4296e-01, 1.8522e-01,  ..., 8.0315e-01,
           6.1240e-01, 8.9211e-01]],

         [[8.4123e-03, 9.2100e-01, 7.8440e-01,  ..., 9.5979e-01,
           4.3705e-01, 5.2548e-01],
          [2.0511e-01, 4.0889e-01, 3.2785e-01,  ..., 2.8222e-01,
           4.8372e-01, 8.9802e-01],
          [8.8917e-01, 1.9360e-02, 1.1883e-01,  ..., 9.7348e-01,
           1.8542e-01, 4.9333e-01],
          ...,
          [1.3465e-01, 9.6550e-01, 5.2981e-01,  ..., 5.7991e-01,
           9.8652e-01, 8.7533e-01],
          [6.8724e-01, 6.8815e-01, 8.5958e-02,  ..., 8.5219e-01,
           9.6373e-01, 6.1713e-02],
          [3.7423e-01, 1.6303e-01, 3.4266e-01,  ..., 4.2896e-01,
           7.4090e-01, 8.0537e-01]]],


        [[[1.2717e-01, 3.7619e-01, 9.8840e-01,  ..., 5.9084e-01,
           3.4511e-01, 5.8047e-01],
          [2.0590e-01, 2.7336e-01, 4.4624e-01,  ..., 4.5259e-02,
           1.0374e-01, 5.9387e-01],
          [5.2150e-01, 8.0754e-01, 7.3069e-01,  ..., 7.7945e-01,
           7.8378e-02, 8.6274e-01],
          ...,
          [2.9390e-01, 8.2504e-01, 8.4535e-01,  ..., 6.4075e-01,
           9.2569e-01, 5.2001e-01],
          [9.8197e-01, 5.3934e-01, 5.7489e-01,  ..., 6.8968e-01,
           4.0347e-01, 4.3911e-01],
          [1.9275e-01, 7.8838e-01, 5.5974e-01,  ..., 1.5297e-01,
           1.6705e-01, 7.8152e-01]],

         [[4.4399e-01, 4.4399e-01, 9.6237e-01,  ..., 3.5508e-01,
           3.2724e-02, 2.2380e-01],
          [9.8491e-01, 4.3338e-02, 7.1518e-01,  ..., 2.3187e-01,
           2.6113e-01, 3.8599e-01],
          [1.2877e-01, 6.7597e-01, 8.8757e-01,  ..., 1.8659e-01,
           1.5183e-01, 4.2326e-01],
          ...,
          [1.1418e-01, 2.8574e-03, 2.7553e-01,  ..., 3.2284e-01,
           4.1849e-01, 2.1639e-01],
          [6.4053e-01, 5.2014e-01, 5.0903e-01,  ..., 1.3310e-01,
           2.8935e-01, 9.0465e-01],
          [5.8137e-01, 8.3715e-02, 2.4499e-01,  ..., 7.5176e-02,
           4.2542e-01, 4.7098e-01]],

         [[8.6816e-01, 2.7325e-01, 9.7581e-01,  ..., 7.2466e-01,
           3.8319e-01, 6.9790e-01],
          [1.1843e-02, 5.3713e-01, 2.9121e-01,  ..., 1.4855e-01,
           9.5874e-01, 5.3200e-01],
          [9.9878e-01, 6.4758e-01, 3.5991e-01,  ..., 7.2216e-01,
           7.6016e-01, 5.2064e-01],
          ...,
          [7.0593e-01, 7.0649e-01, 6.2008e-01,  ..., 1.2908e-01,
           2.3393e-01, 7.8426e-01],
          [4.5391e-01, 4.4904e-01, 8.7595e-02,  ..., 6.5542e-01,
           9.7965e-01, 8.9822e-01],
          [9.5799e-01, 9.0122e-02, 9.8599e-01,  ..., 1.4837e-01,
           9.9261e-01, 8.9030e-01]],

         ...,

         [[7.9694e-01, 6.7922e-01, 4.8005e-01,  ..., 6.3574e-03,
           4.4375e-01, 3.8186e-01],
          [1.1080e-01, 2.5396e-01, 4.9381e-01,  ..., 1.5949e-01,
           9.2508e-01, 6.5186e-02],
          [4.7928e-02, 9.9357e-01, 1.1276e-01,  ..., 5.0154e-01,
           1.1163e-01, 1.0515e-01],
          ...,
          [8.7375e-01, 3.3258e-01, 7.0006e-01,  ..., 1.1174e-01,
           6.0697e-01, 3.8137e-01],
          [4.4230e-01, 8.2651e-01, 9.9850e-01,  ..., 3.2203e-01,
           2.6075e-01, 1.5838e-01],
          [2.8955e-01, 4.0330e-01, 4.7830e-01,  ..., 2.3433e-01,
           3.6277e-01, 8.7904e-01]],

         [[7.9579e-01, 9.2263e-01, 6.8940e-01,  ..., 6.0484e-01,
           6.7481e-01, 7.6170e-01],
          [9.9799e-01, 4.5348e-01, 7.7003e-01,  ..., 6.1727e-01,
           4.6514e-01, 4.8944e-01],
          [9.1572e-01, 5.2555e-01, 9.0626e-01,  ..., 5.1475e-01,
           8.0676e-01, 1.4998e-01],
          ...,
          [2.8542e-01, 5.3635e-01, 7.3662e-01,  ..., 8.8801e-01,
           7.9614e-01, 5.3473e-01],
          [5.8673e-01, 1.7433e-01, 1.7250e-02,  ..., 8.9800e-01,
           2.8844e-01, 8.0141e-01],
          [9.7193e-01, 7.1348e-01, 6.3201e-01,  ..., 1.8072e-01,
           4.2892e-02, 6.1725e-01]],

         [[4.0654e-01, 3.2787e-01, 1.6517e-02,  ..., 7.1805e-01,
           9.7523e-01, 6.6563e-01],
          [2.6854e-01, 9.4639e-01, 7.3686e-01,  ..., 3.8373e-01,
           3.2218e-01, 4.4878e-01],
          [3.8820e-01, 1.7115e-01, 6.4508e-01,  ..., 6.1315e-01,
           2.9465e-01, 6.5161e-01],
          ...,
          [9.2992e-01, 1.1181e-01, 9.9275e-01,  ..., 8.1413e-01,
           8.3396e-02, 4.4033e-01],
          [7.7649e-01, 4.6448e-01, 3.0364e-01,  ..., 4.8593e-01,
           8.3841e-01, 6.5643e-01],
          [3.3481e-02, 4.5179e-01, 5.7091e-01,  ..., 1.0804e-01,
           1.3093e-01, 1.7748e-01]]],


        [[[1.3825e-01, 2.4209e-01, 5.5207e-01,  ..., 7.3325e-01,
           2.8359e-01, 3.7051e-01],
          [3.9173e-01, 4.7778e-01, 6.2505e-01,  ..., 1.1999e-01,
           9.7034e-01, 9.3168e-01],
          [6.7357e-01, 4.2289e-01, 3.9647e-01,  ..., 8.7984e-01,
           3.7058e-01, 2.3773e-01],
          ...,
          [5.5675e-01, 5.3288e-01, 7.9569e-02,  ..., 3.8201e-01,
           6.0185e-01, 6.6947e-01],
          [2.0519e-01, 6.9739e-01, 5.7203e-01,  ..., 2.8116e-01,
           3.8155e-01, 4.0993e-01],
          [1.8803e-01, 6.1589e-01, 2.4541e-01,  ..., 6.0045e-01,
           6.8823e-01, 4.9329e-01]],

         [[9.2555e-01, 4.3689e-01, 6.3137e-01,  ..., 5.0351e-01,
           4.3864e-01, 2.3486e-01],
          [8.0851e-01, 7.9475e-01, 5.7374e-01,  ..., 6.0668e-01,
           1.6950e-01, 1.9633e-01],
          [8.5666e-01, 1.7625e-01, 6.3059e-01,  ..., 4.1756e-01,
           5.8572e-01, 2.4019e-01],
          ...,
          [6.0360e-01, 5.0260e-01, 5.7857e-02,  ..., 1.9499e-01,
           7.8212e-01, 7.0397e-01],
          [7.3959e-01, 2.7013e-02, 2.6453e-01,  ..., 5.9137e-01,
           6.7847e-01, 1.4113e-01],
          [1.5109e-03, 3.4733e-01, 9.2106e-01,  ..., 3.0109e-02,
           3.4313e-01, 2.2178e-01]],

         [[7.1510e-01, 7.1904e-01, 9.4248e-01,  ..., 9.4203e-01,
           8.0590e-01, 6.2361e-01],
          [6.2032e-01, 3.4033e-01, 4.1640e-01,  ..., 5.9450e-02,
           4.2357e-01, 2.5517e-01],
          [9.2635e-01, 1.8229e-01, 5.5983e-01,  ..., 1.1311e-01,
           4.0686e-01, 4.4564e-01],
          ...,
          [9.8193e-01, 3.8797e-01, 3.1656e-01,  ..., 9.4006e-01,
           8.8246e-01, 8.5463e-01],
          [3.1139e-01, 5.2473e-01, 6.8939e-01,  ..., 1.6470e-01,
           1.8765e-01, 4.3854e-02],
          [4.2610e-01, 8.0922e-01, 9.1573e-01,  ..., 9.6169e-01,
           2.4902e-01, 5.1951e-01]],

         ...,

         [[1.2924e-01, 8.4353e-01, 3.3438e-01,  ..., 4.0905e-01,
           9.8019e-01, 5.7680e-01],
          [6.2268e-02, 6.8872e-01, 9.0229e-01,  ..., 4.9436e-01,
           9.5022e-01, 5.9123e-01],
          [6.0355e-03, 7.5056e-01, 6.5586e-02,  ..., 9.1684e-01,
           4.0690e-01, 5.5449e-01],
          ...,
          [9.4098e-01, 9.1550e-01, 8.2725e-01,  ..., 3.4557e-02,
           9.0121e-02, 3.7153e-01],
          [6.4723e-01, 3.7260e-02, 5.9406e-01,  ..., 5.8035e-01,
           7.3995e-01, 5.4148e-01],
          [4.5678e-01, 5.8062e-01, 6.5593e-01,  ..., 4.7139e-01,
           2.6379e-01, 1.3883e-01]],

         [[7.8302e-01, 6.4340e-01, 6.6571e-01,  ..., 6.1011e-01,
           6.2346e-01, 6.7933e-02],
          [3.7962e-01, 4.1497e-02, 8.1393e-01,  ..., 5.6581e-01,
           3.9344e-01, 5.1527e-01],
          [6.6187e-01, 6.2379e-01, 5.4183e-01,  ..., 3.1783e-01,
           6.2091e-01, 3.3583e-01],
          ...,
          [7.1562e-02, 8.3894e-01, 6.7102e-01,  ..., 3.3854e-01,
           7.2360e-02, 1.0096e-02],
          [4.5328e-01, 2.2542e-01, 4.7471e-01,  ..., 4.1452e-01,
           1.2813e-01, 8.3425e-01],
          [6.9307e-01, 6.2913e-01, 7.0149e-01,  ..., 8.8078e-01,
           8.4476e-01, 4.2767e-01]],

         [[4.9026e-01, 9.9366e-01, 2.3113e-01,  ..., 2.7201e-01,
           9.0407e-01, 5.6090e-01],
          [5.3267e-01, 9.7707e-01, 8.0362e-01,  ..., 3.4526e-01,
           7.1091e-01, 9.8268e-01],
          [9.8068e-02, 5.3436e-02, 9.4016e-01,  ..., 5.7683e-01,
           3.0076e-01, 3.4442e-01],
          ...,
          [7.5431e-02, 5.8502e-01, 6.7007e-01,  ..., 6.0432e-01,
           6.3342e-01, 1.8398e-01],
          [3.1120e-02, 7.4732e-01, 3.6066e-02,  ..., 4.7811e-01,
           6.2477e-01, 5.1858e-01],
          [9.4299e-01, 7.1741e-02, 9.3106e-01,  ..., 7.9866e-01,
           7.5556e-01, 3.3459e-01]]],


        ...,


        [[[8.9315e-01, 6.5391e-01, 7.4266e-01,  ..., 4.9625e-01,
           4.8507e-01, 8.3383e-01],
          [5.0908e-01, 2.7345e-01, 3.8886e-01,  ..., 4.9349e-01,
           5.1835e-01, 4.4804e-01],
          [9.5971e-01, 2.0699e-01, 9.9604e-01,  ..., 8.9045e-01,
           1.1667e-01, 7.2539e-01],
          ...,
          [7.2286e-01, 1.8236e-01, 5.6061e-01,  ..., 9.6531e-01,
           5.9481e-02, 7.0963e-01],
          [4.0415e-02, 8.1420e-01, 7.6443e-01,  ..., 4.9056e-01,
           5.4625e-02, 2.8698e-01],
          [7.7007e-01, 6.9621e-02, 9.4487e-01,  ..., 1.2527e-01,
           1.1683e-01, 6.7436e-01]],

         [[8.6378e-01, 5.3036e-01, 8.1245e-01,  ..., 2.6006e-01,
           7.0264e-01, 1.4431e-01],
          [5.7428e-01, 3.2913e-01, 2.2396e-01,  ..., 6.1622e-01,
           6.3857e-01, 1.8665e-01],
          [5.5150e-01, 9.4294e-01, 4.2897e-02,  ..., 6.7117e-01,
           7.8264e-01, 2.6702e-01],
          ...,
          [2.5612e-01, 4.9565e-01, 6.8728e-01,  ..., 5.7315e-02,
           2.4083e-01, 8.0696e-01],
          [5.2688e-01, 8.7319e-01, 9.6951e-02,  ..., 7.3744e-01,
           9.3192e-01, 6.3970e-01],
          [5.0070e-01, 1.0713e-02, 2.3719e-01,  ..., 7.9077e-01,
           2.2973e-01, 5.5948e-01]],

         [[2.8465e-01, 1.0910e-01, 5.5525e-01,  ..., 7.0056e-01,
           5.2119e-01, 5.6235e-01],
          [7.8024e-01, 9.1857e-01, 7.3467e-02,  ..., 6.0579e-01,
           2.7775e-01, 7.1423e-01],
          [9.8859e-01, 3.3580e-01, 6.9735e-01,  ..., 5.3769e-02,
           1.2806e-01, 4.8302e-01],
          ...,
          [5.6216e-01, 1.9987e-01, 4.8031e-01,  ..., 5.4384e-01,
           1.7877e-01, 6.9185e-01],
          [4.9062e-01, 3.8401e-01, 7.0987e-01,  ..., 6.1921e-01,
           6.1949e-01, 4.2601e-01],
          [4.6667e-02, 7.3857e-01, 6.8764e-01,  ..., 6.7131e-01,
           1.1631e-02, 8.8737e-01]],

         ...,

         [[8.6299e-01, 9.0046e-01, 8.9610e-01,  ..., 9.6415e-01,
           7.4034e-01, 9.6456e-01],
          [6.3570e-01, 1.9803e-01, 9.9943e-01,  ..., 2.0787e-01,
           5.0529e-01, 1.0090e-01],
          [9.3709e-02, 2.4809e-01, 8.4289e-02,  ..., 6.7853e-03,
           4.6579e-01, 2.9823e-02],
          ...,
          [9.2638e-01, 4.8228e-01, 1.2822e-01,  ..., 8.7368e-01,
           5.8099e-01, 8.2928e-01],
          [5.8269e-01, 7.5725e-01, 4.0352e-01,  ..., 1.2443e-01,
           1.5573e-01, 3.0827e-01],
          [7.7193e-01, 1.9253e-01, 2.1685e-01,  ..., 4.4670e-01,
           5.1416e-01, 7.6211e-01]],

         [[7.6888e-01, 3.2543e-01, 1.1932e-01,  ..., 6.6362e-01,
           7.0057e-01, 8.3454e-02],
          [2.0066e-01, 9.7654e-01, 1.2412e-01,  ..., 4.4690e-01,
           9.3585e-01, 1.3747e-01],
          [9.2108e-01, 8.8466e-01, 1.6158e-01,  ..., 9.8841e-01,
           3.0540e-01, 9.9433e-02],
          ...,
          [7.1486e-01, 9.7963e-02, 3.1483e-01,  ..., 6.6528e-02,
           3.2618e-02, 9.5027e-01],
          [3.2493e-01, 5.3065e-02, 3.4781e-01,  ..., 8.2123e-01,
           2.8206e-01, 4.4490e-01],
          [9.3150e-01, 8.8856e-01, 5.1779e-01,  ..., 5.9048e-01,
           7.0613e-01, 4.4975e-01]],

         [[4.6951e-02, 5.3978e-01, 5.7639e-01,  ..., 8.8808e-02,
           1.8006e-01, 5.4399e-01],
          [6.0929e-02, 1.3402e-01, 7.4390e-01,  ..., 4.4926e-01,
           3.1072e-01, 1.5257e-02],
          [3.4615e-01, 2.7900e-01, 6.6931e-01,  ..., 2.0039e-01,
           9.1278e-02, 8.7297e-01],
          ...,
          [5.7733e-01, 1.3748e-01, 2.0297e-01,  ..., 4.4014e-01,
           3.2015e-01, 1.8709e-02],
          [2.3140e-01, 5.3447e-01, 7.4140e-01,  ..., 2.2411e-01,
           2.0621e-01, 8.3635e-01],
          [4.0904e-01, 9.5265e-01, 5.8351e-01,  ..., 6.7189e-01,
           7.0192e-01, 1.1995e-01]]],


        [[[4.7991e-01, 9.8306e-01, 8.2810e-01,  ..., 1.1256e-01,
           3.5133e-03, 5.3035e-01],
          [9.1095e-01, 5.8639e-01, 5.4546e-01,  ..., 8.0520e-02,
           5.8471e-01, 3.6033e-03],
          [5.4311e-01, 2.1259e-02, 6.8246e-01,  ..., 4.2632e-01,
           9.0896e-01, 9.3341e-01],
          ...,
          [4.1689e-01, 6.7019e-01, 4.8765e-01,  ..., 3.4015e-01,
           7.7318e-02, 3.1158e-01],
          [6.3299e-01, 8.3995e-01, 2.1960e-01,  ..., 5.8493e-01,
           8.2614e-01, 3.9183e-01],
          [6.3403e-01, 5.2373e-01, 5.5248e-01,  ..., 1.0621e-01,
           2.3949e-01, 1.6025e-01]],

         [[1.1241e-01, 1.6838e-01, 4.6297e-01,  ..., 3.0482e-01,
           7.8206e-01, 9.2387e-01],
          [2.7106e-01, 8.1067e-02, 4.2170e-04,  ..., 5.5613e-01,
           1.2069e-01, 2.7356e-01],
          [9.8686e-01, 1.0646e-01, 4.2589e-01,  ..., 4.4422e-01,
           6.3443e-01, 9.9724e-01],
          ...,
          [6.8265e-01, 5.9083e-01, 2.3348e-01,  ..., 7.6752e-01,
           2.0167e-01, 2.1070e-01],
          [9.4568e-01, 4.7525e-01, 4.8978e-01,  ..., 1.3456e-01,
           9.3998e-01, 9.4558e-01],
          [8.1818e-01, 3.2203e-01, 2.1395e-01,  ..., 7.1729e-01,
           3.0655e-02, 2.3131e-01]],

         [[7.3667e-02, 3.1508e-01, 4.8562e-02,  ..., 5.6457e-01,
           6.3399e-01, 4.9350e-01],
          [3.4828e-01, 1.4476e-01, 8.2659e-01,  ..., 6.2397e-01,
           3.8025e-01, 2.5990e-01],
          [6.0682e-01, 9.2858e-02, 6.1529e-01,  ..., 1.6811e-01,
           3.7571e-01, 9.8844e-01],
          ...,
          [4.6180e-01, 1.8919e-01, 3.4659e-01,  ..., 9.3255e-01,
           2.1594e-01, 6.3588e-01],
          [8.1102e-01, 8.9141e-02, 4.7328e-01,  ..., 1.6847e-01,
           6.5494e-02, 7.0155e-01],
          [5.2455e-01, 3.8074e-01, 9.1924e-01,  ..., 1.8408e-01,
           1.5865e-01, 1.6766e-01]],

         ...,

         [[8.1203e-01, 6.5034e-01, 7.4495e-01,  ..., 3.6685e-01,
           5.8947e-01, 6.0457e-01],
          [3.2239e-01, 6.3101e-01, 3.8935e-01,  ..., 8.2081e-01,
           8.1255e-01, 3.5637e-01],
          [2.6066e-02, 2.5529e-01, 6.8334e-01,  ..., 7.5644e-01,
           8.0178e-01, 8.2922e-01],
          ...,
          [5.4741e-01, 5.4329e-01, 8.1516e-01,  ..., 3.0300e-01,
           6.1693e-01, 7.1657e-01],
          [7.9153e-01, 9.4958e-01, 7.3850e-02,  ..., 1.1348e-01,
           3.7032e-01, 2.6001e-01],
          [1.1551e-01, 5.7472e-01, 1.1932e-01,  ..., 7.5691e-01,
           5.6577e-01, 6.9290e-01]],

         [[9.5592e-01, 8.3875e-01, 3.2776e-01,  ..., 6.8383e-01,
           3.2519e-01, 3.1152e-01],
          [9.4344e-01, 8.4490e-01, 8.3984e-01,  ..., 6.4701e-01,
           9.9521e-01, 4.3674e-01],
          [7.2321e-02, 8.5026e-01, 1.4358e-01,  ..., 6.7682e-02,
           7.9085e-01, 2.8068e-01],
          ...,
          [2.5690e-01, 1.5075e-01, 3.4352e-01,  ..., 8.8749e-01,
           6.6644e-01, 6.6616e-01],
          [1.6250e-01, 2.0742e-01, 1.8209e-02,  ..., 2.1053e-01,
           5.2037e-01, 3.9928e-01],
          [4.3697e-01, 4.4387e-01, 3.3411e-01,  ..., 7.5097e-02,
           5.6199e-01, 6.4401e-01]],

         [[4.8982e-01, 9.6637e-01, 8.2143e-01,  ..., 1.2241e-01,
           6.5742e-01, 3.7854e-01],
          [7.9952e-01, 1.7758e-01, 9.8598e-02,  ..., 6.8835e-01,
           1.0652e-01, 9.6377e-01],
          [5.1803e-01, 3.6528e-01, 6.6274e-01,  ..., 8.8447e-01,
           1.4182e-01, 3.6880e-01],
          ...,
          [6.1046e-01, 3.6340e-01, 2.7779e-01,  ..., 4.9114e-01,
           3.2028e-01, 3.1080e-01],
          [7.3935e-01, 6.1143e-02, 9.1417e-01,  ..., 7.1631e-01,
           2.0694e-01, 9.7235e-01],
          [1.0216e-01, 6.9860e-01, 7.5769e-01,  ..., 7.0614e-01,
           7.3671e-01, 6.5566e-01]]],


        [[[9.3775e-01, 6.1048e-01, 8.1853e-01,  ..., 7.4477e-01,
           2.4125e-01, 5.5787e-01],
          [4.9675e-01, 6.4119e-01, 1.3630e-01,  ..., 4.3862e-01,
           8.9351e-01, 5.4726e-01],
          [2.5317e-01, 6.8677e-02, 1.7306e-01,  ..., 1.2074e-02,
           5.6048e-01, 9.3342e-01],
          ...,
          [2.8028e-01, 7.0295e-01, 8.0071e-02,  ..., 7.0811e-01,
           1.7319e-01, 3.6826e-01],
          [2.9998e-01, 8.0507e-01, 8.3302e-01,  ..., 6.4086e-01,
           1.6445e-01, 6.6513e-01],
          [9.2620e-01, 1.1327e-01, 1.6797e-01,  ..., 3.4813e-01,
           8.4339e-01, 3.3104e-01]],

         [[9.1591e-01, 6.9178e-01, 6.1915e-01,  ..., 5.8676e-01,
           3.9951e-01, 3.2993e-01],
          [7.2156e-01, 9.6319e-01, 3.2208e-01,  ..., 4.0228e-01,
           8.1836e-01, 7.3545e-01],
          [7.1727e-01, 2.8956e-01, 1.7962e-01,  ..., 1.9299e-02,
           3.8560e-01, 2.9686e-01],
          ...,
          [2.4930e-01, 8.3915e-01, 2.1835e-01,  ..., 1.5173e-02,
           6.8769e-01, 9.8082e-01],
          [3.3956e-01, 8.1713e-01, 3.1577e-02,  ..., 7.1812e-01,
           7.5894e-01, 9.8019e-01],
          [7.9942e-01, 8.8144e-01, 8.0539e-01,  ..., 4.3510e-01,
           9.0216e-02, 6.0654e-01]],

         [[6.5152e-01, 2.6855e-01, 8.3521e-01,  ..., 8.2764e-02,
           2.2755e-01, 2.4703e-01],
          [9.7873e-01, 2.8283e-02, 6.7785e-01,  ..., 6.0877e-01,
           5.6063e-01, 3.8833e-01],
          [7.1907e-01, 5.7698e-01, 5.3685e-01,  ..., 9.8750e-01,
           5.2139e-02, 4.1972e-01],
          ...,
          [2.2148e-01, 2.0058e-02, 9.8780e-01,  ..., 3.5283e-01,
           8.4817e-02, 1.6826e-01],
          [8.2279e-02, 4.2288e-02, 6.3265e-01,  ..., 7.9784e-01,
           8.8302e-01, 6.7537e-01],
          [4.4966e-01, 4.5665e-01, 8.0199e-01,  ..., 3.8417e-01,
           7.0526e-01, 3.1450e-01]],

         ...,

         [[1.2461e-01, 8.4567e-01, 6.4454e-01,  ..., 8.7210e-01,
           4.1924e-01, 7.2276e-01],
          [4.9881e-02, 7.7947e-01, 5.3127e-01,  ..., 5.7266e-02,
           5.6150e-01, 4.2047e-01],
          [9.8356e-01, 9.1126e-01, 5.4303e-01,  ..., 5.1201e-02,
           4.6321e-01, 8.2267e-01],
          ...,
          [1.5964e-01, 5.9228e-01, 9.8678e-01,  ..., 5.8493e-01,
           3.8988e-01, 7.1165e-01],
          [7.4907e-01, 4.9682e-01, 6.4174e-01,  ..., 8.1816e-01,
           3.6507e-01, 9.9349e-01],
          [5.1377e-01, 3.9464e-01, 2.1841e-02,  ..., 7.4941e-01,
           9.3743e-01, 9.5279e-01]],

         [[8.2843e-01, 5.5697e-01, 4.2384e-01,  ..., 7.3155e-01,
           8.4097e-01, 4.5718e-01],
          [3.0084e-01, 7.9536e-01, 9.2826e-02,  ..., 7.1422e-01,
           9.7981e-01, 7.2075e-01],
          [2.2050e-01, 2.9507e-01, 6.7095e-01,  ..., 5.8102e-01,
           4.2002e-01, 5.6301e-01],
          ...,
          [3.3567e-02, 6.5615e-01, 2.5289e-01,  ..., 6.1228e-01,
           2.6421e-01, 3.3062e-01],
          [9.9318e-01, 8.1471e-01, 2.2249e-01,  ..., 6.0688e-01,
           6.5161e-01, 1.5840e-01],
          [1.6511e-02, 6.8996e-01, 4.2856e-01,  ..., 9.9617e-02,
           1.2645e-01, 9.8920e-03]],

         [[1.0841e-01, 1.1284e-01, 6.2577e-01,  ..., 9.3192e-01,
           9.2902e-01, 7.2609e-01],
          [4.7304e-01, 6.2874e-02, 7.4927e-01,  ..., 7.5296e-01,
           2.9590e-01, 6.5335e-01],
          [6.5967e-01, 9.7721e-01, 3.4543e-01,  ..., 1.5182e-01,
           6.2882e-01, 1.1282e-01],
          ...,
          [4.0392e-01, 9.1249e-01, 5.4545e-02,  ..., 9.8689e-02,
           8.8844e-01, 3.6407e-02],
          [9.2079e-02, 2.5560e-01, 5.4983e-01,  ..., 5.7446e-01,
           3.2537e-02, 3.9030e-01],
          [9.0009e-02, 3.4358e-01, 6.6083e-01,  ..., 8.7382e-01,
           6.5774e-01, 6.2090e-01]]]])
