tensor([[[[9.8939e-01, 5.2276e-01, 3.5196e-01,  ..., 9.4769e-01,
           6.0192e-02, 2.6704e-01],
          [8.1870e-01, 6.1082e-01, 2.0983e-01,  ..., 9.7639e-02,
           5.8068e-01, 2.4080e-01],
          [8.5003e-01, 2.1745e-01, 1.0033e-01,  ..., 4.1900e-01,
           3.8785e-01, 8.0665e-01],
          ...,
          [6.0079e-02, 6.1773e-01, 8.5722e-01,  ..., 4.4111e-01,
           1.5822e-01, 3.8535e-01],
          [5.3437e-02, 1.6187e-01, 6.3450e-01,  ..., 1.4593e-01,
           9.3848e-01, 5.6979e-02],
          [4.9533e-02, 7.5267e-01, 2.1322e-01,  ..., 1.4904e-01,
           5.9519e-01, 6.0904e-02]],

         [[7.2534e-01, 8.0530e-01, 9.0722e-01,  ..., 5.5585e-01,
           9.8673e-01, 7.7131e-01],
          [5.7983e-01, 1.9233e-02, 8.1643e-01,  ..., 7.4038e-01,
           8.1293e-01, 6.2565e-01],
          [3.1528e-01, 5.0380e-01, 3.9019e-01,  ..., 4.2651e-01,
           1.5737e-01, 4.3509e-01],
          ...,
          [4.7698e-02, 6.1391e-01, 4.0859e-02,  ..., 5.9507e-03,
           9.2816e-01, 4.3349e-03],
          [4.0768e-01, 5.7251e-01, 6.7587e-01,  ..., 2.7136e-01,
           8.8197e-02, 5.8923e-01],
          [8.1184e-01, 1.7980e-01, 6.5348e-01,  ..., 8.7469e-01,
           6.5565e-01, 8.3880e-01]],

         [[9.9686e-01, 6.6477e-02, 1.3522e-01,  ..., 2.1360e-01,
           4.4006e-01, 6.0461e-01],
          [9.2117e-01, 1.4793e-01, 8.6436e-01,  ..., 2.4244e-03,
           9.7472e-01, 1.8604e-01],
          [6.0102e-01, 1.0325e-01, 7.0062e-02,  ..., 5.5360e-01,
           9.8761e-01, 9.3320e-01],
          ...,
          [5.3748e-01, 4.3964e-01, 4.5024e-01,  ..., 3.5383e-01,
           5.8475e-01, 6.9823e-01],
          [1.7510e-01, 1.4992e-01, 7.5858e-01,  ..., 7.4059e-01,
           5.0346e-01, 3.3977e-01],
          [8.6683e-01, 9.0372e-01, 2.3456e-01,  ..., 4.2926e-01,
           6.9323e-02, 8.5718e-01]],

         ...,

         [[9.8562e-01, 6.4660e-01, 2.2558e-01,  ..., 2.2934e-01,
           7.8975e-01, 6.0437e-01],
          [6.7957e-01, 3.8618e-01, 4.8529e-01,  ..., 8.5609e-01,
           7.9441e-01, 5.5376e-01],
          [9.9236e-01, 4.8380e-01, 1.4277e-03,  ..., 7.1944e-01,
           6.4615e-01, 2.9129e-02],
          ...,
          [1.5059e-01, 4.4275e-01, 5.6488e-01,  ..., 4.6260e-01,
           5.0147e-01, 1.8063e-01],
          [4.2814e-01, 3.8504e-01, 3.5048e-02,  ..., 3.8165e-01,
           6.1045e-01, 9.6518e-01],
          [1.2351e-01, 4.3182e-01, 2.0644e-01,  ..., 2.2519e-01,
           8.1523e-01, 5.9925e-01]],

         [[5.1591e-01, 8.6913e-01, 3.4303e-01,  ..., 6.3550e-01,
           1.5676e-01, 3.9780e-02],
          [4.2267e-01, 3.8939e-01, 2.5633e-01,  ..., 2.2229e-01,
           5.7450e-01, 7.1593e-01],
          [1.5856e-01, 8.9149e-01, 3.1842e-01,  ..., 1.7099e-01,
           5.4950e-02, 6.4344e-01],
          ...,
          [9.5454e-01, 4.2229e-01, 3.0587e-01,  ..., 7.3085e-01,
           9.4738e-01, 5.3972e-01],
          [4.0241e-01, 2.6519e-01, 6.9929e-01,  ..., 6.7363e-01,
           8.8715e-01, 2.5788e-01],
          [6.7535e-01, 3.0471e-01, 1.8450e-02,  ..., 4.3740e-01,
           8.4920e-01, 1.9357e-01]],

         [[7.3632e-01, 5.7174e-01, 6.3413e-01,  ..., 5.1879e-01,
           3.0430e-01, 7.3056e-01],
          [3.0111e-01, 4.9325e-01, 9.6612e-01,  ..., 5.7903e-01,
           3.4147e-01, 8.7795e-01],
          [1.2498e-01, 8.3422e-01, 3.9217e-01,  ..., 7.3730e-01,
           6.3649e-01, 3.7420e-01],
          ...,
          [6.8756e-01, 8.5302e-01, 4.7029e-01,  ..., 2.7804e-02,
           4.7518e-01, 1.1545e-01],
          [5.6526e-01, 7.5939e-01, 8.4589e-01,  ..., 9.8117e-01,
           3.3827e-01, 6.2071e-01],
          [8.3311e-01, 6.8719e-01, 2.8328e-01,  ..., 1.1041e-01,
           2.4907e-01, 9.3785e-01]]],


        [[[6.5069e-01, 5.4722e-01, 3.7996e-02,  ..., 1.3154e-01,
           7.0118e-01, 4.5672e-01],
          [5.8823e-01, 7.3363e-01, 5.0035e-01,  ..., 1.2726e-01,
           9.8754e-01, 8.6949e-01],
          [1.2894e-02, 9.4561e-01, 3.8188e-01,  ..., 2.4824e-01,
           2.9506e-01, 3.9169e-01],
          ...,
          [6.4054e-01, 4.2023e-01, 4.9954e-01,  ..., 2.3527e-01,
           7.5861e-03, 7.3450e-01],
          [8.9735e-01, 9.4356e-02, 1.9897e-01,  ..., 5.4549e-01,
           5.5285e-01, 8.3191e-02],
          [7.6330e-02, 2.4648e-01, 9.0494e-01,  ..., 7.4439e-02,
           3.5735e-01, 4.3047e-01]],

         [[3.8190e-03, 2.1246e-01, 4.5265e-01,  ..., 1.6853e-01,
           1.7954e-01, 7.3680e-01],
          [1.5951e-03, 6.2745e-01, 5.0229e-01,  ..., 2.0951e-01,
           9.8488e-01, 1.7945e-01],
          [3.9190e-01, 7.4031e-02, 3.2809e-01,  ..., 1.9716e-01,
           7.5269e-01, 9.7244e-01],
          ...,
          [2.9832e-01, 4.2481e-01, 2.7437e-01,  ..., 1.2382e-01,
           1.3914e-01, 6.9638e-01],
          [1.6278e-01, 1.3747e-01, 2.2132e-01,  ..., 7.5915e-01,
           4.9318e-01, 9.2896e-01],
          [7.9711e-01, 8.4206e-01, 1.7969e-02,  ..., 7.3439e-01,
           8.6457e-01, 7.2680e-01]],

         [[1.7784e-01, 7.9320e-01, 6.7181e-01,  ..., 4.5430e-01,
           2.6560e-01, 6.6101e-01],
          [4.1278e-01, 7.7430e-01, 1.9204e-02,  ..., 2.4867e-01,
           8.3639e-01, 6.4332e-01],
          [6.3718e-01, 4.5472e-01, 7.7920e-01,  ..., 9.9848e-01,
           7.3040e-01, 1.6130e-01],
          ...,
          [7.7996e-02, 1.1176e-01, 4.0459e-01,  ..., 4.4759e-01,
           6.8635e-01, 5.4228e-01],
          [1.5226e-01, 3.8369e-01, 4.2560e-01,  ..., 6.3136e-01,
           6.7648e-01, 6.4451e-01],
          [3.4612e-01, 3.4119e-01, 2.9740e-02,  ..., 6.8662e-01,
           7.0398e-01, 2.6708e-01]],

         ...,

         [[7.5825e-01, 9.3524e-01, 1.6062e-01,  ..., 8.4701e-01,
           7.6920e-01, 4.6809e-01],
          [4.4819e-01, 2.3305e-02, 8.2071e-01,  ..., 5.6126e-01,
           1.2057e-01, 9.1526e-01],
          [6.7839e-01, 8.9408e-01, 6.3223e-01,  ..., 8.6684e-01,
           7.1705e-01, 5.1599e-01],
          ...,
          [3.5801e-01, 8.4464e-01, 9.2740e-01,  ..., 6.8203e-03,
           8.0219e-01, 5.2641e-01],
          [8.2732e-01, 6.9816e-01, 1.6508e-02,  ..., 9.9231e-01,
           8.2998e-01, 9.5717e-02],
          [6.1045e-01, 8.5866e-01, 6.3561e-01,  ..., 5.2490e-03,
           4.8220e-01, 8.5844e-02]],

         [[7.0677e-01, 5.7299e-01, 7.8560e-01,  ..., 3.9434e-02,
           3.6767e-01, 2.4066e-02],
          [3.2307e-01, 4.3386e-01, 3.9684e-01,  ..., 1.7948e-01,
           1.7807e-01, 4.2567e-01],
          [7.2617e-01, 9.9278e-01, 8.5292e-01,  ..., 9.0280e-01,
           7.4806e-01, 2.9498e-01],
          ...,
          [1.8298e-01, 2.2848e-01, 1.1230e-01,  ..., 9.0490e-01,
           3.7436e-01, 9.3410e-01],
          [6.9103e-01, 3.9712e-01, 4.5787e-01,  ..., 8.5968e-01,
           6.8872e-01, 8.0780e-01],
          [5.6398e-01, 2.9399e-01, 8.3737e-01,  ..., 1.9169e-01,
           8.7994e-01, 8.2152e-01]],

         [[9.1832e-01, 7.2961e-01, 8.3071e-03,  ..., 7.6040e-01,
           2.9293e-01, 4.0417e-01],
          [6.9394e-01, 4.0289e-01, 8.2494e-01,  ..., 9.1126e-01,
           5.4945e-01, 3.8284e-02],
          [5.6382e-01, 5.0707e-01, 6.8332e-01,  ..., 9.7015e-01,
           5.8801e-01, 8.3179e-01],
          ...,
          [9.4140e-01, 2.3235e-01, 4.4843e-01,  ..., 6.1511e-02,
           4.0072e-01, 9.8027e-01],
          [3.4661e-01, 1.1712e-01, 9.0563e-01,  ..., 1.3994e-01,
           1.7672e-01, 4.0073e-01],
          [4.0618e-01, 6.5707e-01, 7.9881e-01,  ..., 4.0175e-01,
           9.2058e-01, 5.0420e-01]]],


        [[[9.1347e-01, 6.9417e-01, 2.5267e-01,  ..., 1.5181e-01,
           8.2272e-02, 5.0643e-01],
          [1.6761e-01, 3.8268e-01, 5.4369e-01,  ..., 7.2027e-01,
           5.9204e-01, 2.1459e-01],
          [8.5485e-01, 5.1579e-01, 9.1457e-01,  ..., 7.5796e-01,
           7.3411e-01, 8.2153e-01],
          ...,
          [9.6072e-01, 8.0233e-01, 6.4147e-01,  ..., 1.0350e-01,
           2.1496e-02, 1.7963e-01],
          [8.4022e-01, 7.0364e-01, 9.1829e-01,  ..., 2.3306e-01,
           6.1810e-01, 6.1417e-01],
          [4.6092e-01, 5.0340e-01, 7.8397e-01,  ..., 3.0844e-01,
           5.4695e-01, 2.6810e-01]],

         [[6.1511e-01, 3.1288e-01, 4.3075e-01,  ..., 3.8278e-01,
           3.0661e-01, 1.2629e-01],
          [5.6213e-01, 2.8228e-01, 1.3893e-01,  ..., 9.3047e-01,
           2.2790e-01, 1.8206e-01],
          [5.3965e-01, 6.4303e-01, 6.4274e-01,  ..., 4.9497e-01,
           7.3701e-01, 2.8412e-01],
          ...,
          [9.2186e-01, 4.8955e-01, 7.4547e-01,  ..., 9.5231e-01,
           3.0033e-02, 6.7724e-01],
          [6.8019e-01, 6.6466e-01, 8.5704e-01,  ..., 4.8905e-01,
           2.0704e-01, 8.0979e-01],
          [8.2397e-02, 8.2637e-01, 1.3398e-01,  ..., 9.5774e-01,
           2.6980e-01, 7.1689e-01]],

         [[7.8591e-01, 1.1645e-01, 4.8824e-01,  ..., 3.9694e-01,
           8.2078e-01, 7.3208e-01],
          [2.6442e-01, 5.8305e-01, 1.9634e-01,  ..., 4.9458e-02,
           6.9520e-01, 2.3642e-02],
          [2.0034e-01, 9.0453e-01, 6.5104e-01,  ..., 3.2585e-01,
           6.1164e-01, 1.5712e-01],
          ...,
          [1.1770e-01, 6.7754e-01, 2.0195e-02,  ..., 5.6151e-01,
           8.9125e-01, 3.8781e-01],
          [6.9441e-01, 6.3763e-01, 3.6481e-01,  ..., 7.5638e-01,
           6.5886e-01, 9.8628e-01],
          [3.2399e-01, 7.2098e-01, 7.4370e-01,  ..., 5.1258e-01,
           8.2382e-01, 5.2606e-01]],

         ...,

         [[3.2285e-01, 8.7434e-01, 6.1934e-01,  ..., 1.8728e-01,
           2.3478e-01, 7.0541e-03],
          [3.7836e-01, 2.7639e-01, 9.8193e-01,  ..., 2.6394e-01,
           9.5831e-01, 3.7163e-02],
          [9.6729e-01, 1.6268e-01, 6.8814e-01,  ..., 4.0447e-01,
           6.5167e-01, 9.9522e-01],
          ...,
          [3.1355e-01, 2.1705e-01, 1.6795e-01,  ..., 4.2290e-01,
           4.2008e-01, 7.3273e-01],
          [8.2830e-01, 5.0221e-01, 7.8488e-01,  ..., 5.2323e-01,
           6.5048e-01, 6.3935e-02],
          [9.9309e-01, 4.1739e-01, 9.5820e-01,  ..., 9.2405e-01,
           9.0094e-01, 6.3512e-01]],

         [[3.0491e-01, 7.1629e-01, 3.6457e-01,  ..., 2.4989e-01,
           7.2931e-01, 8.4950e-01],
          [2.7302e-01, 2.3134e-01, 3.9402e-01,  ..., 9.1074e-01,
           2.4536e-01, 6.1027e-01],
          [5.0176e-01, 4.8747e-01, 5.8603e-01,  ..., 9.9446e-01,
           3.0509e-02, 1.5641e-01],
          ...,
          [7.6061e-01, 5.7996e-01, 9.6878e-02,  ..., 2.8860e-01,
           2.9841e-01, 9.0924e-01],
          [5.1590e-01, 6.2199e-02, 1.9266e-01,  ..., 3.3433e-01,
           6.5005e-01, 6.4350e-01],
          [6.1022e-01, 9.1465e-01, 6.6026e-01,  ..., 1.8603e-01,
           9.2277e-01, 2.9249e-01]],

         [[7.8236e-01, 7.7373e-01, 2.4719e-01,  ..., 4.0469e-01,
           1.6664e-02, 8.1245e-01],
          [8.0773e-01, 4.9789e-01, 1.6468e-02,  ..., 7.9504e-01,
           1.0133e-01, 7.6044e-01],
          [7.9498e-01, 2.2855e-01, 8.6473e-01,  ..., 4.5479e-01,
           5.3272e-01, 7.6022e-01],
          ...,
          [7.8238e-01, 5.5744e-02, 9.6314e-01,  ..., 3.5261e-01,
           2.5820e-01, 3.2338e-01],
          [5.2969e-01, 8.0239e-01, 4.8937e-01,  ..., 9.6755e-01,
           5.0684e-01, 6.4855e-01],
          [5.5556e-01, 9.2200e-01, 1.1910e-01,  ..., 2.1435e-01,
           1.9418e-01, 2.6322e-01]]],


        ...,


        [[[2.3323e-01, 5.3917e-01, 8.1021e-01,  ..., 7.8768e-01,
           5.7746e-01, 6.2016e-01],
          [5.5542e-01, 3.2570e-01, 4.3980e-01,  ..., 7.8771e-01,
           3.8855e-01, 8.7946e-01],
          [7.2982e-01, 4.1320e-01, 1.3373e-01,  ..., 1.1378e-01,
           1.3444e-01, 4.0322e-02],
          ...,
          [4.4959e-02, 3.0936e-01, 9.1070e-01,  ..., 8.5825e-01,
           7.9650e-01, 3.6639e-01],
          [2.0359e-01, 6.1285e-01, 2.0548e-01,  ..., 9.0288e-01,
           6.4615e-02, 9.6053e-01],
          [2.2975e-01, 6.5709e-01, 5.5652e-01,  ..., 7.9530e-01,
           7.2506e-01, 2.4939e-01]],

         [[1.2254e-01, 1.8227e-02, 1.8926e-01,  ..., 8.4334e-01,
           5.9249e-01, 2.3317e-01],
          [9.7785e-01, 6.8728e-01, 1.3057e-01,  ..., 9.6881e-01,
           8.7175e-01, 8.8823e-01],
          [2.9928e-01, 6.1734e-01, 6.8978e-01,  ..., 3.0829e-02,
           9.2696e-01, 7.1406e-01],
          ...,
          [8.2969e-01, 8.0172e-02, 4.6998e-02,  ..., 2.8526e-01,
           8.2681e-01, 8.3729e-01],
          [9.3310e-01, 5.7582e-01, 3.6646e-01,  ..., 7.6194e-01,
           6.3179e-01, 6.1316e-01],
          [9.1313e-02, 6.4908e-01, 5.5217e-01,  ..., 6.8007e-01,
           3.1621e-01, 7.2431e-01]],

         [[4.0720e-01, 1.8396e-01, 4.4057e-02,  ..., 2.4545e-01,
           1.8388e-02, 7.6331e-01],
          [3.0997e-01, 3.7318e-01, 4.3215e-01,  ..., 7.3417e-01,
           4.3262e-01, 4.3984e-01],
          [5.5975e-01, 9.7928e-01, 7.0165e-01,  ..., 2.5378e-01,
           3.8968e-01, 1.3647e-01],
          ...,
          [4.6758e-01, 9.5415e-01, 5.5688e-01,  ..., 5.3111e-01,
           8.9699e-01, 9.6823e-01],
          [9.4976e-01, 3.4966e-01, 5.8115e-01,  ..., 9.8873e-02,
           1.3150e-01, 1.3043e-01],
          [1.7685e-01, 5.7877e-02, 2.3765e-01,  ..., 3.8110e-01,
           1.7781e-01, 2.8134e-01]],

         ...,

         [[9.4103e-01, 7.1634e-01, 4.7541e-01,  ..., 2.3463e-01,
           1.3850e-01, 6.1623e-01],
          [9.6128e-01, 4.8545e-03, 1.4776e-01,  ..., 8.6399e-01,
           8.6262e-01, 7.2396e-01],
          [6.9595e-01, 9.0304e-01, 7.8748e-02,  ..., 7.8620e-01,
           4.4060e-01, 5.3837e-01],
          ...,
          [7.1088e-01, 3.1268e-01, 8.0070e-01,  ..., 3.3350e-01,
           7.0436e-02, 2.5207e-01],
          [3.5796e-01, 9.9495e-01, 8.8604e-01,  ..., 5.7492e-02,
           6.0980e-01, 8.3475e-01],
          [6.4810e-02, 3.7569e-01, 8.7996e-01,  ..., 8.8799e-01,
           6.4449e-01, 2.7235e-01]],

         [[5.1441e-01, 7.7959e-01, 7.2509e-01,  ..., 8.3011e-01,
           5.5703e-01, 8.3501e-02],
          [3.8176e-02, 2.3913e-01, 7.4938e-01,  ..., 8.9646e-02,
           8.9010e-01, 7.6702e-03],
          [5.4570e-01, 8.4395e-01, 1.9621e-01,  ..., 7.1865e-01,
           9.5057e-01, 8.3804e-01],
          ...,
          [4.2925e-01, 9.0453e-01, 3.0101e-01,  ..., 9.8594e-01,
           5.6540e-01, 4.7412e-01],
          [2.3549e-02, 1.9975e-01, 4.8823e-01,  ..., 1.5575e-01,
           5.8508e-01, 5.0161e-01],
          [4.6387e-01, 3.7476e-01, 8.5345e-01,  ..., 7.7067e-01,
           1.1553e-01, 7.4007e-01]],

         [[1.3706e-01, 5.6797e-01, 9.2190e-01,  ..., 8.3009e-01,
           8.3413e-01, 6.6347e-01],
          [7.1947e-01, 3.1056e-01, 6.2969e-02,  ..., 2.2774e-01,
           7.6260e-01, 3.8172e-01],
          [8.9771e-01, 8.4823e-01, 2.5391e-02,  ..., 8.7645e-01,
           8.1563e-01, 7.3381e-01],
          ...,
          [8.8362e-01, 1.7815e-01, 1.9820e-01,  ..., 1.8998e-01,
           1.3814e-01, 4.5829e-01],
          [2.9060e-01, 3.1714e-01, 8.8517e-01,  ..., 6.0661e-01,
           7.9375e-01, 1.5967e-01],
          [8.7050e-01, 8.2163e-01, 5.2423e-01,  ..., 5.3042e-04,
           7.4573e-01, 2.1071e-01]]],


        [[[5.4789e-01, 6.6246e-02, 4.6429e-01,  ..., 7.5300e-01,
           5.2363e-01, 8.5825e-01],
          [8.1500e-01, 4.4162e-01, 4.7130e-01,  ..., 7.2966e-01,
           6.1665e-01, 5.1464e-01],
          [8.5278e-01, 8.0123e-01, 9.2308e-01,  ..., 6.0540e-01,
           8.8530e-01, 6.9183e-01],
          ...,
          [5.8744e-01, 8.0096e-01, 9.7078e-01,  ..., 1.8054e-01,
           5.5657e-01, 2.2273e-01],
          [6.0131e-01, 1.2862e-01, 7.8393e-01,  ..., 3.2807e-01,
           2.0958e-02, 3.7102e-01],
          [3.8647e-01, 5.1409e-01, 8.5015e-01,  ..., 1.9809e-01,
           6.0076e-02, 5.5476e-01]],

         [[7.9006e-01, 9.5821e-02, 7.7080e-01,  ..., 4.6126e-02,
           9.3576e-01, 2.3257e-01],
          [3.6185e-01, 1.7152e-02, 5.2205e-01,  ..., 6.9412e-01,
           1.7366e-01, 8.7830e-01],
          [9.1310e-01, 9.4741e-01, 3.0929e-01,  ..., 8.2354e-01,
           2.8512e-01, 7.6160e-01],
          ...,
          [3.9745e-01, 1.9621e-01, 7.9912e-01,  ..., 2.8363e-01,
           8.1583e-01, 3.1787e-01],
          [2.2059e-02, 6.9066e-01, 3.0657e-01,  ..., 7.0196e-01,
           7.5471e-01, 8.8647e-01],
          [5.8995e-01, 4.4392e-01, 8.0348e-01,  ..., 7.9020e-01,
           6.4043e-01, 5.8186e-01]],

         [[2.6278e-01, 3.1532e-01, 6.4150e-01,  ..., 2.5282e-01,
           8.2924e-01, 5.1265e-01],
          [3.0792e-01, 8.6617e-01, 4.0167e-01,  ..., 6.6604e-02,
           9.8384e-01, 6.6823e-01],
          [5.0094e-01, 4.8682e-01, 2.1800e-01,  ..., 3.5817e-01,
           9.3310e-01, 1.5813e-01],
          ...,
          [5.6047e-01, 8.3418e-01, 4.1648e-01,  ..., 6.2314e-01,
           1.7543e-01, 6.9664e-01],
          [2.2769e-02, 2.0651e-01, 9.7997e-01,  ..., 8.8339e-01,
           6.3795e-01, 3.5419e-01],
          [5.8344e-01, 2.9815e-01, 7.4181e-01,  ..., 5.1768e-01,
           5.7024e-01, 2.0712e-02]],

         ...,

         [[5.6999e-01, 6.7720e-01, 1.7395e-01,  ..., 4.9694e-01,
           4.9773e-01, 3.4574e-01],
          [1.1772e-01, 5.5989e-01, 6.2606e-01,  ..., 4.8523e-01,
           7.1302e-01, 6.6070e-01],
          [9.5481e-01, 9.7485e-01, 9.6746e-01,  ..., 8.8215e-01,
           7.9967e-02, 7.3135e-01],
          ...,
          [8.6527e-01, 8.2753e-01, 1.7927e-01,  ..., 6.8999e-01,
           7.2936e-01, 2.7097e-01],
          [6.6369e-01, 9.4531e-01, 2.3940e-01,  ..., 4.2594e-01,
           9.8960e-01, 8.8144e-01],
          [8.0578e-01, 3.8861e-01, 4.4977e-01,  ..., 3.8336e-01,
           7.0836e-01, 4.0598e-01]],

         [[3.2650e-01, 3.5417e-01, 9.0555e-01,  ..., 1.5161e-01,
           3.8730e-01, 2.9748e-01],
          [3.6863e-01, 1.4396e-01, 3.3926e-01,  ..., 1.3954e-01,
           3.8024e-01, 2.1546e-01],
          [2.1627e-01, 6.7983e-01, 4.6990e-01,  ..., 4.8488e-01,
           4.1032e-01, 1.8595e-01],
          ...,
          [2.0055e-02, 3.2534e-02, 4.5292e-01,  ..., 9.0418e-01,
           8.6997e-02, 3.3702e-01],
          [7.8830e-03, 8.9593e-01, 4.4727e-01,  ..., 1.7214e-01,
           1.6186e-01, 9.6343e-01],
          [1.4748e-01, 6.0230e-01, 5.8302e-01,  ..., 7.8335e-01,
           7.9358e-01, 2.8004e-01]],

         [[3.1209e-01, 8.4827e-01, 7.3206e-01,  ..., 1.7699e-01,
           8.5223e-01, 3.3620e-01],
          [4.3619e-01, 1.9491e-01, 8.7663e-01,  ..., 9.3189e-01,
           1.2001e-01, 2.7995e-01],
          [1.5174e-01, 2.8590e-01, 8.0783e-01,  ..., 1.6396e-01,
           9.4735e-01, 6.4554e-02],
          ...,
          [2.0940e-02, 9.3245e-01, 3.3881e-01,  ..., 3.1347e-01,
           9.9177e-02, 2.3458e-01],
          [7.1470e-01, 7.4718e-02, 2.3122e-01,  ..., 6.0023e-01,
           3.8013e-01, 6.3004e-01],
          [6.9656e-01, 1.2857e-01, 6.7895e-01,  ..., 7.3121e-01,
           8.2497e-01, 4.1144e-02]]],


        [[[3.7742e-01, 5.7022e-01, 4.8930e-01,  ..., 3.1768e-01,
           2.1415e-02, 7.2047e-01],
          [1.2966e-01, 9.4777e-01, 8.2877e-01,  ..., 4.8046e-01,
           6.4024e-03, 4.1316e-01],
          [9.0683e-01, 2.9079e-03, 8.1135e-01,  ..., 5.8710e-01,
           7.3597e-01, 5.0430e-01],
          ...,
          [4.0376e-01, 5.7545e-01, 1.1895e-03,  ..., 8.8926e-01,
           4.9506e-01, 3.6082e-03],
          [4.0704e-01, 7.2293e-01, 7.7207e-01,  ..., 3.8233e-02,
           5.7211e-01, 6.0191e-01],
          [5.8655e-01, 7.1842e-01, 3.5487e-01,  ..., 1.2268e-01,
           5.7638e-01, 5.5315e-01]],

         [[3.0825e-02, 1.6110e-01, 6.5442e-01,  ..., 6.0628e-01,
           1.4683e-01, 8.8365e-01],
          [3.1957e-01, 4.0208e-01, 8.1184e-01,  ..., 3.8094e-02,
           1.4017e-01, 4.3889e-01],
          [3.3731e-01, 2.8179e-01, 3.1240e-01,  ..., 4.6199e-01,
           4.7703e-01, 4.1866e-01],
          ...,
          [1.0984e-01, 9.1570e-01, 5.9764e-01,  ..., 8.1206e-01,
           1.4651e-01, 5.1916e-01],
          [4.4151e-01, 1.7754e-01, 7.3599e-01,  ..., 2.4137e-01,
           9.1050e-01, 9.2850e-01],
          [1.8879e-01, 7.4867e-01, 6.6403e-01,  ..., 7.0519e-01,
           9.3787e-01, 9.1122e-01]],

         [[7.6183e-01, 1.7934e-01, 9.5913e-01,  ..., 7.5505e-01,
           5.4865e-01, 3.1487e-01],
          [6.4411e-01, 3.1068e-01, 6.6373e-01,  ..., 3.8346e-01,
           3.0425e-01, 9.9045e-02],
          [6.8221e-02, 8.8856e-01, 5.3054e-01,  ..., 9.4566e-02,
           3.2173e-01, 7.4721e-01],
          ...,
          [2.9650e-01, 5.3258e-02, 2.8845e-01,  ..., 2.4542e-01,
           3.9019e-01, 8.9768e-02],
          [7.4700e-02, 8.7375e-01, 3.7936e-01,  ..., 1.1148e-01,
           1.7857e-01, 9.3412e-01],
          [1.5653e-01, 2.6474e-01, 3.9380e-01,  ..., 6.3403e-01,
           5.2959e-01, 2.2751e-01]],

         ...,

         [[8.6348e-01, 9.2418e-01, 6.3209e-01,  ..., 9.1481e-01,
           1.6687e-01, 9.5500e-01],
          [8.5357e-01, 9.4955e-01, 1.7238e-01,  ..., 1.0348e-01,
           5.0595e-02, 5.8381e-01],
          [6.8269e-01, 4.4601e-01, 9.8551e-01,  ..., 5.7222e-01,
           3.2065e-01, 1.5518e-01],
          ...,
          [7.2436e-01, 6.7334e-01, 5.4761e-01,  ..., 1.7966e-01,
           1.6178e-01, 8.5567e-01],
          [6.4559e-01, 8.5095e-01, 4.4258e-01,  ..., 3.8955e-01,
           8.8018e-01, 5.7964e-01],
          [5.1208e-02, 1.4076e-01, 9.0607e-01,  ..., 7.2763e-01,
           8.1756e-01, 6.0705e-01]],

         [[8.2059e-01, 6.4243e-01, 2.1689e-01,  ..., 7.5384e-01,
           1.0700e-01, 9.5151e-01],
          [2.2263e-01, 4.0884e-01, 1.0196e-01,  ..., 8.0891e-01,
           3.8166e-01, 9.4342e-01],
          [9.1821e-01, 4.9458e-01, 3.3147e-01,  ..., 6.3864e-01,
           3.5797e-01, 7.9676e-01],
          ...,
          [5.3988e-01, 5.6341e-01, 6.9442e-01,  ..., 6.6047e-01,
           9.5164e-01, 9.9912e-01],
          [3.5883e-01, 1.6237e-01, 4.6031e-01,  ..., 3.0518e-01,
           1.8385e-01, 4.3911e-02],
          [6.6724e-01, 6.4793e-01, 1.0025e-01,  ..., 9.0963e-01,
           8.6868e-01, 5.2682e-01]],

         [[1.3441e-02, 9.2736e-01, 5.3180e-01,  ..., 5.1063e-01,
           1.3144e-01, 8.7669e-01],
          [5.4313e-01, 1.0575e-01, 8.1783e-01,  ..., 7.4247e-01,
           2.0287e-01, 6.1553e-01],
          [3.4519e-02, 4.2004e-01, 6.5922e-01,  ..., 1.9861e-01,
           3.6920e-01, 8.4425e-01],
          ...,
          [3.2541e-01, 4.7991e-01, 8.5469e-01,  ..., 9.5949e-02,
           6.6175e-01, 3.1890e-01],
          [7.1346e-01, 2.1910e-02, 1.9308e-01,  ..., 8.9368e-01,
           8.0943e-01, 9.7900e-01],
          [8.4140e-01, 2.1149e-01, 9.3998e-01,  ..., 3.2829e-01,
           5.3975e-01, 1.7818e-01]]]])
