tensor([[[[0.8146, 0.0576, 0.9334,  ..., 0.0212, 0.7422, 0.1563],
          [0.9550, 0.0439, 0.3877,  ..., 0.4237, 0.7933, 0.1628],
          [0.7453, 0.4793, 0.2834,  ..., 0.5673, 0.7990, 0.6109],
          ...,
          [0.0417, 0.8767, 0.1130,  ..., 0.8309, 0.5857, 0.7154],
          [0.0699, 0.6404, 0.5388,  ..., 0.7097, 0.1858, 0.6180],
          [0.9803, 0.5628, 0.2638,  ..., 0.2745, 0.4076, 0.1944]],

         [[0.7949, 0.3223, 0.2686,  ..., 0.1147, 0.3131, 0.2109],
          [0.0751, 0.3599, 0.4186,  ..., 0.6820, 0.8960, 0.6566],
          [0.9797, 0.4929, 0.0422,  ..., 0.4882, 0.3036, 0.5968],
          ...,
          [0.1004, 0.7275, 0.7210,  ..., 0.1217, 0.6465, 0.0577],
          [0.5741, 0.7482, 0.7521,  ..., 0.7379, 0.9295, 0.2724],
          [0.4090, 0.1959, 0.8242,  ..., 0.2616, 0.9186, 0.8932]],

         [[0.8137, 0.5850, 0.6155,  ..., 0.5529, 0.3004, 0.4624],
          [0.5442, 0.0564, 0.3535,  ..., 0.0032, 0.6591, 0.9443],
          [0.8808, 0.5534, 0.7442,  ..., 0.6517, 0.8641, 0.8226],
          ...,
          [0.4012, 0.9104, 0.1624,  ..., 0.6970, 0.6376, 0.3875],
          [0.3563, 0.9063, 0.8803,  ..., 0.0706, 0.7607, 0.8584],
          [0.4017, 0.4547, 0.6559,  ..., 0.3830, 0.5589, 0.0905]],

         ...,

         [[0.2963, 0.5794, 0.9241,  ..., 0.7482, 0.9767, 0.2278],
          [0.8482, 0.3019, 0.6406,  ..., 0.2220, 0.2218, 0.5507],
          [0.7987, 0.7564, 0.1215,  ..., 0.6263, 0.8234, 0.1542],
          ...,
          [0.6215, 0.7260, 0.3661,  ..., 0.2501, 0.6442, 0.1799],
          [0.7236, 0.1900, 0.5670,  ..., 0.6694, 0.0858, 0.5395],
          [0.8177, 0.4672, 0.7693,  ..., 0.9599, 0.1150, 0.7650]],

         [[0.2830, 0.7144, 0.2751,  ..., 0.2466, 0.6828, 0.6947],
          [0.7186, 0.3011, 0.5161,  ..., 0.3394, 0.7581, 0.0718],
          [0.7786, 0.3078, 0.4314,  ..., 0.7208, 0.3170, 0.1394],
          ...,
          [0.0748, 0.6329, 0.7588,  ..., 0.2641, 0.7920, 0.7711],
          [0.8390, 0.3382, 0.6996,  ..., 0.2541, 0.0732, 0.6081],
          [0.5582, 0.0410, 0.0922,  ..., 0.8184, 0.3025, 0.0705]],

         [[0.9208, 0.7623, 0.2700,  ..., 0.1939, 0.7172, 0.9281],
          [0.7664, 0.9471, 0.8850,  ..., 0.6166, 0.0386, 0.1212],
          [0.9136, 0.4243, 0.7786,  ..., 0.5690, 0.5510, 0.2791],
          ...,
          [0.2082, 0.8246, 0.9324,  ..., 0.7335, 0.9251, 0.3531],
          [0.4557, 0.0487, 0.0704,  ..., 0.4828, 0.7168, 0.7758],
          [0.5895, 0.5747, 0.9104,  ..., 0.7128, 0.3925, 0.2502]]],


        [[[0.7607, 0.5638, 0.3351,  ..., 0.0614, 0.5696, 0.1927],
          [0.9151, 0.6141, 0.3810,  ..., 0.4465, 0.3110, 0.4221],
          [0.3723, 0.1187, 0.6094,  ..., 0.0765, 0.1464, 0.6896],
          ...,
          [0.4720, 0.2533, 0.9345,  ..., 0.5589, 0.7754, 0.6007],
          [0.8238, 0.3583, 0.9228,  ..., 0.1097, 0.4020, 0.2734],
          [0.6822, 0.8465, 0.7798,  ..., 0.5095, 0.5711, 0.2872]],

         [[0.9389, 0.9113, 0.8387,  ..., 0.5842, 0.5587, 0.5543],
          [0.9775, 0.7856, 0.6366,  ..., 0.3345, 0.0548, 0.0494],
          [0.5635, 0.0026, 0.0344,  ..., 0.6414, 0.6146, 0.9211],
          ...,
          [0.8225, 0.7101, 0.9749,  ..., 0.8732, 0.7486, 0.7588],
          [0.8327, 0.1606, 0.4229,  ..., 0.5459, 0.1868, 0.4389],
          [0.9461, 0.4135, 0.1554,  ..., 0.0185, 0.6139, 0.3464]],

         [[0.1851, 0.2858, 0.9377,  ..., 0.9962, 0.4879, 0.0704],
          [0.3750, 0.9713, 0.8545,  ..., 0.8903, 0.6298, 0.7678],
          [0.2230, 0.1215, 0.6773,  ..., 0.5509, 0.3982, 0.7386],
          ...,
          [0.3722, 0.9139, 0.3555,  ..., 0.2679, 0.2317, 0.6081],
          [0.8191, 0.3111, 0.4741,  ..., 0.4785, 0.0333, 0.8330],
          [0.7691, 0.6206, 0.0821,  ..., 0.1624, 0.0514, 0.6131]],

         ...,

         [[0.8903, 0.1930, 0.9913,  ..., 0.3985, 0.6217, 0.6702],
          [0.6127, 0.6456, 0.8754,  ..., 0.9985, 0.9621, 0.3481],
          [0.5474, 0.7359, 0.0200,  ..., 0.6463, 0.4887, 0.9842],
          ...,
          [0.0613, 0.4929, 0.7142,  ..., 0.2004, 0.2575, 0.1219],
          [0.8938, 0.8879, 0.9946,  ..., 0.8380, 0.3990, 0.8698],
          [0.8964, 0.1168, 0.7482,  ..., 0.4903, 0.0426, 0.2435]],

         [[0.3611, 0.4514, 0.7855,  ..., 0.1178, 0.0663, 0.5038],
          [0.8743, 0.3208, 0.1861,  ..., 0.0966, 0.0970, 0.1112],
          [0.4583, 0.6390, 0.9924,  ..., 0.4676, 0.5142, 0.9029],
          ...,
          [0.5873, 0.5364, 0.9060,  ..., 0.4221, 0.7303, 0.5684],
          [0.9847, 0.5961, 0.8784,  ..., 0.1467, 0.8457, 0.7943],
          [0.6402, 0.9599, 0.6420,  ..., 0.4258, 0.9900, 0.9456]],

         [[0.7333, 0.5849, 0.6420,  ..., 0.7062, 0.7571, 0.2362],
          [0.8516, 0.4105, 0.2212,  ..., 0.4347, 0.4810, 0.1253],
          [0.8732, 0.6695, 0.4976,  ..., 0.0382, 0.7709, 0.0324],
          ...,
          [0.1617, 0.0067, 0.5539,  ..., 0.3765, 0.8192, 0.5446],
          [0.6444, 0.3638, 0.1746,  ..., 0.6903, 0.9509, 0.2352],
          [0.5099, 0.7400, 0.6008,  ..., 0.9110, 0.4905, 0.5410]]],


        [[[0.2913, 0.7888, 0.4515,  ..., 0.0438, 0.4638, 0.3980],
          [0.1433, 0.1481, 0.9009,  ..., 0.3716, 0.0496, 0.6506],
          [0.5118, 0.0402, 0.9267,  ..., 0.5329, 0.4431, 0.3964],
          ...,
          [0.4112, 0.1407, 0.9077,  ..., 0.8511, 0.3901, 0.0831],
          [0.6085, 0.8455, 0.4391,  ..., 0.6373, 0.7638, 0.2511],
          [0.6226, 0.5326, 0.7066,  ..., 0.9485, 0.3515, 0.3145]],

         [[0.9542, 0.7032, 0.8558,  ..., 0.3118, 0.3654, 0.3124],
          [0.9567, 0.4311, 0.0405,  ..., 0.5973, 0.3351, 0.5074],
          [0.6668, 0.3152, 0.7264,  ..., 0.2811, 0.4177, 0.1189],
          ...,
          [0.5095, 0.4071, 0.1675,  ..., 0.2964, 0.2365, 0.2815],
          [0.1167, 0.0270, 0.8945,  ..., 0.0511, 0.5168, 0.3042],
          [0.7977, 0.6658, 0.9134,  ..., 0.9111, 0.4730, 0.1814]],

         [[0.6701, 0.8934, 0.8581,  ..., 0.3606, 0.1047, 0.1430],
          [0.5933, 0.0974, 0.1951,  ..., 0.5720, 0.0102, 0.1397],
          [0.0857, 0.2019, 0.9752,  ..., 0.4096, 0.4875, 0.5618],
          ...,
          [0.6309, 0.6887, 0.0095,  ..., 0.3969, 0.7883, 0.0478],
          [0.7212, 0.7867, 0.3212,  ..., 0.6789, 0.7929, 0.7262],
          [0.0253, 0.7203, 0.5101,  ..., 0.0585, 0.0158, 0.0315]],

         ...,

         [[0.3729, 0.9779, 0.3631,  ..., 0.5261, 0.4587, 0.0517],
          [0.9507, 0.6709, 0.3968,  ..., 0.5297, 0.7011, 0.2157],
          [0.9288, 0.6767, 0.1999,  ..., 0.5372, 0.5945, 0.3777],
          ...,
          [0.9362, 0.9841, 0.2120,  ..., 0.5003, 0.9235, 0.7404],
          [0.6955, 0.7047, 0.7440,  ..., 0.4639, 0.0072, 0.2048],
          [0.5612, 0.0996, 0.9266,  ..., 0.9561, 0.1772, 0.0161]],

         [[0.9631, 0.3517, 0.3833,  ..., 0.7236, 0.1628, 0.9520],
          [0.6653, 0.5793, 0.9868,  ..., 0.1399, 0.5309, 0.5261],
          [0.3530, 0.1696, 0.0101,  ..., 0.2611, 0.3329, 0.9933],
          ...,
          [0.8091, 0.0012, 0.9103,  ..., 0.5600, 0.2893, 0.7611],
          [0.8807, 0.3829, 0.7580,  ..., 0.9858, 0.6334, 0.3247],
          [0.9584, 0.5026, 0.0549,  ..., 0.2056, 0.6977, 0.8860]],

         [[0.9201, 0.7485, 0.1342,  ..., 0.3143, 0.0650, 0.4158],
          [0.1331, 0.4336, 0.9110,  ..., 0.1104, 0.0380, 0.2740],
          [0.6428, 0.6525, 0.5770,  ..., 0.0397, 0.3692, 0.7507],
          ...,
          [0.0012, 0.4537, 0.7193,  ..., 0.2513, 0.0952, 0.5210],
          [0.0790, 0.2626, 0.1088,  ..., 0.5533, 0.3993, 0.9853],
          [0.7279, 0.7639, 0.5932,  ..., 0.2632, 0.1665, 0.6993]]],


        ...,


        [[[0.2118, 0.5684, 0.9542,  ..., 0.1618, 0.4506, 0.1157],
          [0.3870, 0.2861, 0.9040,  ..., 0.3109, 0.9336, 0.9003],
          [0.3151, 0.2251, 0.4381,  ..., 0.2600, 0.5481, 0.1423],
          ...,
          [0.9797, 0.5457, 0.6335,  ..., 0.6649, 0.3159, 0.8843],
          [0.2068, 0.5537, 0.1615,  ..., 0.6911, 0.8409, 0.7304],
          [0.3080, 0.8984, 0.4125,  ..., 0.1309, 0.8432, 0.6771]],

         [[0.2165, 0.1897, 0.3882,  ..., 0.3135, 0.6248, 0.3860],
          [0.4616, 0.4991, 0.2659,  ..., 0.7097, 0.5893, 0.1945],
          [0.0225, 0.6120, 0.1136,  ..., 0.7917, 0.5669, 0.2254],
          ...,
          [0.9976, 0.0890, 0.5592,  ..., 0.6998, 0.6693, 0.3765],
          [0.3361, 0.9470, 0.3863,  ..., 0.2891, 0.0531, 0.5570],
          [0.2753, 0.2736, 0.6762,  ..., 0.8166, 0.2321, 0.2358]],

         [[0.5257, 0.5338, 0.7744,  ..., 0.6703, 0.0869, 0.1375],
          [0.2481, 0.5967, 0.4402,  ..., 0.1224, 0.5476, 0.2964],
          [0.4145, 0.5571, 0.3357,  ..., 0.3500, 0.1558, 0.0077],
          ...,
          [0.2513, 0.4890, 0.1936,  ..., 0.6508, 0.6760, 0.4998],
          [0.7660, 0.9056, 0.6981,  ..., 0.1302, 0.2884, 0.7842],
          [0.7768, 0.6553, 0.2966,  ..., 0.2879, 0.5882, 0.1899]],

         ...,

         [[0.5135, 0.1213, 0.1630,  ..., 0.4406, 0.1599, 0.0782],
          [0.7457, 0.6253, 0.3742,  ..., 0.2914, 0.2354, 0.4084],
          [0.9263, 0.8343, 0.0385,  ..., 0.1242, 0.5740, 0.8299],
          ...,
          [0.6093, 0.1283, 0.9981,  ..., 0.7094, 0.3747, 0.2422],
          [0.0161, 0.4526, 0.6490,  ..., 0.5270, 0.1246, 0.5962],
          [0.2477, 0.4482, 0.3710,  ..., 0.7686, 0.0049, 0.3013]],

         [[0.1483, 0.0305, 0.8463,  ..., 0.0699, 0.3385, 0.9686],
          [0.9840, 0.5944, 0.6343,  ..., 0.7131, 0.6598, 0.2343],
          [0.3287, 0.0032, 0.4987,  ..., 0.6112, 0.3993, 0.7190],
          ...,
          [0.4932, 0.3904, 0.3083,  ..., 0.8665, 0.9097, 0.0848],
          [0.0551, 0.1279, 0.2425,  ..., 0.1676, 0.0019, 0.6384],
          [0.2605, 0.1768, 0.4673,  ..., 0.1736, 0.7383, 0.5869]],

         [[0.7152, 0.8556, 0.7473,  ..., 0.4787, 0.8730, 0.3124],
          [0.2182, 0.7973, 0.6600,  ..., 0.1507, 0.4719, 0.2805],
          [0.2452, 0.6476, 0.2931,  ..., 0.9174, 0.5502, 0.1438],
          ...,
          [0.7128, 0.3677, 0.8002,  ..., 0.4084, 0.8051, 0.0387],
          [0.2796, 0.4183, 0.3118,  ..., 0.4377, 0.1383, 0.3200],
          [0.1778, 0.5587, 0.7513,  ..., 0.2101, 0.7626, 0.3479]]],


        [[[0.3185, 0.2115, 0.0309,  ..., 0.8794, 0.7365, 0.4122],
          [0.4111, 0.7415, 0.0430,  ..., 0.6622, 0.1300, 0.9048],
          [0.5632, 0.6828, 0.6086,  ..., 0.9849, 0.7735, 0.9535],
          ...,
          [0.4160, 0.5683, 0.2091,  ..., 0.3610, 0.8889, 0.5187],
          [0.0227, 0.9392, 0.8524,  ..., 0.4454, 0.4709, 0.7956],
          [0.9897, 0.5993, 0.8199,  ..., 0.9969, 0.4674, 0.4798]],

         [[0.1764, 0.6554, 0.4147,  ..., 0.0513, 0.3918, 0.8912],
          [0.7366, 0.8680, 0.9082,  ..., 0.5491, 0.2078, 0.0946],
          [0.7565, 0.2543, 0.3382,  ..., 0.7883, 0.0388, 0.3434],
          ...,
          [0.5398, 0.3968, 0.4349,  ..., 0.2613, 0.7686, 0.7013],
          [0.9283, 0.9010, 0.5184,  ..., 0.8734, 0.7615, 0.6528],
          [0.6098, 0.0391, 0.4626,  ..., 0.6387, 0.1778, 0.2819]],

         [[0.4717, 0.6353, 0.1442,  ..., 0.7757, 0.7135, 0.9104],
          [0.3351, 0.0395, 0.1015,  ..., 0.0120, 0.8737, 0.7146],
          [0.8897, 0.4914, 0.8680,  ..., 0.1346, 0.8676, 0.0744],
          ...,
          [0.8850, 0.7440, 0.7241,  ..., 0.1105, 0.0778, 0.6613],
          [0.7087, 0.5371, 0.4905,  ..., 0.6912, 0.4626, 0.4586],
          [0.2454, 0.1906, 0.5669,  ..., 0.0036, 0.3153, 0.1573]],

         ...,

         [[0.2352, 0.0199, 0.3023,  ..., 0.6022, 0.7970, 0.3976],
          [0.9817, 0.1302, 0.9707,  ..., 0.2494, 0.5600, 0.2496],
          [0.3774, 0.0125, 0.5736,  ..., 0.7628, 0.0215, 0.5803],
          ...,
          [0.4105, 0.1092, 0.9171,  ..., 0.6455, 0.4839, 0.5121],
          [0.5581, 0.9481, 0.9608,  ..., 0.9186, 0.6201, 0.0826],
          [0.8235, 0.3941, 0.3943,  ..., 0.8021, 0.3833, 0.6002]],

         [[0.7743, 0.5509, 0.3003,  ..., 0.2420, 0.2885, 0.8312],
          [0.2685, 0.7923, 0.4918,  ..., 0.1343, 0.1581, 0.9440],
          [0.4137, 0.0094, 0.8069,  ..., 0.4319, 0.6072, 0.2219],
          ...,
          [0.5538, 0.2515, 0.6119,  ..., 0.4252, 0.7370, 0.1300],
          [0.6258, 0.7151, 0.4041,  ..., 0.7980, 0.6171, 0.3219],
          [0.3243, 0.2007, 0.9501,  ..., 0.0948, 0.8527, 0.6571]],

         [[0.1478, 0.6796, 0.6331,  ..., 0.6056, 0.8037, 0.2757],
          [0.4776, 0.6176, 0.0624,  ..., 0.6608, 0.4824, 0.7333],
          [0.0141, 0.9111, 0.3836,  ..., 0.9723, 0.8822, 0.4826],
          ...,
          [0.2439, 0.0168, 0.8750,  ..., 0.0927, 0.6223, 0.9446],
          [0.2014, 0.6511, 0.1079,  ..., 0.9345, 0.9648, 0.8926],
          [0.9878, 0.5342, 0.2673,  ..., 0.7247, 0.1640, 0.2164]]],


        [[[0.2435, 0.2872, 0.1893,  ..., 0.3273, 0.3007, 0.7790],
          [0.6990, 0.1890, 0.5142,  ..., 0.6425, 0.0947, 0.0209],
          [0.3091, 0.5731, 0.7245,  ..., 0.6592, 0.0410, 0.8314],
          ...,
          [0.6400, 0.2234, 0.3153,  ..., 0.4570, 0.5158, 0.8067],
          [0.6755, 0.7147, 0.5754,  ..., 0.7586, 0.1317, 0.9351],
          [0.2201, 0.0812, 0.5546,  ..., 0.3857, 0.4631, 0.9923]],

         [[0.5300, 0.6416, 0.2613,  ..., 0.8839, 0.0097, 0.7976],
          [0.7399, 0.0516, 0.3569,  ..., 0.0964, 0.8114, 0.9606],
          [0.3547, 0.2573, 0.9763,  ..., 0.5210, 0.4872, 0.5903],
          ...,
          [0.8502, 0.9543, 0.8256,  ..., 0.3142, 0.7721, 0.8195],
          [0.9703, 0.4029, 0.1870,  ..., 0.0700, 0.1891, 0.3682],
          [0.2596, 0.4889, 0.4698,  ..., 0.7373, 0.4994, 0.4953]],

         [[0.9994, 0.4703, 0.2585,  ..., 0.0131, 0.9298, 0.4324],
          [0.6106, 0.1833, 0.3078,  ..., 0.0389, 0.3835, 0.2053],
          [0.2527, 0.0911, 0.4805,  ..., 0.2923, 0.4720, 0.9557],
          ...,
          [0.7238, 0.6044, 0.9935,  ..., 0.7843, 0.7539, 0.6252],
          [0.1869, 0.0165, 0.0068,  ..., 0.8456, 0.9113, 0.4801],
          [0.1116, 0.9647, 0.8628,  ..., 0.1100, 0.8547, 0.5244]],

         ...,

         [[0.4950, 0.2156, 0.7285,  ..., 0.0693, 0.3626, 0.7102],
          [0.3689, 0.7149, 0.5871,  ..., 0.6014, 0.5375, 0.5980],
          [0.9721, 0.2980, 0.2413,  ..., 0.5406, 0.7581, 0.9654],
          ...,
          [0.3354, 0.1066, 0.4391,  ..., 0.2807, 0.5503, 0.5196],
          [0.3116, 0.7971, 0.2749,  ..., 0.2987, 0.0767, 0.0955],
          [0.3078, 0.9167, 0.1662,  ..., 0.7860, 0.8636, 0.1733]],

         [[0.1917, 0.3744, 0.0018,  ..., 0.2229, 0.0421, 0.0532],
          [0.7359, 0.1909, 0.2654,  ..., 0.0962, 0.3694, 0.3554],
          [0.4885, 0.5749, 0.2462,  ..., 0.0573, 0.8824, 0.9887],
          ...,
          [0.5875, 0.5011, 0.4446,  ..., 0.7120, 0.7376, 0.8579],
          [0.1599, 0.2771, 0.4643,  ..., 0.0841, 0.3512, 0.7458],
          [0.8012, 0.4227, 0.4974,  ..., 0.4004, 0.4656, 0.4665]],

         [[0.6940, 0.2246, 0.9526,  ..., 0.9203, 0.0195, 0.3214],
          [0.1583, 0.0274, 0.3494,  ..., 0.2110, 0.5169, 0.9923],
          [0.7880, 0.4335, 0.5838,  ..., 0.1587, 0.8079, 0.8604],
          ...,
          [0.0856, 0.6312, 0.6631,  ..., 0.8943, 0.8713, 0.8253],
          [0.3421, 0.1259, 0.4949,  ..., 0.6966, 0.3272, 0.8227],
          [0.3609, 0.2743, 0.0712,  ..., 0.1116, 0.3133, 0.1926]]]])
