tensor([[[[6.8691e-01, 7.4653e-01, 2.2002e-01,  ..., 4.3994e-01,
           6.4133e-01, 9.5063e-01],
          [6.2204e-01, 7.0407e-01, 9.6780e-01,  ..., 3.7020e-01,
           8.1498e-01, 1.7172e-02],
          [9.1984e-01, 6.5013e-01, 9.8880e-02,  ..., 8.8339e-01,
           9.9423e-01, 3.6394e-01],
          ...,
          [5.6900e-01, 6.9352e-01, 9.1685e-02,  ..., 5.1464e-02,
           1.0402e-01, 9.3902e-01],
          [3.8909e-01, 9.4395e-01, 7.1014e-01,  ..., 2.4034e-01,
           4.5098e-02, 9.4323e-01],
          [2.9391e-01, 8.0396e-01, 4.3408e-01,  ..., 9.2998e-01,
           5.6879e-01, 2.1272e-01]],

         [[4.9917e-02, 8.9253e-01, 5.1602e-01,  ..., 8.9293e-01,
           6.6975e-01, 8.8626e-01],
          [4.0537e-01, 3.3880e-01, 5.9501e-01,  ..., 5.9585e-01,
           8.6037e-02, 9.3588e-02],
          [6.5106e-01, 5.9989e-01, 4.7732e-01,  ..., 9.6576e-01,
           2.9483e-01, 8.3967e-01],
          ...,
          [7.7859e-01, 9.2596e-01, 4.4291e-02,  ..., 4.3723e-01,
           5.0170e-02, 8.5378e-01],
          [8.2452e-01, 6.0082e-01, 2.8747e-01,  ..., 7.1934e-01,
           2.0072e-01, 9.5572e-01],
          [8.2616e-01, 1.3926e-01, 9.2945e-01,  ..., 1.2294e-01,
           9.0199e-01, 2.6349e-01]],

         [[6.3382e-01, 1.2843e-01, 3.3506e-01,  ..., 8.0986e-01,
           6.2145e-01, 8.7816e-01],
          [4.4725e-01, 1.1752e-01, 6.4349e-01,  ..., 7.8683e-01,
           6.4981e-01, 8.5613e-01],
          [9.4785e-01, 3.0095e-01, 4.7853e-01,  ..., 4.9238e-01,
           6.2688e-01, 2.3214e-01],
          ...,
          [8.0616e-01, 4.6739e-02, 6.0401e-01,  ..., 4.6545e-01,
           1.3541e-01, 1.1605e-01],
          [3.3583e-01, 7.2215e-01, 6.6040e-01,  ..., 1.2581e-01,
           9.2904e-01, 2.4722e-01],
          [8.0175e-01, 2.4707e-01, 7.8702e-01,  ..., 5.0067e-01,
           5.9960e-01, 4.0611e-01]],

         ...,

         [[2.6109e-01, 7.6901e-01, 9.6706e-01,  ..., 9.6896e-01,
           2.7346e-02, 8.0387e-02],
          [7.2117e-01, 8.9377e-01, 5.2496e-01,  ..., 1.7625e-01,
           9.4082e-02, 1.3967e-02],
          [7.9705e-01, 9.5108e-01, 1.5310e-01,  ..., 4.5984e-01,
           9.7614e-01, 6.8970e-01],
          ...,
          [4.8552e-01, 9.1752e-01, 8.6877e-02,  ..., 2.4537e-02,
           3.4553e-01, 6.4247e-01],
          [3.7105e-01, 7.4171e-01, 5.2195e-01,  ..., 1.7397e-01,
           4.7207e-01, 2.8130e-01],
          [1.4134e-01, 3.5458e-01, 5.8121e-01,  ..., 2.6390e-01,
           3.5743e-01, 6.7565e-01]],

         [[3.3114e-01, 1.4611e-01, 6.6722e-01,  ..., 8.4966e-01,
           4.2670e-01, 7.6017e-01],
          [4.9910e-01, 9.0873e-01, 6.4717e-01,  ..., 1.5281e-01,
           4.5602e-01, 5.6753e-01],
          [9.4834e-01, 2.5726e-01, 1.3924e-02,  ..., 3.4069e-01,
           8.2356e-01, 1.3719e-02],
          ...,
          [2.7482e-01, 9.9015e-01, 5.6125e-02,  ..., 2.1081e-01,
           2.9624e-02, 6.7839e-01],
          [3.2689e-01, 9.5939e-01, 7.6742e-01,  ..., 4.2940e-01,
           5.7332e-01, 5.2112e-01],
          [2.9345e-01, 3.6382e-01, 8.0102e-01,  ..., 6.2309e-01,
           7.0989e-01, 4.6409e-01]],

         [[3.7629e-01, 8.7420e-01, 9.0879e-01,  ..., 8.1081e-01,
           9.7412e-02, 5.2667e-01],
          [8.8572e-01, 1.4814e-01, 6.5853e-01,  ..., 3.3395e-01,
           2.6532e-01, 4.4839e-01],
          [9.2572e-01, 4.7959e-02, 8.0279e-01,  ..., 5.1066e-01,
           6.1804e-01, 1.3237e-01],
          ...,
          [6.1464e-01, 2.8829e-02, 7.6145e-01,  ..., 5.7690e-01,
           2.1272e-01, 9.4649e-01],
          [3.0025e-02, 1.7105e-01, 4.0868e-01,  ..., 6.3235e-01,
           7.9124e-01, 3.1363e-01],
          [3.1169e-02, 9.0553e-01, 4.0966e-01,  ..., 4.8214e-01,
           3.8229e-01, 5.9938e-01]]],


        [[[3.0484e-02, 4.4694e-01, 2.0904e-01,  ..., 9.6757e-03,
           7.2219e-02, 6.3934e-01],
          [2.5967e-01, 5.8208e-01, 6.8145e-01,  ..., 8.4072e-01,
           2.1836e-03, 2.9828e-01],
          [3.6196e-01, 2.7971e-01, 8.9959e-01,  ..., 5.2771e-02,
           4.0595e-01, 2.0490e-01],
          ...,
          [6.9601e-01, 3.3196e-01, 4.6962e-01,  ..., 1.3383e-01,
           4.5695e-01, 6.6290e-02],
          [2.9034e-02, 7.5666e-03, 9.7694e-01,  ..., 4.0289e-02,
           1.3300e-01, 8.6608e-01],
          [2.6142e-01, 2.5762e-01, 7.8443e-01,  ..., 2.9306e-01,
           4.5717e-01, 8.9236e-01]],

         [[2.7231e-02, 7.1838e-01, 4.6761e-01,  ..., 2.1392e-01,
           6.3683e-01, 8.0839e-01],
          [8.2840e-01, 3.5658e-01, 8.0615e-01,  ..., 3.6702e-01,
           5.7159e-01, 6.4346e-01],
          [1.1153e-01, 1.1621e-02, 2.9463e-01,  ..., 4.3040e-01,
           8.7650e-01, 8.2075e-01],
          ...,
          [2.6922e-01, 2.3185e-01, 7.7679e-01,  ..., 7.8695e-01,
           7.5897e-01, 8.6888e-01],
          [6.4899e-01, 6.5188e-01, 2.5217e-01,  ..., 6.8526e-01,
           6.0834e-01, 2.2081e-01],
          [5.7743e-01, 3.7858e-01, 5.7530e-01,  ..., 6.8431e-02,
           2.8339e-01, 9.2976e-01]],

         [[1.3291e-02, 1.2920e-01, 7.3405e-01,  ..., 9.8269e-01,
           6.3196e-01, 8.3039e-01],
          [8.7587e-01, 5.4197e-01, 8.8203e-01,  ..., 9.7813e-01,
           6.8051e-02, 3.3327e-01],
          [3.0603e-01, 3.1994e-01, 6.9166e-01,  ..., 8.6116e-01,
           7.5924e-01, 5.7272e-01],
          ...,
          [7.4852e-01, 2.9722e-01, 9.8508e-01,  ..., 8.0078e-01,
           1.0343e-02, 3.2659e-01],
          [5.0579e-01, 4.8614e-01, 9.2304e-01,  ..., 6.7639e-01,
           8.1964e-01, 7.5664e-01],
          [8.2028e-04, 7.2727e-01, 7.4878e-01,  ..., 9.7599e-01,
           1.5870e-01, 7.6952e-01]],

         ...,

         [[8.2375e-01, 1.1991e-01, 5.5407e-01,  ..., 5.6772e-01,
           2.0377e-02, 8.0479e-02],
          [3.2425e-01, 8.9503e-01, 9.2811e-01,  ..., 6.9488e-01,
           8.5616e-01, 3.6449e-01],
          [6.7299e-02, 5.0184e-01, 7.6752e-01,  ..., 2.8105e-01,
           3.6800e-01, 4.1825e-01],
          ...,
          [1.0109e-01, 2.2415e-01, 2.2605e-01,  ..., 7.2251e-01,
           6.2100e-03, 1.5681e-01],
          [7.2795e-01, 2.0837e-01, 5.9362e-01,  ..., 8.4398e-01,
           1.6265e-01, 3.0280e-01],
          [1.3220e-01, 4.9630e-01, 2.7134e-01,  ..., 3.0442e-01,
           1.7214e-02, 5.6888e-01]],

         [[6.8002e-02, 3.4670e-01, 5.2589e-01,  ..., 5.6382e-01,
           9.7186e-01, 6.1930e-01],
          [4.9523e-01, 6.6163e-01, 4.6605e-02,  ..., 5.4089e-01,
           3.0855e-01, 2.9524e-01],
          [4.5584e-01, 8.7352e-01, 1.8706e-02,  ..., 4.0479e-01,
           3.8567e-01, 8.9468e-01],
          ...,
          [4.0608e-01, 9.6756e-01, 6.2687e-01,  ..., 5.0272e-01,
           8.4729e-02, 1.1909e-01],
          [9.7024e-01, 1.6239e-01, 4.2053e-01,  ..., 6.5004e-01,
           8.5488e-01, 6.1585e-01],
          [6.1714e-01, 1.2974e-01, 2.3017e-02,  ..., 9.1904e-01,
           5.8196e-01, 2.0793e-01]],

         [[1.7533e-01, 5.8191e-01, 7.4634e-01,  ..., 4.9397e-01,
           7.6724e-01, 7.2028e-01],
          [6.1754e-01, 5.0397e-01, 1.4156e-01,  ..., 4.5742e-01,
           1.4040e-01, 6.1983e-01],
          [3.8612e-01, 1.2855e-01, 1.5467e-01,  ..., 1.5519e-02,
           9.9470e-01, 8.2040e-01],
          ...,
          [7.4360e-01, 6.3643e-01, 3.8451e-02,  ..., 1.3455e-02,
           8.4467e-01, 3.2985e-01],
          [6.1091e-01, 8.5699e-01, 1.1805e-01,  ..., 3.1738e-01,
           8.9483e-02, 1.1857e-01],
          [5.3147e-01, 8.7742e-01, 2.9673e-01,  ..., 3.6479e-01,
           1.0178e-01, 1.8511e-01]]],


        [[[1.9489e-01, 1.9277e-01, 1.9560e-01,  ..., 2.1614e-01,
           9.6816e-01, 4.7888e-01],
          [2.9831e-01, 1.1474e-01, 3.1020e-01,  ..., 3.7266e-01,
           1.2482e-01, 9.0600e-01],
          [1.6654e-01, 9.7038e-01, 2.1359e-01,  ..., 9.8055e-01,
           9.4720e-01, 4.6522e-01],
          ...,
          [9.1532e-01, 7.1079e-01, 8.2049e-02,  ..., 9.8913e-02,
           5.2579e-02, 2.9203e-01],
          [5.3197e-01, 9.8143e-01, 1.3675e-01,  ..., 9.8409e-01,
           9.5105e-01, 8.1125e-01],
          [2.1336e-01, 3.2460e-01, 6.0919e-01,  ..., 1.4142e-01,
           8.5353e-01, 1.6775e-01]],

         [[5.1787e-01, 4.6967e-01, 1.1653e-01,  ..., 9.5029e-01,
           8.9830e-01, 4.1447e-01],
          [8.5619e-01, 5.7491e-01, 1.5662e-01,  ..., 1.7837e-02,
           8.4715e-01, 2.7632e-01],
          [8.6918e-01, 2.1680e-01, 8.9972e-01,  ..., 5.6858e-01,
           7.0325e-02, 4.4690e-01],
          ...,
          [4.6761e-01, 8.7924e-01, 2.7249e-01,  ..., 3.2603e-01,
           2.3237e-01, 5.0770e-01],
          [1.9183e-01, 8.4364e-01, 6.8638e-01,  ..., 3.2484e-01,
           6.9894e-02, 4.0459e-02],
          [9.3641e-01, 3.3811e-01, 5.0474e-01,  ..., 2.5557e-01,
           2.1555e-01, 9.7359e-01]],

         [[1.7202e-01, 6.6047e-01, 8.2645e-01,  ..., 1.2141e-01,
           6.2585e-01, 5.3567e-01],
          [1.2767e-01, 9.0890e-01, 3.6073e-01,  ..., 5.2473e-01,
           3.7221e-02, 2.4920e-01],
          [4.5423e-02, 5.4231e-01, 9.9856e-01,  ..., 9.3839e-01,
           5.1121e-01, 7.1957e-01],
          ...,
          [1.7971e-01, 7.6647e-01, 2.8871e-01,  ..., 9.9485e-01,
           3.8350e-01, 1.4818e-01],
          [3.0739e-01, 9.8065e-01, 1.7343e-01,  ..., 4.7217e-01,
           5.3845e-02, 3.1923e-01],
          [9.5635e-01, 1.5405e-01, 2.6090e-01,  ..., 3.0854e-01,
           1.7596e-01, 6.8855e-01]],

         ...,

         [[5.4053e-01, 5.4972e-01, 6.9604e-01,  ..., 9.2558e-01,
           4.1039e-01, 6.9878e-01],
          [6.2183e-01, 1.9104e-01, 9.9324e-01,  ..., 5.5929e-01,
           5.0448e-02, 7.2661e-01],
          [3.5887e-01, 9.2847e-01, 7.4039e-01,  ..., 5.8232e-01,
           5.9119e-02, 8.7523e-01],
          ...,
          [6.2486e-01, 2.1424e-01, 6.8808e-01,  ..., 9.3530e-01,
           5.0404e-01, 8.7582e-01],
          [1.3013e-01, 8.5841e-01, 7.5478e-02,  ..., 1.2731e-02,
           2.2206e-01, 1.4155e-01],
          [9.1119e-01, 2.4571e-01, 8.6100e-01,  ..., 5.0401e-01,
           4.0363e-01, 9.3316e-01]],

         [[2.3099e-01, 4.4252e-01, 8.8965e-01,  ..., 7.2662e-01,
           9.9282e-01, 8.3651e-01],
          [6.2914e-01, 5.1620e-01, 4.2200e-01,  ..., 2.5625e-01,
           8.8850e-01, 6.7554e-01],
          [1.7092e-01, 1.8084e-01, 6.4525e-01,  ..., 2.1742e-02,
           1.0851e-01, 3.2814e-01],
          ...,
          [2.9866e-01, 2.3734e-01, 8.4629e-01,  ..., 1.0776e-01,
           3.1777e-01, 2.0633e-01],
          [4.3990e-01, 4.5138e-01, 5.7913e-01,  ..., 9.7107e-01,
           2.3909e-01, 7.0956e-01],
          [1.0298e-01, 3.1965e-01, 9.3488e-01,  ..., 7.6551e-01,
           1.6505e-01, 8.6418e-01]],

         [[5.3331e-01, 7.9176e-01, 4.4854e-01,  ..., 5.7274e-01,
           2.2200e-02, 9.5947e-01],
          [4.0478e-01, 5.3795e-01, 2.9849e-01,  ..., 1.9662e-01,
           7.3155e-01, 8.0605e-01],
          [4.0140e-01, 6.8533e-02, 1.0190e-01,  ..., 9.2467e-01,
           9.7325e-01, 8.1384e-01],
          ...,
          [7.5342e-01, 1.8688e-03, 9.0530e-01,  ..., 5.1974e-01,
           5.1207e-01, 8.8142e-01],
          [9.4093e-01, 6.7896e-01, 7.8584e-01,  ..., 4.3782e-02,
           8.5541e-01, 8.1926e-02],
          [2.0354e-01, 9.5833e-01, 3.8024e-01,  ..., 9.5419e-02,
           2.6900e-01, 1.7738e-01]]],


        ...,


        [[[4.2835e-01, 6.8534e-01, 4.2971e-01,  ..., 5.6232e-01,
           1.3315e-02, 7.4835e-01],
          [4.1981e-02, 1.0048e-01, 9.4682e-01,  ..., 9.5651e-01,
           9.6956e-01, 3.2472e-01],
          [2.7683e-01, 8.1851e-01, 9.3688e-01,  ..., 1.8382e-01,
           1.3329e-01, 9.8247e-01],
          ...,
          [2.6664e-01, 5.5034e-01, 7.8477e-01,  ..., 6.7114e-01,
           9.2849e-01, 2.8331e-01],
          [5.7143e-01, 2.6585e-01, 6.9350e-01,  ..., 4.1008e-01,
           7.4408e-01, 7.1635e-01],
          [8.5508e-01, 2.1057e-01, 4.1691e-01,  ..., 3.1035e-01,
           3.1101e-01, 6.8023e-01]],

         [[1.2713e-01, 6.1742e-01, 1.8640e-01,  ..., 8.9524e-01,
           9.0741e-01, 9.4000e-03],
          [5.2526e-02, 4.1106e-01, 5.9150e-01,  ..., 3.2410e-01,
           7.5958e-02, 4.4415e-01],
          [8.2911e-01, 4.6285e-01, 3.2404e-01,  ..., 6.9885e-01,
           4.2128e-01, 6.6695e-01],
          ...,
          [4.5238e-01, 7.1672e-01, 7.7772e-04,  ..., 7.9247e-01,
           5.2105e-01, 6.1416e-01],
          [5.0744e-01, 9.3832e-01, 2.8152e-01,  ..., 8.6327e-01,
           8.8251e-01, 2.2177e-01],
          [5.5821e-01, 1.4716e-01, 1.1445e-01,  ..., 9.7926e-01,
           1.2955e-02, 6.2304e-01]],

         [[4.2720e-01, 1.6741e-01, 2.7652e-01,  ..., 9.0359e-01,
           3.3696e-01, 1.3230e-01],
          [3.5867e-01, 6.8837e-01, 4.9587e-01,  ..., 2.8540e-01,
           6.7024e-01, 9.5113e-01],
          [1.0582e-02, 2.6516e-01, 7.8377e-01,  ..., 8.8983e-01,
           5.1253e-01, 2.5857e-01],
          ...,
          [8.5502e-01, 5.2932e-02, 9.3163e-01,  ..., 9.2371e-01,
           7.6645e-02, 8.7974e-01],
          [1.2035e-01, 6.6596e-01, 7.7708e-01,  ..., 6.0185e-01,
           9.4107e-02, 4.9375e-01],
          [5.6103e-01, 1.6345e-01, 8.5851e-02,  ..., 9.6102e-01,
           5.5825e-01, 5.2435e-01]],

         ...,

         [[1.5761e-01, 6.7790e-01, 9.6401e-02,  ..., 7.3372e-01,
           6.7568e-02, 1.7327e-01],
          [3.1602e-01, 7.3993e-01, 4.4887e-01,  ..., 1.9807e-01,
           7.9359e-01, 6.6549e-01],
          [1.7039e-01, 1.0947e-02, 2.1950e-01,  ..., 6.9241e-01,
           6.3701e-01, 2.3158e-01],
          ...,
          [1.1534e-01, 7.0492e-01, 6.9005e-01,  ..., 2.9390e-01,
           9.2254e-01, 3.4954e-01],
          [6.9096e-01, 3.9360e-01, 1.8404e-01,  ..., 2.5935e-01,
           8.3091e-01, 3.7691e-01],
          [2.0529e-01, 4.3516e-02, 7.9809e-01,  ..., 8.0376e-01,
           3.2433e-01, 8.0788e-01]],

         [[1.2765e-01, 3.6498e-01, 5.5763e-01,  ..., 3.9069e-01,
           8.1577e-01, 7.7399e-01],
          [7.3757e-01, 6.3170e-01, 7.2174e-02,  ..., 4.2473e-01,
           5.6843e-01, 1.4661e-01],
          [3.9614e-01, 7.3200e-01, 2.7119e-01,  ..., 9.9965e-01,
           5.9917e-02, 1.8799e-01],
          ...,
          [1.4448e-01, 4.9231e-01, 3.9134e-01,  ..., 8.2623e-01,
           3.7064e-01, 2.3146e-01],
          [4.4413e-02, 1.5017e-01, 2.7727e-01,  ..., 1.7429e-01,
           8.4676e-01, 9.3262e-01],
          [6.9360e-01, 2.8399e-01, 6.7124e-01,  ..., 4.9099e-01,
           5.0771e-02, 7.0485e-01]],

         [[8.8515e-01, 9.5862e-01, 1.0089e-01,  ..., 6.3661e-01,
           2.4323e-01, 9.3557e-01],
          [7.7866e-01, 1.6471e-01, 6.0463e-01,  ..., 7.8580e-01,
           2.0273e-02, 7.0435e-02],
          [2.3946e-01, 9.3795e-01, 6.9587e-01,  ..., 1.4814e-01,
           6.5250e-01, 2.5899e-03],
          ...,
          [5.5373e-01, 5.6314e-01, 1.5605e-02,  ..., 7.7715e-01,
           7.4420e-01, 3.2325e-01],
          [8.5225e-01, 2.8053e-01, 6.4966e-01,  ..., 4.3711e-01,
           6.5114e-02, 1.5991e-01],
          [4.7622e-01, 4.1401e-01, 5.4886e-01,  ..., 4.2278e-01,
           4.2402e-01, 4.1684e-02]]],


        [[[4.0958e-02, 2.0960e-01, 7.7871e-01,  ..., 4.7376e-01,
           5.2357e-01, 6.9780e-01],
          [7.5294e-01, 7.3210e-01, 2.7331e-01,  ..., 5.0712e-01,
           5.2359e-01, 8.0578e-01],
          [8.6162e-01, 1.4500e-02, 5.2570e-01,  ..., 4.5389e-01,
           2.4194e-01, 5.5334e-01],
          ...,
          [2.2824e-01, 2.9135e-03, 1.7955e-02,  ..., 2.6438e-01,
           2.1692e-02, 6.8146e-01],
          [7.2613e-01, 5.6825e-01, 3.0380e-01,  ..., 4.5845e-01,
           6.0683e-01, 4.5204e-01],
          [7.4593e-01, 6.3279e-02, 9.5679e-02,  ..., 3.8833e-01,
           1.5107e-01, 8.1794e-02]],

         [[8.7548e-01, 2.6274e-01, 8.9573e-01,  ..., 9.9041e-02,
           9.7611e-01, 6.1003e-01],
          [9.8035e-01, 1.1170e-01, 1.9873e-01,  ..., 4.3767e-01,
           9.5794e-01, 3.3887e-01],
          [6.1535e-01, 8.3194e-01, 8.2015e-01,  ..., 9.1684e-02,
           7.9362e-01, 9.1531e-02],
          ...,
          [4.5355e-01, 7.8822e-01, 9.4409e-01,  ..., 5.7436e-01,
           3.1518e-01, 6.6105e-01],
          [1.2398e-01, 5.4905e-01, 4.0861e-01,  ..., 9.3929e-01,
           4.6361e-01, 8.9716e-02],
          [3.7642e-01, 6.4188e-01, 9.9298e-01,  ..., 2.3635e-01,
           1.9889e-01, 6.1612e-01]],

         [[1.5814e-01, 9.3282e-01, 2.8432e-01,  ..., 5.3246e-01,
           6.6859e-01, 2.1095e-01],
          [1.3083e-01, 9.5003e-01, 8.5447e-01,  ..., 3.9187e-01,
           5.9915e-01, 6.3894e-02],
          [5.0498e-01, 5.8039e-01, 2.0824e-01,  ..., 4.4804e-01,
           6.8731e-01, 5.0831e-01],
          ...,
          [2.1023e-01, 6.2114e-01, 2.6524e-01,  ..., 2.4980e-01,
           2.6998e-01, 8.5075e-01],
          [2.9586e-02, 8.9157e-01, 6.1655e-01,  ..., 8.1499e-01,
           8.2533e-01, 8.2186e-01],
          [7.7848e-01, 5.4916e-01, 3.2425e-02,  ..., 2.8572e-01,
           7.8417e-01, 2.7247e-01]],

         ...,

         [[9.7500e-01, 5.6586e-01, 3.9110e-01,  ..., 1.7499e-01,
           7.6580e-01, 4.1393e-01],
          [8.6461e-01, 4.3315e-01, 8.6857e-01,  ..., 9.5982e-01,
           9.2627e-01, 9.1203e-01],
          [9.7980e-01, 6.3771e-01, 1.6003e-01,  ..., 6.9343e-01,
           7.2559e-01, 5.4146e-01],
          ...,
          [4.4253e-01, 4.0756e-01, 5.5748e-02,  ..., 4.2777e-01,
           8.0263e-01, 2.8919e-01],
          [9.4168e-01, 1.0296e-01, 5.8597e-01,  ..., 4.9250e-02,
           5.4418e-01, 4.7509e-01],
          [2.6777e-01, 7.4214e-01, 2.4224e-01,  ..., 5.5054e-01,
           5.3115e-01, 7.4795e-01]],

         [[5.4744e-01, 8.8095e-01, 1.7200e-01,  ..., 8.3898e-01,
           8.2292e-01, 6.8691e-01],
          [3.2291e-01, 8.2092e-02, 8.9969e-01,  ..., 4.1519e-01,
           7.7389e-01, 9.0305e-01],
          [9.8845e-01, 2.3715e-01, 1.9160e-02,  ..., 5.3890e-01,
           2.9056e-01, 2.5160e-01],
          ...,
          [3.4892e-01, 7.7125e-01, 2.5076e-01,  ..., 9.5291e-02,
           1.6061e-01, 1.2421e-01],
          [8.0934e-01, 2.4484e-02, 5.2496e-01,  ..., 1.9232e-01,
           1.8060e-01, 2.1017e-01],
          [5.8809e-01, 3.2504e-01, 3.6318e-01,  ..., 7.3928e-01,
           4.2692e-01, 5.2335e-02]],

         [[1.7610e-01, 3.1634e-01, 7.9366e-01,  ..., 3.6279e-01,
           9.9290e-01, 9.6160e-02],
          [9.3447e-01, 7.6688e-02, 4.6178e-01,  ..., 2.2874e-01,
           7.0535e-01, 4.1111e-02],
          [2.0484e-03, 5.8081e-02, 1.0295e-02,  ..., 9.3558e-01,
           4.4243e-01, 1.6963e-01],
          ...,
          [4.1700e-01, 3.2358e-01, 9.4158e-01,  ..., 4.1716e-01,
           6.8267e-01, 5.4302e-01],
          [1.2081e-01, 2.0839e-01, 8.9992e-01,  ..., 3.7490e-01,
           8.7181e-01, 8.8791e-01],
          [3.8147e-01, 9.2640e-01, 2.0477e-01,  ..., 3.6563e-01,
           7.4989e-02, 3.3699e-01]]],


        [[[2.5819e-01, 5.8088e-02, 7.4932e-01,  ..., 2.2456e-01,
           2.4332e-01, 5.2389e-01],
          [8.7709e-01, 9.3662e-01, 9.6926e-02,  ..., 5.7438e-01,
           8.5537e-01, 8.7170e-01],
          [3.2564e-01, 9.3292e-01, 9.1211e-01,  ..., 6.2007e-01,
           7.0891e-01, 1.0114e-02],
          ...,
          [1.0948e-01, 9.2408e-01, 6.1749e-01,  ..., 5.4873e-01,
           8.2849e-01, 9.8430e-01],
          [2.1161e-01, 2.0317e-01, 6.6836e-01,  ..., 7.9854e-01,
           8.8271e-01, 2.8132e-01],
          [3.4726e-01, 1.4368e-01, 5.5293e-01,  ..., 2.1540e-01,
           2.8814e-01, 4.3599e-01]],

         [[6.3621e-01, 5.6716e-01, 8.2854e-03,  ..., 6.4277e-01,
           8.9264e-01, 9.1497e-01],
          [1.9501e-01, 8.8339e-02, 6.7412e-01,  ..., 1.4033e-01,
           9.4378e-01, 1.7736e-01],
          [5.6134e-03, 8.0693e-01, 9.6566e-01,  ..., 9.7976e-01,
           4.2890e-01, 2.4457e-01],
          ...,
          [3.6622e-01, 4.3685e-01, 6.6498e-01,  ..., 8.4863e-01,
           8.9253e-01, 4.3233e-01],
          [9.5340e-01, 3.0494e-03, 3.8968e-01,  ..., 6.8722e-01,
           9.0896e-01, 7.1573e-02],
          [5.2290e-01, 8.2041e-02, 9.9926e-01,  ..., 8.8770e-01,
           8.6863e-01, 7.8018e-01]],

         [[5.8742e-01, 4.2082e-01, 6.3602e-01,  ..., 4.0667e-01,
           3.0047e-01, 7.8574e-01],
          [9.4085e-01, 7.2836e-02, 7.4980e-01,  ..., 6.0054e-01,
           2.0418e-01, 8.9320e-01],
          [2.9492e-01, 4.2085e-01, 4.4128e-01,  ..., 3.3933e-01,
           6.6257e-01, 3.2091e-01],
          ...,
          [5.1499e-01, 2.3657e-01, 8.2775e-01,  ..., 8.8035e-01,
           9.0552e-01, 1.8317e-01],
          [4.7523e-01, 4.7494e-01, 4.1634e-01,  ..., 8.9988e-01,
           3.0947e-01, 3.8272e-01],
          [8.0079e-02, 8.5795e-01, 3.8370e-01,  ..., 8.5763e-01,
           5.9256e-01, 3.9543e-02]],

         ...,

         [[3.9267e-01, 5.2983e-01, 2.4999e-01,  ..., 5.7766e-01,
           9.8295e-02, 5.0237e-01],
          [3.5225e-02, 8.9323e-02, 3.8275e-01,  ..., 7.6602e-01,
           4.8030e-02, 6.5144e-01],
          [9.8816e-01, 8.0250e-01, 7.6902e-01,  ..., 9.4843e-01,
           5.6944e-01, 3.4867e-01],
          ...,
          [9.5344e-01, 5.9184e-01, 7.1006e-01,  ..., 6.8697e-01,
           4.1106e-01, 6.6258e-01],
          [4.2484e-01, 6.3241e-01, 4.5472e-01,  ..., 7.0384e-01,
           2.3847e-01, 7.2926e-01],
          [1.8940e-01, 1.8775e-01, 6.1278e-01,  ..., 6.9611e-01,
           3.5154e-01, 9.1186e-01]],

         [[2.9373e-01, 9.6048e-01, 8.0275e-01,  ..., 6.1069e-01,
           4.6458e-02, 7.9552e-01],
          [9.4183e-01, 2.6658e-01, 5.2746e-01,  ..., 2.1088e-01,
           7.1670e-01, 7.6619e-01],
          [4.4765e-01, 1.1001e-01, 5.5216e-01,  ..., 5.4508e-01,
           3.7543e-01, 9.6580e-01],
          ...,
          [8.4987e-01, 1.1534e-01, 2.0035e-01,  ..., 9.3724e-01,
           8.2502e-01, 8.8902e-01],
          [6.9534e-01, 1.4003e-01, 4.8078e-01,  ..., 8.5104e-01,
           9.6891e-01, 3.1257e-01],
          [7.8983e-01, 2.3904e-01, 7.0732e-01,  ..., 3.8962e-01,
           6.6889e-01, 3.3413e-01]],

         [[3.8464e-01, 8.1750e-01, 8.7908e-01,  ..., 7.4863e-01,
           4.6689e-01, 4.0419e-01],
          [2.1077e-01, 4.6517e-01, 3.4054e-01,  ..., 7.9752e-01,
           5.2643e-01, 3.6437e-01],
          [8.9107e-01, 7.0891e-01, 5.2471e-01,  ..., 1.4599e-01,
           7.8155e-01, 7.9201e-01],
          ...,
          [6.6972e-01, 9.0032e-01, 8.0588e-01,  ..., 1.2263e-01,
           4.0146e-01, 3.8765e-01],
          [7.9620e-01, 9.3512e-01, 9.4656e-01,  ..., 6.0004e-01,
           2.8938e-01, 4.2793e-01],
          [9.8020e-01, 3.3793e-01, 6.0067e-01,  ..., 8.7603e-01,
           7.7375e-01, 8.9888e-01]]]])
