tensor([[[[4.7814e-01, 2.9165e-01, 4.5621e-01,  ..., 9.4627e-01,
           2.3574e-01, 9.7427e-01],
          [4.4834e-01, 3.2684e-02, 5.7737e-01,  ..., 3.8393e-01,
           8.2239e-01, 3.4818e-01],
          [8.2422e-01, 8.9942e-01, 9.8389e-01,  ..., 1.5756e-02,
           4.6638e-02, 9.4313e-01],
          ...,
          [9.6569e-01, 6.0901e-01, 3.9932e-01,  ..., 7.4506e-01,
           7.2262e-01, 9.4822e-01],
          [7.4783e-01, 7.6978e-01, 3.6085e-01,  ..., 8.2571e-01,
           1.2689e-01, 5.0970e-01],
          [4.9626e-01, 3.7512e-01, 4.9719e-01,  ..., 6.6120e-01,
           9.7588e-01, 5.8016e-01]],

         [[1.0060e-01, 6.3566e-01, 7.5334e-01,  ..., 2.2075e-01,
           3.2382e-01, 8.4657e-01],
          [6.3581e-01, 7.3369e-01, 6.3118e-01,  ..., 7.3899e-01,
           4.4542e-01, 2.8112e-01],
          [6.9083e-01, 8.3555e-01, 5.5580e-01,  ..., 4.0132e-01,
           9.5566e-01, 1.7350e-01],
          ...,
          [1.1198e-01, 2.0822e-02, 2.2550e-01,  ..., 4.5773e-02,
           2.7956e-02, 6.9054e-01],
          [5.6993e-01, 9.4677e-01, 8.6437e-01,  ..., 8.8394e-02,
           1.6143e-02, 3.9191e-01],
          [3.5934e-01, 4.7988e-01, 6.6506e-01,  ..., 1.3750e-01,
           1.7311e-02, 4.6861e-01]],

         [[3.1293e-01, 6.9651e-02, 3.4014e-01,  ..., 4.1114e-01,
           8.5813e-01, 9.1845e-01],
          [2.7942e-01, 3.7969e-01, 2.3390e-01,  ..., 3.3674e-01,
           7.6196e-01, 9.3959e-01],
          [2.2184e-01, 9.3149e-01, 6.7099e-01,  ..., 4.3450e-01,
           4.8950e-01, 7.5159e-01],
          ...,
          [6.3923e-01, 1.9617e-01, 7.0032e-01,  ..., 8.0790e-01,
           9.4020e-01, 6.6726e-01],
          [8.7741e-02, 6.3092e-01, 7.1168e-01,  ..., 4.0067e-01,
           7.4872e-01, 3.3759e-01],
          [7.3028e-01, 1.0592e-01, 2.9906e-01,  ..., 6.7658e-01,
           8.8210e-01, 8.8073e-01]],

         ...,

         [[7.3666e-01, 5.3886e-01, 5.8267e-02,  ..., 4.1078e-01,
           9.4522e-01, 9.6780e-01],
          [4.5065e-01, 7.9558e-01, 9.6923e-01,  ..., 1.6413e-01,
           3.8854e-02, 7.0812e-02],
          [6.8414e-01, 8.8490e-01, 4.1195e-02,  ..., 9.3116e-02,
           9.5271e-01, 3.1293e-01],
          ...,
          [5.1673e-01, 7.8677e-01, 7.4051e-01,  ..., 4.4619e-01,
           2.1833e-01, 4.3119e-01],
          [8.4847e-01, 7.6329e-01, 7.7488e-01,  ..., 7.0614e-01,
           8.4659e-01, 7.1963e-01],
          [4.2232e-01, 5.3961e-01, 5.7504e-01,  ..., 8.7293e-01,
           9.2664e-01, 5.6988e-01]],

         [[4.6885e-01, 2.3947e-01, 9.9721e-01,  ..., 1.1737e-01,
           8.7150e-01, 9.4037e-01],
          [2.5618e-01, 4.6675e-01, 7.8652e-01,  ..., 7.8972e-01,
           2.0260e-01, 6.3950e-01],
          [6.4739e-01, 1.3722e-01, 1.1179e-01,  ..., 9.4812e-01,
           3.7000e-02, 3.6187e-01],
          ...,
          [6.3269e-01, 9.9281e-02, 8.4422e-01,  ..., 6.4139e-01,
           7.5525e-01, 9.4556e-01],
          [9.0331e-01, 9.1973e-01, 7.7246e-01,  ..., 3.0716e-01,
           8.0129e-01, 4.1428e-01],
          [8.5374e-01, 9.9095e-01, 8.8855e-01,  ..., 8.9037e-01,
           2.1896e-01, 6.6774e-01]],

         [[7.5256e-02, 5.9462e-01, 7.3385e-01,  ..., 2.3936e-02,
           4.7483e-01, 3.7429e-01],
          [4.5381e-01, 9.8813e-01, 5.8041e-01,  ..., 9.2342e-01,
           3.3976e-01, 7.8114e-01],
          [5.7385e-01, 7.7284e-01, 6.3723e-01,  ..., 9.5288e-02,
           6.2458e-02, 5.3065e-01],
          ...,
          [2.0945e-01, 7.4925e-01, 1.7348e-01,  ..., 1.0081e-01,
           1.4372e-01, 9.4814e-03],
          [1.9536e-01, 4.8990e-01, 5.0651e-01,  ..., 8.5565e-02,
           9.9279e-01, 3.8095e-01],
          [3.0079e-01, 2.2712e-01, 9.2384e-01,  ..., 5.3585e-01,
           7.8504e-02, 6.0128e-01]]],


        [[[6.6835e-01, 3.8162e-03, 1.2474e-01,  ..., 3.3277e-01,
           2.9707e-01, 9.7553e-01],
          [5.5873e-01, 6.1057e-01, 1.0834e-01,  ..., 1.6417e-01,
           4.7376e-01, 1.6099e-01],
          [4.6996e-02, 4.2237e-01, 2.8877e-01,  ..., 7.1635e-02,
           1.1538e-01, 7.1763e-01],
          ...,
          [5.1641e-01, 5.9872e-02, 2.9382e-01,  ..., 4.9877e-01,
           3.3587e-01, 7.5209e-01],
          [6.4823e-02, 2.5676e-01, 8.9385e-02,  ..., 1.2109e-01,
           1.8580e-01, 4.3738e-01],
          [7.9574e-01, 1.1198e-01, 2.2927e-01,  ..., 5.0906e-01,
           2.4240e-01, 9.8877e-01]],

         [[8.6167e-01, 9.9103e-01, 1.1175e-01,  ..., 7.5765e-01,
           1.8730e-01, 8.9475e-01],
          [6.2647e-01, 3.3808e-01, 5.4119e-01,  ..., 9.3230e-01,
           6.6563e-01, 2.1190e-02],
          [8.4012e-01, 8.8218e-01, 7.6057e-01,  ..., 6.9518e-01,
           7.0908e-01, 4.3538e-01],
          ...,
          [8.1725e-01, 3.9934e-01, 2.8695e-01,  ..., 3.8524e-01,
           3.7935e-01, 9.1078e-01],
          [2.0627e-01, 4.2615e-01, 1.9717e-01,  ..., 5.4255e-01,
           7.9523e-01, 8.2631e-01],
          [2.5431e-01, 6.0513e-01, 6.3520e-01,  ..., 4.7223e-01,
           8.6824e-01, 9.1850e-01]],

         [[5.6469e-01, 6.3896e-01, 2.9034e-01,  ..., 3.9755e-01,
           7.3452e-01, 2.1696e-02],
          [3.3097e-02, 9.2026e-01, 2.1410e-02,  ..., 8.6339e-01,
           2.6948e-01, 9.5684e-01],
          [1.2455e-01, 5.7842e-01, 9.5421e-01,  ..., 3.3506e-01,
           1.5747e-01, 8.3560e-01],
          ...,
          [6.8233e-01, 7.7678e-01, 7.6072e-01,  ..., 7.4384e-01,
           2.2476e-01, 4.3237e-01],
          [4.4391e-01, 3.0841e-01, 4.8972e-01,  ..., 8.0034e-01,
           6.4257e-01, 4.0325e-01],
          [3.8950e-01, 1.8372e-01, 4.4977e-01,  ..., 7.5250e-01,
           5.9005e-01, 8.1219e-01]],

         ...,

         [[1.0832e-01, 8.0143e-01, 1.4374e-01,  ..., 4.4463e-01,
           7.0685e-01, 7.6441e-02],
          [1.5356e-01, 6.4734e-01, 9.8290e-01,  ..., 1.5043e-01,
           7.4283e-01, 4.9217e-01],
          [9.8133e-01, 1.1169e-01, 3.2345e-02,  ..., 7.0299e-01,
           9.8934e-02, 7.8065e-01],
          ...,
          [3.2918e-01, 3.5608e-01, 7.4330e-01,  ..., 7.0875e-01,
           6.2735e-01, 8.4581e-01],
          [3.4928e-01, 4.9749e-02, 1.5721e-01,  ..., 8.7046e-01,
           4.0557e-01, 4.3984e-01],
          [2.8729e-01, 2.7877e-01, 8.0475e-01,  ..., 6.3237e-01,
           3.7681e-01, 8.2665e-01]],

         [[9.4986e-01, 9.8940e-01, 8.1597e-01,  ..., 6.4809e-01,
           6.7707e-01, 6.7564e-01],
          [3.4866e-01, 5.2586e-01, 7.4027e-01,  ..., 2.4366e-01,
           1.4662e-01, 4.9580e-01],
          [3.6606e-01, 3.1629e-01, 8.0959e-01,  ..., 5.8127e-01,
           4.5871e-01, 9.7562e-01],
          ...,
          [6.1843e-01, 5.8954e-02, 7.8369e-01,  ..., 9.1998e-01,
           9.6369e-01, 8.7514e-01],
          [3.5935e-01, 8.7769e-01, 9.2331e-01,  ..., 8.8297e-01,
           9.7393e-02, 1.1102e-01],
          [7.1692e-01, 6.4834e-01, 9.4274e-01,  ..., 1.6786e-01,
           9.4573e-02, 4.1716e-01]],

         [[3.4831e-01, 5.0063e-01, 1.2712e-01,  ..., 1.7766e-01,
           3.0721e-01, 2.3516e-01],
          [9.0584e-01, 1.2428e-01, 4.5386e-01,  ..., 7.6222e-01,
           1.4629e-01, 3.5712e-03],
          [7.3237e-01, 4.4311e-03, 2.6718e-01,  ..., 9.6251e-01,
           3.5545e-01, 4.2528e-02],
          ...,
          [1.5969e-02, 1.9148e-01, 3.1595e-01,  ..., 5.6325e-01,
           8.7389e-01, 6.2439e-01],
          [7.0740e-01, 1.5375e-01, 9.8592e-01,  ..., 2.6380e-01,
           9.5708e-01, 1.4376e-01],
          [1.2910e-01, 8.2740e-01, 8.7527e-01,  ..., 2.8507e-01,
           9.1058e-01, 4.1230e-01]]],


        [[[6.0985e-01, 1.9115e-01, 3.5237e-01,  ..., 6.3920e-01,
           8.6824e-01, 8.3123e-01],
          [9.2026e-01, 7.1143e-02, 7.2705e-01,  ..., 3.6344e-01,
           4.7460e-01, 9.0594e-01],
          [3.3125e-01, 2.2093e-01, 3.9935e-04,  ..., 4.4308e-01,
           4.3836e-01, 4.2592e-01],
          ...,
          [3.8847e-01, 5.7929e-01, 6.3602e-01,  ..., 8.9450e-01,
           7.0755e-01, 1.3563e-01],
          [9.8531e-01, 8.2335e-01, 4.8073e-01,  ..., 7.0456e-01,
           6.3522e-01, 8.8282e-01],
          [1.2714e-03, 2.8793e-01, 3.6044e-01,  ..., 7.0558e-01,
           4.3552e-01, 8.3886e-03]],

         [[7.2825e-01, 4.5144e-01, 5.5570e-01,  ..., 4.5781e-01,
           9.5732e-01, 1.5249e-01],
          [9.0484e-01, 5.7007e-01, 4.5843e-01,  ..., 3.8740e-01,
           6.5673e-02, 4.3957e-01],
          [5.1046e-01, 4.1681e-01, 8.2102e-01,  ..., 1.9745e-01,
           6.6523e-01, 5.3663e-01],
          ...,
          [8.7670e-01, 7.1508e-01, 8.7840e-01,  ..., 7.8993e-01,
           4.9246e-01, 4.3973e-01],
          [2.4685e-01, 6.3948e-01, 2.5896e-01,  ..., 5.0531e-01,
           8.7112e-01, 6.6280e-01],
          [4.9786e-01, 2.5690e-01, 7.4350e-01,  ..., 9.7479e-01,
           8.6733e-01, 8.3851e-01]],

         [[1.6473e-01, 6.9033e-02, 4.7447e-01,  ..., 7.5505e-01,
           2.1778e-01, 3.0911e-01],
          [2.7913e-01, 7.6028e-01, 1.7770e-01,  ..., 8.2788e-01,
           8.8990e-02, 2.5284e-01],
          [6.4883e-01, 1.4122e-01, 9.7854e-01,  ..., 6.4147e-02,
           9.3784e-02, 2.7121e-01],
          ...,
          [8.9891e-01, 4.7267e-01, 4.2371e-01,  ..., 8.2467e-01,
           8.8935e-01, 6.8144e-01],
          [2.2724e-01, 9.6418e-01, 8.2919e-01,  ..., 8.6839e-01,
           9.3997e-01, 6.7466e-01],
          [5.1419e-01, 4.5781e-01, 2.6494e-01,  ..., 4.1729e-01,
           7.6472e-03, 3.0680e-01]],

         ...,

         [[3.6269e-01, 4.3934e-01, 9.5110e-02,  ..., 4.9144e-01,
           7.6908e-01, 4.1600e-01],
          [6.6041e-01, 2.1636e-01, 4.8242e-01,  ..., 7.5966e-01,
           8.2301e-01, 1.6418e-01],
          [8.7766e-01, 2.0708e-01, 3.4475e-01,  ..., 8.0849e-01,
           1.1803e-01, 8.5014e-01],
          ...,
          [1.6423e-01, 5.1050e-01, 6.5104e-01,  ..., 4.5202e-01,
           8.9206e-01, 2.8373e-01],
          [9.9301e-01, 3.8941e-01, 1.6330e-01,  ..., 5.0458e-01,
           5.7759e-01, 7.4158e-03],
          [7.1529e-01, 6.6589e-01, 9.4987e-01,  ..., 1.6908e-01,
           4.6899e-01, 3.4040e-01]],

         [[5.7996e-01, 2.2881e-01, 8.4490e-01,  ..., 1.6371e-01,
           8.4493e-01, 4.4689e-01],
          [2.7699e-01, 9.6075e-01, 5.0897e-01,  ..., 3.8083e-01,
           9.1301e-01, 9.9106e-01],
          [6.2259e-01, 2.3700e-01, 4.3258e-01,  ..., 7.2374e-01,
           3.6777e-01, 6.7893e-01],
          ...,
          [1.6225e-01, 4.9218e-01, 1.1707e-01,  ..., 2.5433e-01,
           2.2325e-01, 5.6938e-01],
          [6.5876e-01, 8.5957e-01, 8.0030e-01,  ..., 8.7462e-01,
           7.4253e-02, 4.3518e-01],
          [7.9642e-01, 6.5176e-01, 9.7706e-01,  ..., 5.5284e-01,
           1.4696e-01, 4.2458e-01]],

         [[9.5332e-01, 8.8742e-01, 6.4985e-01,  ..., 3.6415e-01,
           1.7892e-01, 5.2862e-01],
          [1.5447e-01, 8.2468e-01, 3.0925e-01,  ..., 7.3586e-01,
           9.7171e-01, 9.5986e-01],
          [8.9772e-01, 3.8735e-01, 2.3943e-01,  ..., 4.0943e-03,
           6.1356e-01, 9.3924e-01],
          ...,
          [2.7307e-01, 3.7507e-01, 6.4911e-02,  ..., 2.3629e-01,
           5.8114e-01, 7.6952e-01],
          [8.0078e-01, 7.9322e-01, 1.2526e-01,  ..., 7.7807e-01,
           6.1551e-01, 6.6527e-02],
          [8.9308e-01, 2.7735e-01, 7.7344e-01,  ..., 4.8583e-01,
           3.8914e-01, 6.7837e-01]]],


        ...,


        [[[7.0207e-01, 2.0064e-02, 2.2292e-01,  ..., 3.3570e-01,
           7.4408e-01, 4.9275e-01],
          [6.7251e-01, 6.9495e-01, 6.0912e-01,  ..., 4.7900e-02,
           6.0329e-01, 7.9475e-01],
          [9.5837e-01, 2.7087e-01, 9.6777e-02,  ..., 1.7158e-01,
           2.8428e-02, 2.1736e-01],
          ...,
          [4.7209e-01, 9.7812e-01, 6.4590e-01,  ..., 8.8663e-01,
           6.6314e-01, 3.9418e-01],
          [7.1609e-02, 9.4673e-01, 2.7937e-01,  ..., 7.0734e-01,
           1.3037e-01, 4.8820e-01],
          [3.0689e-01, 6.3158e-01, 5.0437e-01,  ..., 2.9807e-02,
           5.2888e-01, 2.0877e-01]],

         [[9.7973e-02, 8.9432e-01, 9.5808e-01,  ..., 8.8468e-02,
           7.4268e-01, 3.7958e-01],
          [6.5443e-01, 8.8259e-02, 7.8777e-01,  ..., 4.1643e-01,
           2.1714e-01, 3.5822e-01],
          [3.2806e-01, 5.4543e-02, 2.1196e-01,  ..., 9.4801e-01,
           8.7899e-01, 8.0616e-01],
          ...,
          [2.2039e-01, 8.6744e-01, 1.5532e-02,  ..., 2.0897e-01,
           9.4580e-03, 8.2243e-01],
          [7.5335e-01, 7.4147e-01, 6.5751e-01,  ..., 5.9993e-01,
           9.7402e-01, 6.2318e-01],
          [6.5288e-03, 2.0259e-01, 8.4905e-01,  ..., 5.3049e-01,
           7.7145e-02, 9.8593e-01]],

         [[9.5998e-01, 5.1081e-01, 3.1027e-01,  ..., 3.8941e-01,
           3.8835e-01, 9.6115e-01],
          [6.2238e-01, 4.5122e-01, 4.5807e-01,  ..., 3.0976e-01,
           3.6984e-01, 3.1702e-01],
          [9.1039e-01, 5.2638e-02, 3.7547e-01,  ..., 9.4399e-01,
           6.7646e-01, 1.2055e-01],
          ...,
          [3.8047e-01, 9.5954e-01, 6.6537e-01,  ..., 8.7189e-01,
           8.8538e-02, 3.0924e-01],
          [2.1043e-01, 6.8993e-02, 3.6314e-01,  ..., 6.5488e-02,
           4.1724e-01, 6.4267e-01],
          [7.6533e-01, 6.1307e-01, 2.6561e-01,  ..., 6.3802e-01,
           2.9928e-01, 2.1879e-01]],

         ...,

         [[3.5691e-01, 6.1046e-01, 2.5178e-01,  ..., 9.5357e-01,
           1.3839e-01, 8.6225e-01],
          [3.0309e-01, 3.1981e-01, 5.8038e-01,  ..., 3.1502e-01,
           1.1609e-01, 6.1446e-01],
          [3.1307e-01, 7.6532e-01, 9.3057e-01,  ..., 6.2865e-01,
           7.6876e-01, 7.4728e-01],
          ...,
          [4.3393e-01, 9.2000e-02, 6.7607e-01,  ..., 5.6940e-01,
           5.7452e-02, 2.2529e-01],
          [4.3670e-01, 8.6388e-01, 4.9804e-01,  ..., 8.4885e-01,
           9.0284e-02, 4.8800e-01],
          [5.9821e-01, 3.5451e-01, 1.0783e-01,  ..., 1.3650e-01,
           7.0499e-01, 7.5638e-02]],

         [[6.0084e-01, 9.8261e-02, 3.4468e-01,  ..., 6.7776e-01,
           7.0199e-01, 2.5841e-01],
          [3.3796e-01, 2.6753e-01, 9.4424e-01,  ..., 8.9357e-01,
           1.4022e-01, 9.4369e-01],
          [7.5299e-01, 9.1113e-01, 3.0464e-01,  ..., 6.2730e-01,
           3.5803e-01, 3.5762e-01],
          ...,
          [3.6488e-02, 6.6121e-01, 7.2129e-01,  ..., 4.5880e-01,
           1.5521e-01, 3.6942e-01],
          [1.2336e-01, 4.5644e-01, 4.1913e-01,  ..., 3.4854e-01,
           8.7399e-01, 4.3474e-01],
          [4.0330e-01, 4.9473e-01, 7.9496e-01,  ..., 1.4664e-01,
           2.4440e-01, 7.2739e-01]],

         [[8.4679e-01, 3.4778e-01, 6.5989e-01,  ..., 7.1628e-01,
           5.7616e-01, 2.9924e-01],
          [1.2748e-01, 1.4018e-02, 9.0134e-01,  ..., 3.1456e-03,
           7.6058e-01, 2.2608e-01],
          [5.8800e-01, 9.3980e-01, 1.3354e-01,  ..., 7.9089e-01,
           2.1603e-01, 1.1623e-01],
          ...,
          [6.1605e-01, 3.4652e-01, 5.2513e-01,  ..., 7.9994e-01,
           2.2660e-01, 6.5760e-01],
          [8.8868e-01, 5.4885e-01, 2.8396e-01,  ..., 5.6238e-01,
           8.2217e-01, 5.9490e-01],
          [6.2675e-01, 2.6010e-01, 2.7243e-01,  ..., 9.6525e-01,
           2.1197e-01, 8.7175e-01]]],


        [[[6.6840e-01, 5.4427e-01, 6.1811e-01,  ..., 9.8679e-01,
           7.7391e-01, 9.6124e-01],
          [5.1587e-01, 4.5457e-01, 5.2195e-01,  ..., 6.1589e-01,
           4.1644e-01, 9.4295e-01],
          [9.0126e-01, 6.7391e-01, 2.7501e-01,  ..., 9.6959e-01,
           1.7990e-02, 1.0319e-01],
          ...,
          [9.6043e-01, 9.6263e-01, 9.6827e-01,  ..., 2.4099e-01,
           3.4820e-01, 3.9886e-01],
          [2.4023e-01, 6.0550e-01, 6.2744e-01,  ..., 8.5484e-02,
           5.1171e-02, 7.3194e-01],
          [4.2491e-01, 1.1042e-01, 2.0043e-01,  ..., 1.7093e-01,
           9.8367e-01, 1.8970e-01]],

         [[6.3593e-01, 3.6856e-02, 6.0084e-01,  ..., 4.5197e-01,
           9.8828e-01, 8.3955e-01],
          [8.6575e-01, 6.1598e-01, 3.1103e-01,  ..., 1.9911e-01,
           9.2828e-01, 6.6762e-01],
          [1.3949e-01, 1.8846e-01, 7.0023e-02,  ..., 2.3541e-01,
           7.1892e-02, 9.6063e-01],
          ...,
          [8.0430e-01, 7.8580e-02, 5.5864e-01,  ..., 7.7835e-01,
           4.5320e-01, 3.6410e-01],
          [3.5193e-01, 7.0376e-01, 9.7738e-01,  ..., 4.3051e-01,
           8.0949e-01, 7.1354e-01],
          [7.3124e-01, 1.1495e-01, 4.1892e-01,  ..., 8.2450e-01,
           2.4245e-01, 5.6535e-01]],

         [[1.6420e-03, 1.3019e-01, 9.4652e-01,  ..., 8.5506e-02,
           3.4732e-01, 4.9761e-02],
          [1.4540e-01, 2.0933e-01, 5.2328e-01,  ..., 6.1731e-01,
           8.0970e-01, 2.8139e-01],
          [9.9728e-01, 9.6789e-01, 5.0197e-01,  ..., 2.9712e-01,
           6.9633e-01, 4.1756e-01],
          ...,
          [3.1521e-01, 5.8813e-01, 2.8922e-01,  ..., 2.5066e-01,
           4.2467e-01, 5.9694e-01],
          [1.8362e-01, 2.2531e-01, 2.5023e-01,  ..., 8.3984e-01,
           3.5608e-01, 3.1322e-01],
          [6.3375e-01, 5.0803e-01, 6.8837e-01,  ..., 6.5788e-01,
           3.9361e-01, 1.7980e-01]],

         ...,

         [[9.9104e-01, 4.3315e-02, 3.1099e-01,  ..., 2.7906e-01,
           2.3956e-01, 3.6566e-01],
          [9.9695e-01, 4.5739e-01, 7.0370e-01,  ..., 6.8772e-01,
           6.6938e-01, 8.4965e-01],
          [9.0415e-01, 2.5611e-01, 6.4748e-01,  ..., 4.7356e-01,
           8.2450e-01, 9.3061e-01],
          ...,
          [9.3380e-01, 9.5612e-01, 4.0921e-01,  ..., 5.8009e-01,
           1.9670e-01, 1.2458e-01],
          [8.9200e-01, 1.6670e-01, 1.7615e-01,  ..., 3.0992e-02,
           7.2273e-01, 9.3107e-01],
          [7.7491e-01, 1.7383e-01, 8.8321e-01,  ..., 7.5888e-01,
           3.1199e-01, 3.9689e-01]],

         [[8.2064e-01, 9.9253e-01, 5.2614e-01,  ..., 2.3639e-01,
           5.0269e-01, 4.7996e-01],
          [2.0983e-01, 6.6129e-01, 3.1776e-01,  ..., 6.5508e-01,
           7.5516e-01, 6.9288e-01],
          [7.4560e-01, 8.6131e-01, 7.1704e-01,  ..., 7.8276e-02,
           2.9021e-01, 8.7989e-01],
          ...,
          [2.2132e-01, 5.7588e-01, 9.4415e-02,  ..., 5.2658e-01,
           4.2118e-01, 3.9985e-02],
          [6.4370e-01, 5.6223e-01, 6.9619e-02,  ..., 4.5628e-01,
           3.5716e-01, 7.1379e-01],
          [4.1060e-01, 2.5259e-01, 1.0330e-01,  ..., 8.2662e-01,
           2.9549e-01, 7.4702e-01]],

         [[1.5249e-01, 3.7569e-01, 2.9268e-01,  ..., 1.5229e-01,
           7.1469e-01, 2.4918e-01],
          [3.7547e-01, 4.2486e-01, 2.0795e-01,  ..., 1.0162e-01,
           4.2892e-01, 6.3125e-02],
          [8.6771e-01, 4.3990e-02, 7.5645e-01,  ..., 6.6270e-01,
           9.7657e-01, 5.2524e-02],
          ...,
          [6.7918e-02, 9.8305e-01, 9.3466e-02,  ..., 8.6336e-01,
           7.0790e-01, 7.3674e-01],
          [5.3175e-01, 8.6608e-01, 1.0126e-01,  ..., 6.4570e-01,
           8.1588e-01, 9.7816e-01],
          [8.7027e-01, 1.4741e-01, 1.9237e-01,  ..., 6.2943e-01,
           1.3926e-01, 3.2402e-01]]],


        [[[7.8580e-01, 2.5196e-01, 4.0711e-01,  ..., 1.8221e-02,
           5.5923e-01, 3.6907e-01],
          [5.9670e-01, 2.1315e-01, 7.2932e-01,  ..., 3.0678e-01,
           3.6849e-01, 3.0553e-01],
          [1.5516e-01, 7.1351e-01, 6.0354e-01,  ..., 3.0530e-01,
           6.3432e-01, 2.4384e-01],
          ...,
          [4.1691e-01, 2.1641e-01, 5.6535e-01,  ..., 5.5945e-01,
           4.3055e-01, 6.9053e-02],
          [1.6699e-01, 6.5212e-01, 7.3238e-01,  ..., 6.8411e-01,
           9.2329e-02, 2.6137e-01],
          [2.0527e-01, 6.7570e-01, 9.4685e-01,  ..., 6.3917e-01,
           2.7791e-02, 5.3074e-01]],

         [[1.8935e-01, 3.4181e-01, 9.8092e-01,  ..., 3.4036e-01,
           5.1197e-01, 2.9869e-01],
          [1.1995e-01, 9.0966e-01, 4.0473e-01,  ..., 3.6195e-01,
           5.3575e-02, 5.3987e-01],
          [9.2823e-01, 1.2943e-02, 3.7372e-01,  ..., 2.6617e-01,
           1.5344e-01, 4.4264e-01],
          ...,
          [4.7029e-01, 3.2914e-01, 3.2065e-01,  ..., 6.4111e-01,
           1.4825e-01, 6.2068e-01],
          [3.2069e-01, 5.8049e-01, 6.3587e-01,  ..., 2.9532e-02,
           9.1948e-01, 8.2150e-01],
          [6.8232e-01, 5.9324e-01, 1.2606e-01,  ..., 3.3023e-01,
           7.9387e-01, 4.0364e-01]],

         [[8.3736e-01, 2.2151e-01, 3.4221e-01,  ..., 2.0767e-02,
           3.2584e-01, 6.8048e-01],
          [9.3933e-01, 8.0954e-01, 8.4647e-01,  ..., 3.6041e-02,
           7.0522e-01, 7.8812e-01],
          [6.6104e-01, 3.7516e-01, 2.5151e-01,  ..., 8.3987e-03,
           4.8840e-01, 4.0386e-01],
          ...,
          [4.3907e-01, 9.5420e-02, 4.3476e-01,  ..., 3.0905e-01,
           9.1033e-01, 4.9559e-02],
          [5.0109e-02, 2.6901e-01, 6.9225e-01,  ..., 7.8874e-02,
           5.2556e-01, 7.4257e-01],
          [8.6776e-01, 7.6128e-01, 3.1496e-01,  ..., 9.7505e-02,
           5.5410e-01, 5.7490e-01]],

         ...,

         [[8.7795e-02, 4.3329e-01, 5.9290e-01,  ..., 5.9709e-01,
           2.9540e-01, 5.0397e-01],
          [5.2288e-01, 8.1715e-01, 9.3897e-01,  ..., 7.4973e-01,
           3.5981e-02, 1.3417e-01],
          [3.4217e-02, 2.5861e-01, 8.1850e-02,  ..., 8.2784e-01,
           7.3075e-01, 2.1461e-01],
          ...,
          [1.3139e-01, 6.0198e-01, 4.3259e-01,  ..., 6.5129e-01,
           4.9822e-01, 2.3611e-01],
          [8.1682e-01, 7.1086e-01, 5.9671e-01,  ..., 9.7879e-01,
           2.8393e-01, 7.7147e-02],
          [8.5558e-01, 9.8607e-01, 3.2346e-01,  ..., 9.5479e-01,
           2.4132e-01, 8.8536e-01]],

         [[6.4258e-01, 1.7135e-01, 9.4071e-01,  ..., 1.4786e-01,
           5.7005e-01, 6.1093e-01],
          [9.6082e-01, 3.6934e-01, 2.0239e-01,  ..., 8.0267e-01,
           6.9715e-01, 1.9218e-01],
          [7.9964e-01, 2.5178e-01, 3.3664e-01,  ..., 7.5596e-01,
           3.6298e-01, 1.1530e-01],
          ...,
          [9.3415e-03, 7.7916e-01, 2.1278e-01,  ..., 1.5312e-01,
           7.0498e-01, 7.2301e-01],
          [1.9814e-02, 1.0609e-01, 9.6413e-01,  ..., 9.1229e-01,
           5.2439e-01, 8.3885e-01],
          [3.3002e-01, 1.5888e-01, 8.8242e-01,  ..., 3.6430e-01,
           4.2719e-01, 3.0058e-01]],

         [[6.2060e-01, 9.3780e-01, 9.8224e-02,  ..., 1.9837e-01,
           5.6797e-01, 8.8266e-01],
          [9.8840e-01, 4.1006e-01, 7.3727e-01,  ..., 4.9747e-01,
           5.2452e-01, 1.6078e-01],
          [7.1895e-01, 8.9047e-01, 5.5271e-01,  ..., 3.5865e-01,
           1.3215e-01, 5.2847e-01],
          ...,
          [8.6740e-01, 8.1701e-01, 5.3764e-01,  ..., 6.6901e-01,
           7.4794e-01, 1.6082e-02],
          [3.5720e-01, 4.9158e-01, 8.5319e-01,  ..., 8.9258e-01,
           1.1207e-01, 1.5526e-01],
          [6.4947e-01, 8.2321e-01, 7.6224e-01,  ..., 1.1749e-01,
           8.2036e-02, 1.3351e-01]]]])
