tensor([[[[2.4410e-01, 3.6724e-01, 9.8644e-01,  ..., 8.6403e-01,
           8.2219e-01, 2.9728e-01],
          [4.3575e-01, 1.9523e-01, 7.7486e-01,  ..., 9.8108e-02,
           5.0161e-01, 8.0029e-01],
          [2.2611e-01, 9.3996e-01, 9.3204e-01,  ..., 4.8051e-01,
           2.6106e-01, 6.1182e-02],
          ...,
          [4.5833e-01, 4.7496e-02, 6.9296e-01,  ..., 8.7526e-01,
           4.5969e-02, 8.2849e-01],
          [3.0360e-01, 6.7438e-01, 7.2915e-01,  ..., 8.3722e-01,
           9.3502e-01, 1.2469e-01],
          [9.8014e-01, 6.9834e-01, 8.2673e-01,  ..., 2.6765e-01,
           1.4660e-01, 3.8999e-01]],

         [[4.3924e-01, 6.2432e-01, 2.9007e-02,  ..., 5.3182e-01,
           3.3833e-01, 4.2827e-01],
          [6.0399e-01, 6.8906e-01, 8.3048e-01,  ..., 4.4194e-01,
           1.6939e-01, 5.5077e-01],
          [3.1355e-01, 4.0051e-01, 5.7757e-01,  ..., 5.7917e-01,
           8.1639e-01, 6.9233e-01],
          ...,
          [6.3736e-01, 7.5444e-01, 7.4576e-01,  ..., 6.0402e-02,
           6.2732e-01, 1.5568e-01],
          [6.7784e-01, 8.6529e-01, 2.3513e-01,  ..., 7.2884e-01,
           7.6944e-01, 5.8319e-01],
          [9.7392e-01, 5.2941e-01, 9.2832e-01,  ..., 9.5453e-01,
           7.5205e-01, 5.6392e-01]],

         [[1.1364e-01, 4.2095e-01, 5.8279e-01,  ..., 1.4906e-01,
           7.2772e-01, 3.2424e-02],
          [7.1554e-01, 7.2038e-01, 2.5625e-01,  ..., 4.3776e-01,
           4.3844e-01, 2.6464e-02],
          [1.3997e-01, 5.6962e-01, 1.7714e-01,  ..., 9.8334e-01,
           4.7704e-01, 2.4318e-01],
          ...,
          [6.2803e-01, 7.9940e-01, 7.4865e-01,  ..., 2.1488e-01,
           7.6764e-01, 1.7258e-01],
          [6.2133e-01, 9.3866e-01, 5.9193e-01,  ..., 6.4061e-01,
           9.0821e-01, 1.5793e-02],
          [3.3609e-01, 8.2768e-01, 1.1447e-01,  ..., 2.7767e-01,
           7.6434e-01, 1.6523e-01]],

         ...,

         [[1.7129e-01, 6.2731e-01, 7.1531e-01,  ..., 6.2755e-02,
           5.4949e-01, 5.5512e-01],
          [7.2527e-01, 9.2339e-02, 6.2160e-01,  ..., 2.2793e-01,
           3.7095e-01, 6.1201e-01],
          [3.5424e-01, 8.0775e-01, 8.1168e-01,  ..., 7.2260e-01,
           6.3049e-01, 1.2331e-02],
          ...,
          [8.6859e-01, 1.6424e-01, 3.7418e-01,  ..., 7.9197e-01,
           6.1611e-01, 1.0708e-01],
          [4.7287e-01, 9.9186e-01, 5.3250e-01,  ..., 4.0757e-01,
           1.9094e-01, 6.8435e-01],
          [6.6943e-01, 8.1247e-01, 7.5617e-01,  ..., 9.4579e-01,
           4.4325e-01, 8.6521e-01]],

         [[5.4898e-01, 9.1676e-01, 3.7107e-01,  ..., 4.0057e-01,
           3.5114e-01, 2.9335e-02],
          [5.0429e-01, 5.0445e-01, 8.3695e-01,  ..., 2.4872e-01,
           1.6563e-01, 6.7751e-02],
          [2.2463e-01, 5.4384e-01, 1.2948e-01,  ..., 9.7919e-01,
           5.6523e-01, 2.1344e-01],
          ...,
          [1.4525e-01, 8.1251e-02, 4.0460e-01,  ..., 1.5522e-01,
           3.8106e-01, 6.6603e-01],
          [6.3509e-01, 1.0482e-01, 3.2107e-01,  ..., 2.5423e-01,
           1.1615e-01, 4.9139e-01],
          [4.6990e-01, 3.1038e-01, 8.5444e-02,  ..., 1.5487e-01,
           6.5441e-01, 6.2173e-01]],

         [[8.2122e-01, 5.4510e-01, 4.6949e-02,  ..., 6.0431e-01,
           9.8941e-01, 2.4948e-01],
          [4.4000e-01, 2.3108e-01, 8.6121e-01,  ..., 7.0808e-01,
           4.9662e-01, 6.3089e-01],
          [8.5422e-01, 7.6667e-01, 3.6501e-01,  ..., 9.5842e-01,
           9.0695e-02, 4.5902e-01],
          ...,
          [3.9935e-01, 5.3256e-01, 8.6961e-01,  ..., 5.1810e-01,
           6.9185e-01, 7.7101e-01],
          [9.0568e-01, 5.6228e-01, 8.6163e-01,  ..., 1.8402e-01,
           9.3832e-01, 7.2994e-01],
          [2.6288e-01, 3.9507e-01, 4.2171e-01,  ..., 6.3204e-01,
           8.6780e-01, 4.7656e-01]]],


        [[[4.2022e-01, 5.1373e-01, 5.3082e-01,  ..., 3.0719e-01,
           5.6680e-01, 6.3185e-01],
          [9.2186e-01, 7.1971e-01, 6.5978e-01,  ..., 9.4491e-01,
           1.0403e-01, 4.0193e-01],
          [2.1823e-01, 4.3759e-01, 7.2915e-01,  ..., 9.4600e-01,
           8.5942e-02, 6.5627e-01],
          ...,
          [3.2334e-02, 7.6664e-02, 6.6082e-01,  ..., 6.7968e-01,
           2.4833e-01, 3.7597e-01],
          [2.2055e-01, 7.4928e-02, 8.6497e-01,  ..., 8.0580e-02,
           7.4755e-01, 7.7187e-01],
          [8.8227e-01, 6.4146e-01, 6.6349e-01,  ..., 8.9966e-01,
           1.5501e-01, 7.7720e-01]],

         [[8.1907e-01, 5.3479e-01, 6.3993e-01,  ..., 6.0697e-01,
           3.6578e-01, 2.0352e-01],
          [4.3877e-01, 2.7670e-01, 3.7816e-01,  ..., 8.6018e-01,
           6.8185e-01, 4.3408e-01],
          [2.8736e-01, 5.3171e-01, 6.2264e-01,  ..., 7.0708e-01,
           5.9912e-01, 6.8397e-01],
          ...,
          [7.8066e-01, 9.3810e-01, 7.3862e-01,  ..., 3.5328e-01,
           8.1957e-01, 7.6309e-01],
          [2.6029e-01, 9.8081e-01, 4.5175e-01,  ..., 5.0760e-01,
           9.0694e-02, 1.6730e-01],
          [4.0605e-01, 1.0857e-01, 2.1031e-01,  ..., 8.9773e-01,
           2.5172e-01, 5.8788e-01]],

         [[4.3188e-01, 1.0170e-01, 6.9396e-01,  ..., 4.1487e-01,
           2.4255e-01, 9.8555e-01],
          [1.4825e-02, 1.3820e-02, 7.3439e-01,  ..., 4.4949e-01,
           4.2702e-01, 5.8831e-01],
          [9.0017e-01, 8.4998e-01, 8.6778e-01,  ..., 3.2905e-01,
           2.7935e-02, 5.4074e-01],
          ...,
          [5.7276e-01, 7.4148e-01, 3.8377e-02,  ..., 6.1876e-01,
           4.3187e-02, 1.8545e-01],
          [1.4926e-01, 5.2575e-02, 8.7810e-01,  ..., 1.7870e-01,
           6.5638e-01, 7.2921e-01],
          [8.6337e-02, 9.5339e-01, 7.6481e-01,  ..., 3.5548e-01,
           3.5823e-01, 9.3369e-02]],

         ...,

         [[5.8999e-03, 4.9732e-01, 2.9473e-01,  ..., 2.9224e-01,
           9.5886e-01, 3.0261e-02],
          [4.4809e-01, 1.3608e-01, 2.4349e-01,  ..., 1.1197e-01,
           6.9325e-01, 5.9314e-01],
          [3.7893e-02, 9.2023e-01, 3.8833e-01,  ..., 4.5596e-01,
           6.8126e-01, 7.2473e-01],
          ...,
          [9.9810e-01, 8.7791e-01, 7.1958e-01,  ..., 5.1838e-01,
           8.3725e-01, 9.0256e-02],
          [9.2662e-01, 4.5826e-01, 4.1042e-01,  ..., 5.8675e-01,
           4.5261e-02, 8.1604e-01],
          [4.6380e-01, 6.5036e-01, 9.2202e-01,  ..., 8.4722e-01,
           4.7377e-01, 7.2011e-01]],

         [[4.3028e-01, 5.0380e-01, 7.3750e-01,  ..., 2.5344e-01,
           7.3886e-01, 4.6244e-01],
          [9.6039e-01, 4.7465e-01, 2.0386e-01,  ..., 8.0354e-01,
           3.5609e-01, 1.0491e-01],
          [1.2471e-01, 6.5352e-01, 6.8064e-01,  ..., 4.3299e-01,
           4.2714e-01, 7.9785e-01],
          ...,
          [4.9451e-01, 5.3624e-01, 2.2716e-01,  ..., 4.5870e-02,
           2.1353e-01, 3.0230e-01],
          [3.4794e-01, 9.9467e-02, 3.0827e-01,  ..., 1.3317e-01,
           2.2050e-01, 1.7304e-01],
          [6.8355e-01, 9.6321e-01, 7.2554e-02,  ..., 7.1900e-01,
           3.1767e-01, 4.8307e-01]],

         [[7.7977e-01, 8.8005e-01, 4.7832e-01,  ..., 6.8739e-01,
           6.7033e-01, 7.8257e-01],
          [1.7375e-01, 2.8550e-01, 2.9990e-01,  ..., 5.0766e-01,
           8.2486e-01, 5.7661e-01],
          [2.5661e-01, 2.2456e-01, 4.1387e-01,  ..., 8.0020e-01,
           8.6394e-01, 3.4179e-01],
          ...,
          [1.3060e-01, 4.4586e-01, 4.5278e-01,  ..., 1.1687e-01,
           4.9551e-01, 8.3787e-02],
          [4.6463e-01, 3.0507e-01, 1.3595e-01,  ..., 5.5066e-01,
           7.0108e-02, 3.2569e-01],
          [7.8363e-01, 2.9417e-01, 4.2658e-01,  ..., 3.8997e-01,
           7.0372e-01, 6.5787e-01]]],


        [[[4.8810e-01, 9.0507e-01, 6.9075e-01,  ..., 7.1817e-02,
           5.2495e-01, 7.1852e-01],
          [3.0666e-02, 6.2935e-01, 5.1152e-01,  ..., 8.1531e-01,
           6.6596e-01, 4.3677e-01],
          [4.6182e-01, 4.8816e-01, 5.1573e-01,  ..., 7.3646e-01,
           9.7940e-01, 6.1191e-02],
          ...,
          [7.1970e-02, 1.8595e-01, 6.5745e-01,  ..., 5.1008e-01,
           2.0130e-01, 7.5599e-01],
          [6.9761e-01, 2.7201e-01, 7.6146e-01,  ..., 5.7254e-01,
           2.4024e-01, 2.9408e-01],
          [9.4394e-01, 8.3102e-01, 3.4719e-01,  ..., 8.1847e-01,
           3.7926e-01, 7.7036e-02]],

         [[9.5531e-01, 3.7561e-01, 4.6734e-01,  ..., 6.4135e-01,
           7.9823e-01, 8.2432e-01],
          [6.1122e-01, 5.6329e-01, 9.6539e-01,  ..., 2.3746e-01,
           4.5732e-02, 9.1048e-01],
          [6.7222e-01, 2.0794e-01, 9.9670e-01,  ..., 5.2746e-01,
           3.4724e-02, 9.8242e-01],
          ...,
          [7.3492e-01, 5.2680e-01, 6.9250e-02,  ..., 3.4617e-01,
           3.2916e-01, 7.5629e-01],
          [3.0095e-01, 5.3201e-02, 9.1900e-01,  ..., 4.4142e-01,
           2.0572e-01, 1.4725e-01],
          [4.9976e-01, 2.5549e-01, 5.2739e-01,  ..., 1.4145e-02,
           2.0207e-01, 1.9789e-01]],

         [[1.7513e-01, 6.1251e-01, 2.2143e-01,  ..., 3.1286e-01,
           3.9984e-01, 9.0346e-01],
          [3.8660e-01, 7.7313e-01, 3.9785e-01,  ..., 1.2803e-01,
           4.0286e-01, 2.4649e-01],
          [2.9943e-01, 1.0605e-01, 6.4783e-01,  ..., 5.8597e-04,
           2.5383e-01, 8.3324e-01],
          ...,
          [5.9873e-01, 8.0456e-01, 5.9552e-01,  ..., 8.5777e-01,
           8.5427e-01, 9.2668e-03],
          [6.5133e-01, 3.2473e-02, 4.8442e-01,  ..., 1.1356e-01,
           6.0609e-01, 9.6079e-02],
          [1.2832e-01, 1.4597e-01, 2.8142e-01,  ..., 8.4677e-02,
           4.1852e-01, 4.8559e-01]],

         ...,

         [[2.2714e-01, 5.7965e-02, 7.9899e-01,  ..., 4.5609e-01,
           4.1240e-01, 3.9038e-01],
          [7.9176e-01, 7.0362e-01, 5.7137e-01,  ..., 9.0618e-01,
           4.7430e-01, 5.2602e-01],
          [4.8020e-01, 8.4612e-01, 6.8511e-02,  ..., 6.7558e-01,
           4.4619e-01, 8.2747e-01],
          ...,
          [7.7976e-01, 7.3753e-01, 1.3418e-01,  ..., 7.6504e-01,
           3.8565e-01, 5.2643e-01],
          [2.5021e-01, 6.6447e-01, 4.4670e-01,  ..., 5.4720e-01,
           4.9466e-01, 4.7166e-01],
          [4.4762e-01, 6.3483e-01, 7.3428e-01,  ..., 5.1377e-01,
           4.7329e-01, 3.0256e-01]],

         [[1.0353e-01, 7.4941e-02, 4.7227e-01,  ..., 3.7952e-01,
           1.1632e-01, 8.5694e-01],
          [3.8628e-01, 2.0527e-02, 3.2642e-01,  ..., 7.6825e-01,
           2.7325e-01, 3.2186e-01],
          [1.9219e-01, 4.9622e-01, 1.3399e-01,  ..., 4.2398e-01,
           1.9881e-01, 2.9734e-01],
          ...,
          [1.3988e-03, 8.7429e-01, 8.1145e-01,  ..., 2.7192e-01,
           5.1859e-01, 8.2963e-01],
          [6.2051e-01, 1.8026e-01, 1.7974e-01,  ..., 6.6642e-01,
           4.5565e-01, 7.2838e-01],
          [9.8703e-01, 8.4624e-01, 9.0826e-02,  ..., 4.8497e-01,
           8.5612e-02, 3.5085e-01]],

         [[6.4921e-01, 6.5643e-01, 1.0828e-01,  ..., 1.3086e-01,
           9.0583e-01, 5.8047e-01],
          [6.5644e-01, 9.3071e-01, 9.0720e-01,  ..., 1.1433e-01,
           6.0533e-01, 4.2210e-01],
          [7.3679e-01, 8.2741e-01, 9.4780e-01,  ..., 6.1001e-01,
           5.1474e-01, 5.8896e-01],
          ...,
          [4.0715e-01, 3.6380e-01, 6.8802e-01,  ..., 2.9170e-02,
           5.8725e-01, 7.5403e-01],
          [6.2604e-01, 3.7139e-01, 7.7676e-01,  ..., 6.1782e-02,
           2.9424e-01, 8.7902e-01],
          [3.7003e-01, 2.1779e-01, 7.0414e-01,  ..., 5.4644e-01,
           2.8285e-01, 9.3211e-01]]],


        ...,


        [[[4.7177e-01, 1.1889e-01, 9.0937e-01,  ..., 1.5236e-01,
           8.7182e-02, 5.8556e-01],
          [4.2048e-01, 3.9172e-01, 2.5036e-01,  ..., 5.4325e-01,
           9.5307e-01, 5.0449e-01],
          [6.0154e-01, 8.6762e-01, 3.8167e-01,  ..., 2.3002e-01,
           7.4203e-01, 7.6042e-01],
          ...,
          [2.3807e-01, 6.2942e-01, 7.9345e-01,  ..., 3.5314e-01,
           1.3085e-01, 7.5038e-01],
          [7.8953e-01, 2.6014e-01, 9.0542e-03,  ..., 9.9178e-01,
           8.4110e-01, 4.2441e-01],
          [4.3117e-01, 4.2994e-02, 7.1459e-01,  ..., 6.9259e-01,
           2.4981e-01, 9.9851e-01]],

         [[8.8224e-01, 2.7036e-01, 1.8139e-01,  ..., 3.0449e-01,
           1.5463e-01, 6.9842e-01],
          [3.0585e-01, 7.6408e-01, 6.6396e-01,  ..., 8.5215e-01,
           4.3192e-01, 4.3398e-01],
          [2.9341e-01, 1.5396e-04, 9.8140e-01,  ..., 5.9348e-01,
           4.7571e-01, 1.8644e-01],
          ...,
          [6.9732e-01, 3.3535e-01, 4.4655e-01,  ..., 4.0092e-01,
           3.8300e-01, 2.3266e-01],
          [8.3631e-01, 9.3191e-01, 5.8156e-01,  ..., 2.8026e-01,
           5.8841e-01, 9.0514e-01],
          [2.9159e-01, 7.5725e-03, 2.9195e-01,  ..., 6.8031e-01,
           7.3472e-02, 7.0872e-01]],

         [[2.7289e-02, 4.1501e-01, 1.7466e-02,  ..., 2.1433e-01,
           3.8557e-02, 5.6468e-01],
          [3.6690e-01, 5.3154e-01, 7.6825e-01,  ..., 5.6386e-01,
           4.1780e-01, 6.4608e-01],
          [5.1176e-01, 4.1917e-01, 7.7371e-01,  ..., 4.0634e-01,
           8.0508e-01, 7.9729e-03],
          ...,
          [8.6539e-01, 8.9676e-01, 7.2426e-01,  ..., 3.8023e-01,
           9.4998e-01, 9.6898e-01],
          [9.1462e-01, 5.8912e-01, 9.5051e-01,  ..., 1.9657e-01,
           7.4766e-01, 4.0314e-01],
          [3.0538e-01, 5.1466e-01, 4.1387e-01,  ..., 9.2915e-02,
           3.6741e-01, 7.1723e-01]],

         ...,

         [[1.5066e-01, 3.5571e-01, 3.0775e-02,  ..., 7.1598e-01,
           2.3487e-01, 8.6054e-01],
          [6.9513e-01, 3.8813e-02, 3.5922e-01,  ..., 9.0044e-01,
           6.9054e-02, 9.5915e-01],
          [7.5169e-01, 5.5796e-01, 7.3606e-01,  ..., 5.9252e-01,
           6.6533e-01, 3.1009e-02],
          ...,
          [3.7269e-01, 8.0915e-01, 2.3802e-01,  ..., 4.9454e-01,
           9.1247e-01, 6.8919e-02],
          [1.4072e-01, 5.6359e-01, 4.6141e-01,  ..., 3.5870e-02,
           5.5611e-01, 8.7556e-01],
          [7.0899e-01, 7.6975e-01, 9.8637e-01,  ..., 5.5434e-01,
           5.7261e-01, 9.6414e-01]],

         [[5.8050e-01, 1.1177e-03, 8.2479e-01,  ..., 6.9538e-01,
           4.3461e-01, 5.0111e-01],
          [8.7618e-01, 7.5073e-01, 8.0809e-02,  ..., 9.4331e-01,
           7.3649e-01, 7.7286e-03],
          [9.0701e-01, 6.8802e-04, 3.5801e-01,  ..., 3.7706e-01,
           9.3634e-01, 3.2571e-01],
          ...,
          [4.8131e-01, 8.6593e-01, 8.2347e-01,  ..., 8.5533e-01,
           2.3818e-01, 5.4750e-01],
          [3.1140e-01, 9.5973e-01, 4.0072e-01,  ..., 9.6407e-01,
           2.6355e-01, 3.5049e-01],
          [6.9963e-01, 6.4192e-01, 3.2024e-01,  ..., 3.3549e-01,
           3.3746e-01, 5.8834e-01]],

         [[9.4745e-01, 7.2186e-01, 4.1839e-01,  ..., 1.0817e-01,
           8.0771e-01, 2.4724e-01],
          [9.5846e-01, 1.8708e-01, 1.3911e-01,  ..., 9.6939e-01,
           5.7483e-01, 1.0686e-01],
          [4.4017e-02, 4.1608e-02, 9.5716e-01,  ..., 6.5374e-01,
           4.0484e-01, 5.0904e-01],
          ...,
          [6.2171e-02, 7.5279e-01, 3.1103e-01,  ..., 9.4632e-01,
           7.2500e-02, 1.1716e-01],
          [7.2128e-01, 7.2683e-01, 3.0250e-01,  ..., 2.2035e-01,
           9.1297e-01, 6.0508e-02],
          [2.7189e-02, 2.0835e-01, 3.4091e-01,  ..., 9.8504e-01,
           7.1912e-01, 6.1616e-01]]],


        [[[6.7138e-01, 9.4392e-02, 2.6245e-01,  ..., 1.6819e-01,
           8.8459e-01, 6.2843e-01],
          [8.0576e-01, 2.4375e-02, 5.6917e-01,  ..., 7.9973e-01,
           4.3740e-01, 9.3563e-01],
          [6.4122e-02, 9.1407e-01, 1.4835e-01,  ..., 2.9978e-01,
           9.7879e-01, 7.9889e-01],
          ...,
          [1.9838e-01, 8.8115e-01, 2.2292e-01,  ..., 3.7548e-01,
           2.0558e-02, 9.1118e-01],
          [8.5321e-01, 1.5543e-01, 1.6512e-01,  ..., 1.0508e-01,
           1.9735e-01, 1.5118e-01],
          [6.2939e-01, 5.3855e-01, 7.1697e-01,  ..., 3.3116e-01,
           5.3678e-01, 5.5885e-01]],

         [[1.5960e-01, 7.1765e-02, 9.1685e-01,  ..., 3.3421e-01,
           1.9897e-01, 7.5712e-01],
          [2.9257e-01, 1.2687e-01, 1.9571e-01,  ..., 1.4981e-01,
           2.9941e-01, 3.0317e-01],
          [6.3454e-02, 4.8628e-02, 9.6973e-01,  ..., 6.0252e-01,
           5.6500e-01, 1.7253e-01],
          ...,
          [2.0973e-01, 5.7814e-01, 6.1505e-01,  ..., 5.2603e-01,
           3.7089e-01, 1.3015e-01],
          [5.1295e-01, 5.4306e-01, 6.7029e-01,  ..., 2.6941e-01,
           4.8910e-01, 2.9049e-01],
          [9.3414e-01, 7.7140e-01, 3.7694e-01,  ..., 6.9918e-01,
           3.1242e-01, 3.6759e-01]],

         [[1.7668e-01, 9.1114e-01, 7.4135e-01,  ..., 6.8223e-01,
           8.9358e-01, 1.4554e-01],
          [5.9087e-02, 2.8809e-01, 8.6196e-02,  ..., 4.2331e-01,
           2.8122e-01, 7.4360e-01],
          [8.0309e-01, 5.5040e-01, 3.3743e-01,  ..., 4.6073e-02,
           1.6237e-01, 1.6579e-01],
          ...,
          [1.6839e-01, 9.3576e-01, 6.3450e-01,  ..., 4.5519e-01,
           3.4494e-01, 8.5667e-01],
          [8.2490e-01, 2.5292e-01, 4.9853e-01,  ..., 5.2725e-01,
           5.7870e-01, 6.1726e-01],
          [1.8337e-01, 5.9855e-01, 9.3125e-01,  ..., 7.0614e-01,
           9.4158e-02, 6.1940e-01]],

         ...,

         [[9.1596e-02, 2.1633e-01, 2.9998e-01,  ..., 9.0107e-01,
           7.1770e-01, 9.6628e-02],
          [1.2391e-01, 6.7904e-01, 2.7388e-01,  ..., 6.3442e-01,
           7.0946e-01, 7.0270e-01],
          [9.6408e-01, 8.8418e-01, 7.0916e-01,  ..., 7.6676e-01,
           8.2486e-01, 5.1959e-01],
          ...,
          [7.9686e-01, 8.2100e-01, 4.6252e-01,  ..., 4.4806e-02,
           7.2488e-01, 8.5281e-01],
          [1.4412e-01, 3.8765e-01, 5.4714e-01,  ..., 4.5260e-01,
           3.2246e-01, 5.6712e-01],
          [5.1204e-01, 8.9358e-02, 3.5317e-01,  ..., 3.3581e-01,
           4.6589e-01, 1.2276e-01]],

         [[6.1849e-01, 1.9191e-01, 5.7560e-01,  ..., 8.7510e-01,
           8.2383e-02, 3.5739e-01],
          [1.2656e-01, 8.5565e-02, 1.0070e-01,  ..., 2.0190e-01,
           3.4699e-01, 6.1204e-01],
          [5.3694e-01, 3.9427e-01, 5.6942e-01,  ..., 4.7158e-01,
           5.9934e-01, 3.7109e-01],
          ...,
          [8.5276e-01, 5.1006e-02, 9.6271e-01,  ..., 8.1463e-01,
           2.1620e-01, 9.9658e-01],
          [9.0873e-01, 5.9188e-01, 7.1122e-01,  ..., 8.4909e-01,
           2.7173e-01, 2.9223e-01],
          [5.3800e-01, 4.5641e-01, 8.8335e-01,  ..., 1.6291e-01,
           7.4224e-01, 1.2985e-01]],

         [[8.3594e-01, 6.6074e-01, 9.6003e-01,  ..., 6.0592e-01,
           4.1249e-01, 5.3690e-01],
          [1.8923e-01, 9.6775e-01, 8.6725e-05,  ..., 1.8482e-01,
           1.8358e-01, 9.1754e-01],
          [4.4205e-01, 3.3293e-01, 2.4591e-01,  ..., 2.1409e-01,
           6.4856e-01, 2.8903e-01],
          ...,
          [7.2649e-01, 7.8164e-02, 2.7131e-01,  ..., 2.8446e-01,
           7.9710e-01, 8.3227e-01],
          [4.6143e-01, 3.5462e-01, 4.0611e-01,  ..., 7.2335e-01,
           7.1878e-01, 5.1656e-01],
          [1.3620e-01, 3.8199e-01, 1.4294e-01,  ..., 7.5008e-01,
           7.8685e-01, 3.6758e-01]]],


        [[[4.3333e-01, 5.5300e-01, 5.5911e-01,  ..., 8.8661e-01,
           6.2682e-01, 2.5415e-01],
          [6.9735e-01, 1.1818e-01, 5.1963e-01,  ..., 4.4897e-01,
           9.6028e-02, 5.2865e-01],
          [8.2027e-01, 5.7903e-01, 4.6938e-01,  ..., 4.5323e-01,
           8.7314e-01, 8.3569e-01],
          ...,
          [6.0848e-01, 4.7621e-01, 5.5286e-01,  ..., 4.4130e-01,
           6.8578e-02, 5.1859e-01],
          [7.6671e-01, 9.7113e-01, 5.4351e-01,  ..., 5.0515e-01,
           8.8401e-01, 7.3951e-01],
          [4.4328e-01, 8.2260e-01, 9.0548e-02,  ..., 3.2577e-01,
           2.3948e-01, 8.6676e-01]],

         [[9.0735e-01, 9.7695e-02, 4.4336e-01,  ..., 2.5790e-01,
           9.9944e-01, 9.8359e-01],
          [1.6193e-01, 6.9733e-01, 4.0656e-02,  ..., 2.4877e-01,
           9.1237e-02, 9.1209e-01],
          [4.7240e-01, 1.4602e-01, 2.8321e-01,  ..., 7.0094e-01,
           8.5638e-03, 3.4714e-01],
          ...,
          [9.8968e-01, 4.3145e-01, 4.0769e-01,  ..., 2.1488e-01,
           9.2354e-01, 8.5813e-01],
          [7.2951e-01, 3.9135e-01, 5.7526e-02,  ..., 4.3128e-01,
           6.3539e-01, 1.2081e-01],
          [2.2920e-01, 3.9059e-01, 4.3804e-01,  ..., 8.2028e-01,
           4.9552e-01, 4.6470e-01]],

         [[8.1222e-01, 9.1687e-01, 7.6379e-01,  ..., 1.5418e-01,
           6.9728e-01, 1.4241e-01],
          [2.3519e-01, 1.8622e-01, 3.6553e-01,  ..., 7.1964e-01,
           5.3453e-01, 1.1972e-01],
          [1.6269e-01, 1.6112e-01, 8.7452e-01,  ..., 7.2208e-01,
           7.9095e-01, 5.8047e-01],
          ...,
          [7.7265e-01, 1.0633e-01, 9.1124e-01,  ..., 5.7116e-01,
           6.8617e-01, 7.6613e-01],
          [1.6171e-01, 1.6151e-01, 6.4818e-01,  ..., 1.0166e-01,
           4.0842e-01, 6.5122e-01],
          [6.9649e-01, 8.6172e-01, 9.3781e-01,  ..., 5.8469e-01,
           2.4087e-01, 4.4424e-01]],

         ...,

         [[5.8758e-01, 7.9379e-01, 3.3061e-02,  ..., 2.0763e-01,
           3.9701e-01, 4.2146e-01],
          [6.7619e-01, 3.6832e-01, 8.4326e-01,  ..., 5.7312e-01,
           6.5088e-01, 2.2953e-01],
          [5.0808e-01, 5.7653e-01, 5.2965e-01,  ..., 7.8751e-01,
           1.1267e-01, 7.5668e-01],
          ...,
          [6.6699e-02, 4.2295e-01, 9.5412e-01,  ..., 4.6859e-01,
           1.8642e-01, 4.0191e-01],
          [3.7964e-01, 9.2394e-01, 7.6001e-01,  ..., 7.5855e-01,
           3.0781e-02, 9.8248e-01],
          [3.0270e-01, 7.4647e-01, 7.4315e-01,  ..., 9.0318e-01,
           6.5052e-01, 7.0172e-01]],

         [[4.5007e-01, 2.4092e-01, 2.0219e-01,  ..., 1.4737e-01,
           3.0372e-01, 7.0993e-01],
          [8.1206e-01, 7.5167e-01, 5.1971e-01,  ..., 1.7196e-01,
           2.0623e-01, 2.2910e-01],
          [2.3288e-01, 6.3513e-01, 1.3542e-01,  ..., 4.2169e-02,
           4.0660e-01, 7.9291e-01],
          ...,
          [7.4765e-01, 2.5956e-02, 9.6321e-01,  ..., 6.4804e-01,
           4.4918e-01, 9.1929e-02],
          [5.2836e-01, 8.0808e-01, 9.9356e-01,  ..., 3.8931e-01,
           8.5743e-01, 8.5222e-02],
          [4.7275e-01, 6.0160e-02, 3.6663e-01,  ..., 2.5267e-01,
           7.0396e-01, 1.0754e-01]],

         [[4.8787e-01, 2.7169e-01, 3.9690e-01,  ..., 9.5907e-01,
           1.2220e-01, 4.8660e-01],
          [9.9017e-01, 5.5995e-01, 3.2101e-01,  ..., 8.4605e-01,
           1.8759e-01, 8.6785e-01],
          [8.4939e-01, 8.1406e-01, 7.7025e-01,  ..., 6.2934e-01,
           2.0688e-01, 5.5926e-01],
          ...,
          [2.8606e-01, 1.5018e-01, 7.9471e-02,  ..., 7.5781e-01,
           2.8662e-01, 3.4793e-01],
          [4.8483e-01, 4.3545e-01, 4.0845e-01,  ..., 3.5695e-01,
           9.6593e-01, 2.8256e-01],
          [9.8782e-01, 2.7319e-01, 8.9416e-01,  ..., 6.5756e-01,
           8.3114e-01, 6.8828e-01]]]])
