tensor([[[[7.1868e-01, 5.7733e-01, 2.2174e-02,  ..., 5.0525e-02,
           2.7073e-01, 4.2755e-01],
          [4.7902e-01, 3.3737e-01, 7.5794e-01,  ..., 9.0586e-01,
           2.9873e-01, 4.0978e-01],
          [9.6903e-01, 6.4001e-01, 1.0979e-01,  ..., 4.7737e-01,
           5.2467e-01, 6.1197e-01],
          ...,
          [2.2783e-01, 8.6006e-02, 5.8626e-01,  ..., 9.4606e-01,
           4.1759e-01, 4.3917e-01],
          [3.6488e-01, 8.0956e-01, 6.9430e-01,  ..., 4.8606e-01,
           8.0047e-01, 6.2303e-01],
          [7.2359e-01, 3.1613e-01, 9.1489e-01,  ..., 1.4471e-01,
           5.9378e-01, 1.6852e-01]],

         [[4.5035e-01, 9.6195e-01, 1.1437e-01,  ..., 1.4742e-01,
           4.8211e-02, 3.2760e-01],
          [7.5557e-01, 8.1769e-01, 7.7634e-01,  ..., 5.5353e-01,
           2.7252e-01, 4.9019e-01],
          [9.1953e-01, 4.1524e-01, 8.6600e-01,  ..., 8.2944e-01,
           7.9853e-01, 7.0705e-02],
          ...,
          [1.2113e-01, 3.8799e-01, 6.6073e-02,  ..., 3.7282e-01,
           2.7676e-01, 5.6393e-01],
          [2.5533e-01, 5.7376e-02, 7.5330e-01,  ..., 8.1283e-01,
           2.0232e-01, 9.7379e-01],
          [3.7452e-01, 7.2061e-01, 6.8234e-01,  ..., 7.8122e-01,
           1.3649e-02, 4.8213e-01]],

         [[8.0483e-01, 3.9908e-02, 1.9995e-01,  ..., 8.4592e-01,
           5.8742e-02, 7.4661e-01],
          [3.7125e-02, 7.8412e-01, 2.8665e-01,  ..., 8.3260e-01,
           2.9980e-01, 2.0680e-01],
          [3.5831e-01, 3.3408e-01, 7.4416e-02,  ..., 2.9634e-01,
           8.2372e-01, 1.5769e-01],
          ...,
          [1.6342e-01, 3.3188e-01, 3.1869e-01,  ..., 4.0772e-01,
           3.9292e-02, 1.1615e-02],
          [8.7172e-01, 2.2141e-01, 9.0460e-01,  ..., 3.9630e-01,
           4.7729e-01, 4.7022e-01],
          [7.8336e-01, 6.4448e-01, 1.0676e-01,  ..., 4.8122e-02,
           2.9536e-01, 6.9267e-01]],

         ...,

         [[5.2359e-01, 2.3523e-01, 5.6405e-01,  ..., 5.0681e-01,
           5.2360e-01, 5.9773e-01],
          [9.6259e-02, 7.1270e-01, 4.9792e-01,  ..., 4.7822e-01,
           7.7951e-01, 7.3884e-01],
          [5.0493e-02, 4.3830e-01, 4.6404e-02,  ..., 4.3142e-01,
           3.6752e-01, 4.1492e-01],
          ...,
          [9.0579e-01, 1.1762e-01, 4.1290e-01,  ..., 2.6849e-01,
           1.1909e-02, 1.9124e-01],
          [3.9742e-02, 6.7376e-01, 1.2435e-01,  ..., 1.1909e-01,
           9.2498e-01, 6.0608e-01],
          [1.0920e-01, 2.2034e-01, 9.1219e-01,  ..., 6.0795e-01,
           9.4594e-01, 2.1944e-02]],

         [[4.9232e-02, 7.6660e-01, 2.8029e-01,  ..., 9.2785e-01,
           1.2419e-01, 9.4492e-01],
          [1.0242e-01, 3.8799e-01, 2.8400e-01,  ..., 5.5623e-01,
           9.8313e-01, 2.4416e-01],
          [1.1764e-01, 2.3197e-01, 7.4460e-01,  ..., 3.1894e-01,
           9.6740e-01, 3.0948e-01],
          ...,
          [6.0662e-01, 1.7316e-01, 2.9319e-02,  ..., 8.1792e-01,
           6.6703e-01, 7.7983e-01],
          [3.2138e-01, 2.6086e-01, 8.9767e-01,  ..., 9.1364e-02,
           1.4090e-01, 3.4864e-01],
          [5.1995e-01, 1.7083e-01, 6.6437e-01,  ..., 2.5111e-01,
           8.1858e-01, 7.8498e-01]],

         [[2.6315e-01, 2.1666e-01, 5.5006e-01,  ..., 9.0033e-01,
           2.3350e-01, 3.9557e-01],
          [6.5372e-01, 3.1800e-01, 2.7474e-01,  ..., 5.4863e-01,
           9.3728e-01, 9.6315e-01],
          [1.5173e-02, 3.8305e-01, 5.8489e-02,  ..., 2.6410e-01,
           9.3249e-01, 7.8903e-01],
          ...,
          [3.6053e-01, 3.6718e-01, 1.5440e-02,  ..., 8.3593e-01,
           7.8255e-01, 9.7838e-01],
          [3.1049e-01, 8.8186e-01, 1.8987e-01,  ..., 8.3853e-01,
           8.7893e-01, 8.0946e-01],
          [5.7505e-01, 3.8593e-01, 9.4534e-01,  ..., 6.8635e-01,
           9.7951e-01, 6.7020e-01]]],


        [[[1.8122e-01, 4.4589e-01, 4.1516e-01,  ..., 4.5724e-01,
           7.1560e-02, 5.4667e-01],
          [6.9509e-01, 6.3352e-01, 1.9274e-01,  ..., 3.3752e-02,
           3.2033e-01, 7.2333e-01],
          [7.0370e-01, 2.0375e-01, 3.7328e-01,  ..., 1.9592e-01,
           8.0064e-01, 5.9203e-01],
          ...,
          [4.8563e-02, 4.6412e-01, 7.8723e-01,  ..., 3.2872e-01,
           9.7234e-01, 9.0500e-01],
          [2.5911e-01, 5.9043e-02, 7.6158e-01,  ..., 6.1138e-01,
           7.7055e-01, 4.8487e-01],
          [3.0251e-01, 9.9261e-01, 1.4332e-01,  ..., 7.2023e-01,
           8.4290e-01, 3.7881e-01]],

         [[1.7777e-01, 7.6475e-01, 7.8994e-01,  ..., 2.2764e-01,
           9.5127e-01, 9.1044e-01],
          [4.7229e-01, 4.0982e-01, 4.6707e-01,  ..., 8.6569e-01,
           6.1751e-01, 7.5183e-01],
          [8.8141e-01, 9.3335e-01, 6.7555e-02,  ..., 8.2409e-01,
           9.3245e-01, 1.2730e-01],
          ...,
          [8.8853e-01, 8.6352e-01, 5.4033e-02,  ..., 3.5305e-01,
           9.6505e-01, 8.7695e-01],
          [3.3266e-01, 9.1720e-01, 9.7914e-01,  ..., 1.1493e-01,
           5.6111e-01, 1.5856e-01],
          [8.1548e-01, 4.5171e-01, 1.9478e-01,  ..., 3.0762e-01,
           5.9201e-01, 2.9435e-01]],

         [[4.7316e-01, 9.6829e-01, 1.9833e-01,  ..., 9.2257e-01,
           7.8950e-01, 7.3113e-01],
          [9.2018e-01, 8.6086e-01, 7.8734e-01,  ..., 2.4963e-01,
           5.9128e-01, 3.2323e-01],
          [6.9002e-02, 5.7563e-01, 3.5078e-01,  ..., 2.0763e-02,
           6.8004e-01, 6.5372e-01],
          ...,
          [8.3709e-01, 7.8413e-01, 7.4755e-01,  ..., 3.6679e-01,
           7.5068e-01, 6.3481e-01],
          [9.9820e-01, 4.6603e-01, 1.0376e-01,  ..., 6.9858e-01,
           1.6224e-01, 7.2208e-01],
          [3.7462e-01, 8.8192e-01, 6.1343e-01,  ..., 1.5329e-01,
           8.6019e-01, 7.4772e-01]],

         ...,

         [[4.0786e-02, 8.3034e-01, 5.0092e-01,  ..., 3.0229e-01,
           8.1698e-01, 9.3620e-01],
          [9.3812e-01, 6.9452e-01, 3.7591e-01,  ..., 7.1648e-01,
           4.4118e-01, 5.3730e-01],
          [6.5023e-01, 2.2688e-01, 1.5866e-01,  ..., 8.2960e-01,
           7.7302e-02, 4.7290e-01],
          ...,
          [4.9572e-02, 2.0201e-01, 1.0112e-01,  ..., 2.1327e-01,
           7.9137e-01, 9.1802e-01],
          [7.7928e-01, 4.6281e-01, 6.8561e-01,  ..., 2.8103e-01,
           1.2632e-01, 3.6472e-01],
          [6.3765e-02, 7.0935e-01, 5.1205e-01,  ..., 5.8307e-01,
           5.2961e-01, 7.9840e-01]],

         [[4.4669e-01, 9.0009e-01, 9.7785e-01,  ..., 4.8395e-01,
           9.4333e-01, 9.3850e-01],
          [7.4065e-01, 5.0850e-02, 9.8099e-02,  ..., 5.2157e-02,
           2.5836e-01, 5.4606e-01],
          [6.2672e-01, 6.9337e-01, 7.3965e-01,  ..., 7.2160e-01,
           4.7881e-01, 5.6775e-01],
          ...,
          [6.5774e-01, 9.1918e-01, 8.2314e-01,  ..., 9.1656e-01,
           2.2667e-01, 2.5627e-01],
          [1.7177e-02, 5.0778e-03, 4.1869e-01,  ..., 2.1079e-01,
           7.5109e-01, 2.9899e-01],
          [9.7412e-01, 6.8263e-01, 6.3264e-01,  ..., 8.0013e-01,
           7.3391e-01, 9.0156e-01]],

         [[8.2821e-01, 1.5467e-01, 5.1540e-01,  ..., 3.8116e-01,
           3.4378e-01, 1.4650e-01],
          [2.0320e-01, 7.0941e-01, 6.1157e-01,  ..., 7.7028e-01,
           1.6649e-01, 4.7788e-01],
          [7.7902e-01, 7.8620e-02, 3.7088e-01,  ..., 8.1612e-01,
           3.2418e-01, 2.5604e-01],
          ...,
          [4.2618e-01, 8.8938e-02, 8.6293e-01,  ..., 3.5611e-01,
           2.4011e-01, 3.5636e-01],
          [8.8766e-01, 8.8378e-02, 9.3902e-01,  ..., 6.5271e-01,
           7.5326e-01, 4.7314e-01],
          [2.7355e-01, 3.1486e-01, 4.2492e-01,  ..., 9.9647e-01,
           5.0672e-01, 3.8329e-01]]],


        [[[4.3032e-01, 9.1704e-01, 1.6435e-01,  ..., 1.4187e-01,
           8.8283e-01, 4.0933e-01],
          [9.7158e-01, 7.3349e-01, 1.8849e-01,  ..., 7.7800e-01,
           8.9625e-01, 3.1637e-01],
          [2.7323e-01, 8.5274e-01, 3.9677e-01,  ..., 1.3205e-01,
           4.7169e-02, 7.0239e-01],
          ...,
          [3.0464e-01, 6.8752e-01, 6.9023e-01,  ..., 1.0963e-01,
           7.5533e-01, 9.8870e-01],
          [2.2137e-02, 7.0346e-01, 4.8129e-01,  ..., 4.0340e-01,
           3.5643e-02, 4.4873e-01],
          [2.1120e-01, 7.3423e-01, 9.5908e-01,  ..., 1.9148e-01,
           6.3639e-01, 2.3897e-01]],

         [[4.3533e-01, 9.6102e-01, 6.9439e-01,  ..., 7.5983e-01,
           7.6167e-01, 7.5236e-01],
          [5.9895e-01, 3.5090e-01, 5.1126e-01,  ..., 3.8013e-01,
           6.5023e-01, 5.6356e-01],
          [4.6672e-01, 1.5743e-01, 4.8982e-01,  ..., 1.7626e-01,
           7.8391e-01, 3.8062e-01],
          ...,
          [2.5082e-01, 1.2521e-01, 3.6868e-01,  ..., 7.5116e-02,
           2.2382e-01, 6.6401e-01],
          [4.8024e-01, 7.7926e-02, 2.3029e-01,  ..., 7.2007e-02,
           5.3586e-01, 5.7100e-01],
          [6.7357e-01, 7.2198e-01, 6.8925e-01,  ..., 4.0345e-01,
           4.4440e-01, 7.6947e-03]],

         [[7.3148e-01, 7.0487e-02, 4.8826e-01,  ..., 5.0215e-01,
           1.8332e-01, 6.8887e-01],
          [2.2558e-01, 1.3027e-01, 6.5015e-01,  ..., 5.3086e-01,
           4.4812e-01, 6.6086e-01],
          [6.7857e-01, 2.8366e-01, 3.8259e-01,  ..., 1.7643e-01,
           8.6828e-01, 3.2469e-01],
          ...,
          [6.6855e-01, 4.6585e-02, 1.8189e-01,  ..., 4.6303e-02,
           5.2028e-01, 5.2734e-01],
          [9.0766e-01, 4.4070e-02, 5.6534e-01,  ..., 6.3340e-01,
           4.1452e-01, 8.1585e-01],
          [2.0445e-01, 3.1470e-01, 8.4522e-01,  ..., 6.1176e-01,
           7.0812e-01, 7.0379e-01]],

         ...,

         [[3.3998e-01, 6.8669e-01, 2.0793e-01,  ..., 1.0856e-01,
           2.2722e-01, 8.3756e-01],
          [7.9970e-01, 7.6127e-01, 8.3220e-01,  ..., 5.0741e-01,
           7.0759e-01, 1.3587e-01],
          [4.8215e-03, 9.7488e-01, 2.7384e-01,  ..., 6.1573e-01,
           4.9040e-01, 2.5833e-01],
          ...,
          [6.5731e-01, 3.3771e-01, 3.6049e-01,  ..., 6.9053e-01,
           9.5809e-01, 7.3449e-01],
          [4.2653e-01, 7.0763e-01, 1.4260e-01,  ..., 9.1588e-01,
           3.0618e-01, 3.1561e-01],
          [4.7889e-01, 7.6263e-01, 9.8555e-01,  ..., 7.1052e-02,
           3.8789e-01, 4.1562e-01]],

         [[4.8380e-01, 5.5335e-01, 1.6512e-01,  ..., 6.6537e-01,
           1.0411e-01, 8.2208e-01],
          [1.0034e-01, 1.5772e-01, 6.5732e-01,  ..., 9.2198e-01,
           8.1902e-01, 3.8369e-01],
          [7.8041e-01, 4.9580e-01, 3.3948e-01,  ..., 1.0803e-01,
           1.2753e-01, 4.9793e-01],
          ...,
          [6.0780e-01, 9.3155e-02, 5.7582e-01,  ..., 5.7218e-01,
           1.0816e-01, 5.4313e-01],
          [7.0035e-02, 6.1196e-01, 4.7224e-02,  ..., 4.0471e-01,
           7.5486e-01, 9.0411e-01],
          [1.2292e-01, 5.9027e-01, 9.1855e-01,  ..., 2.3210e-02,
           1.4090e-01, 6.6741e-01]],

         [[8.5531e-01, 7.5873e-01, 8.5919e-01,  ..., 6.6931e-01,
           7.3461e-01, 6.6573e-01],
          [3.7910e-01, 5.3483e-01, 6.8713e-01,  ..., 9.0168e-01,
           2.7745e-01, 7.1862e-01],
          [7.0689e-01, 9.7943e-01, 9.4204e-01,  ..., 4.5646e-01,
           1.2403e-01, 7.5613e-01],
          ...,
          [5.5398e-01, 2.0860e-02, 9.7003e-01,  ..., 4.6969e-01,
           2.9234e-01, 6.7885e-01],
          [1.7261e-01, 1.0047e-01, 6.5003e-01,  ..., 6.1616e-01,
           6.3666e-01, 9.4073e-01],
          [6.0368e-01, 3.4330e-01, 5.8098e-01,  ..., 5.9509e-01,
           6.9492e-01, 8.2561e-01]]],


        ...,


        [[[6.6801e-01, 9.5342e-01, 9.7904e-01,  ..., 8.7152e-01,
           5.6079e-01, 8.0646e-01],
          [7.1879e-01, 8.7575e-01, 6.0667e-01,  ..., 7.5717e-01,
           9.5438e-01, 4.5370e-01],
          [2.2545e-01, 9.2157e-01, 1.9639e-01,  ..., 1.0493e-01,
           9.9865e-01, 3.7528e-01],
          ...,
          [6.4134e-01, 1.0893e-01, 5.6947e-01,  ..., 1.0820e-01,
           7.9690e-01, 6.8137e-01],
          [5.1598e-02, 6.6090e-01, 6.2954e-01,  ..., 6.1684e-01,
           9.9797e-02, 6.6630e-01],
          [6.0668e-01, 3.8696e-01, 8.7012e-01,  ..., 2.7696e-01,
           1.1274e-02, 4.2666e-01]],

         [[1.8871e-01, 9.6700e-01, 3.9576e-01,  ..., 3.7422e-01,
           6.1014e-01, 6.7435e-01],
          [3.6278e-01, 2.8799e-02, 7.3205e-01,  ..., 2.6113e-01,
           3.8950e-01, 1.2245e-01],
          [9.8847e-01, 1.0949e-01, 3.0673e-01,  ..., 7.2769e-01,
           4.8980e-02, 1.8053e-01],
          ...,
          [5.2035e-01, 1.2579e-01, 9.4610e-01,  ..., 3.7628e-01,
           2.6872e-01, 2.0425e-01],
          [3.5212e-02, 3.2968e-01, 4.5587e-01,  ..., 5.5719e-01,
           2.9653e-01, 9.7011e-02],
          [6.2534e-01, 9.3936e-01, 3.5623e-01,  ..., 1.3957e-01,
           9.2857e-01, 6.8123e-01]],

         [[5.4860e-01, 1.8178e-02, 2.1407e-01,  ..., 3.3154e-01,
           3.4843e-02, 2.6929e-01],
          [9.8622e-01, 6.9529e-01, 2.6218e-01,  ..., 6.5276e-01,
           7.0313e-01, 2.9957e-01],
          [9.4815e-01, 4.4855e-01, 6.8228e-01,  ..., 1.0602e-02,
           2.5721e-01, 7.5622e-01],
          ...,
          [3.8726e-01, 5.7500e-01, 7.4171e-01,  ..., 4.6846e-01,
           9.0597e-01, 9.7127e-01],
          [2.6778e-01, 5.0056e-01, 9.3094e-01,  ..., 1.0488e-01,
           9.8069e-01, 8.3666e-01],
          [8.9704e-01, 7.4507e-02, 6.0182e-01,  ..., 2.3245e-01,
           5.2636e-01, 4.9698e-02]],

         ...,

         [[8.0962e-01, 4.4989e-01, 5.3836e-01,  ..., 2.2385e-01,
           3.1461e-01, 3.8274e-01],
          [3.5013e-01, 1.0695e-01, 9.6264e-01,  ..., 6.6040e-01,
           7.1747e-01, 4.4726e-01],
          [1.1149e-01, 9.3765e-01, 6.6585e-01,  ..., 5.7339e-01,
           7.8600e-01, 6.6961e-01],
          ...,
          [2.7380e-01, 4.1753e-01, 7.1828e-02,  ..., 2.8082e-01,
           4.3183e-01, 2.2663e-01],
          [7.7928e-01, 8.9064e-01, 1.7493e-01,  ..., 8.0800e-01,
           2.0350e-01, 9.0863e-01],
          [3.5331e-01, 5.5652e-01, 1.1415e-01,  ..., 9.1872e-01,
           7.3735e-01, 6.8970e-01]],

         [[8.3105e-01, 6.8040e-01, 7.0316e-01,  ..., 3.0106e-01,
           8.8934e-01, 5.5704e-01],
          [7.5895e-03, 5.4591e-01, 5.5106e-01,  ..., 9.2514e-01,
           9.5339e-01, 5.2210e-01],
          [4.0948e-01, 6.6004e-01, 8.4548e-01,  ..., 2.0852e-01,
           8.8216e-01, 3.5176e-01],
          ...,
          [3.0797e-01, 8.8895e-01, 2.9421e-02,  ..., 7.9434e-01,
           5.9185e-02, 6.1859e-02],
          [2.8841e-01, 4.9572e-01, 8.8780e-01,  ..., 7.7114e-02,
           1.1065e-01, 5.2981e-01],
          [8.7224e-01, 5.0867e-01, 1.9389e-01,  ..., 2.8102e-01,
           4.6889e-01, 3.5629e-01]],

         [[3.2999e-01, 1.9450e-01, 6.8356e-01,  ..., 7.9067e-01,
           8.9784e-01, 6.9644e-01],
          [1.3550e-02, 1.0431e-01, 4.0126e-01,  ..., 5.8478e-01,
           2.0526e-01, 6.8455e-01],
          [2.1234e-01, 5.9426e-01, 5.6437e-01,  ..., 1.0723e-01,
           5.6448e-01, 7.8210e-01],
          ...,
          [5.8368e-02, 8.8568e-02, 1.6136e-01,  ..., 9.5494e-01,
           2.7308e-01, 2.6625e-01],
          [6.5623e-01, 7.6588e-01, 1.2116e-01,  ..., 7.1733e-01,
           7.5944e-01, 9.4583e-01],
          [1.6683e-01, 1.9925e-01, 8.6224e-01,  ..., 3.6208e-01,
           4.3278e-01, 3.1531e-01]]],


        [[[5.0901e-01, 2.8572e-01, 8.9512e-01,  ..., 5.7654e-01,
           4.2352e-01, 5.0038e-04],
          [6.0176e-01, 9.1502e-01, 7.4352e-01,  ..., 3.4258e-01,
           6.4867e-01, 4.5906e-01],
          [9.2899e-01, 7.4080e-01, 2.8767e-01,  ..., 7.7301e-01,
           6.1813e-01, 1.3749e-01],
          ...,
          [5.8066e-01, 3.1450e-01, 7.5830e-01,  ..., 9.1710e-01,
           7.7948e-01, 6.9186e-02],
          [3.1999e-01, 3.0821e-01, 7.8722e-01,  ..., 8.3920e-01,
           8.0394e-01, 4.3992e-01],
          [5.9316e-01, 7.5469e-01, 5.5286e-01,  ..., 2.5052e-01,
           3.6250e-01, 1.8561e-01]],

         [[6.9356e-01, 2.5096e-01, 6.1719e-01,  ..., 4.1103e-01,
           7.3418e-01, 2.2818e-01],
          [8.3733e-02, 4.8681e-01, 1.7674e-01,  ..., 8.7578e-01,
           5.2248e-01, 5.7920e-01],
          [6.6106e-02, 8.1769e-01, 5.1559e-01,  ..., 1.2387e-01,
           9.0077e-01, 2.6586e-01],
          ...,
          [6.9540e-01, 2.7858e-01, 4.2969e-01,  ..., 4.6044e-01,
           1.7615e-01, 1.9696e-02],
          [7.7311e-01, 7.9352e-01, 5.0829e-01,  ..., 9.4924e-01,
           3.8999e-01, 8.2057e-01],
          [7.6618e-01, 6.9712e-01, 7.9298e-01,  ..., 3.2188e-01,
           1.6516e-01, 8.1923e-01]],

         [[3.1762e-01, 6.9989e-01, 9.2853e-01,  ..., 7.8036e-01,
           5.3286e-01, 7.1107e-01],
          [1.3666e-02, 8.8384e-01, 2.7903e-01,  ..., 6.5140e-01,
           9.4775e-01, 8.2602e-01],
          [7.1160e-02, 9.9750e-01, 7.1299e-01,  ..., 4.2233e-01,
           2.9978e-01, 8.5658e-01],
          ...,
          [4.9608e-01, 9.6548e-01, 8.8994e-01,  ..., 2.0675e-01,
           6.3357e-01, 8.0622e-01],
          [5.1986e-01, 1.2316e-02, 1.0646e-01,  ..., 9.4465e-02,
           7.2530e-01, 6.0205e-02],
          [3.3123e-01, 8.7880e-02, 4.1858e-01,  ..., 8.1368e-01,
           3.3066e-01, 7.7463e-01]],

         ...,

         [[4.1772e-01, 2.6959e-01, 6.3250e-01,  ..., 4.2092e-01,
           9.1479e-02, 3.1149e-02],
          [3.2275e-01, 6.3678e-01, 9.8562e-01,  ..., 9.3603e-01,
           8.7669e-01, 4.7127e-01],
          [7.7382e-01, 5.2930e-01, 4.2811e-01,  ..., 2.2147e-01,
           4.4840e-01, 1.5483e-01],
          ...,
          [7.6412e-01, 2.3081e-01, 8.6185e-02,  ..., 5.9177e-01,
           1.9652e-01, 3.4135e-01],
          [6.0871e-01, 9.8487e-01, 2.2432e-01,  ..., 4.1493e-01,
           8.3381e-01, 8.9355e-01],
          [4.7375e-01, 2.9012e-02, 7.8214e-01,  ..., 2.2572e-01,
           4.2930e-01, 6.7643e-01]],

         [[2.5540e-01, 4.4053e-01, 3.1013e-01,  ..., 1.4384e-01,
           5.8311e-01, 5.7254e-01],
          [6.2651e-01, 6.9955e-01, 4.4720e-01,  ..., 8.9338e-01,
           4.5717e-01, 7.7238e-01],
          [8.4104e-01, 2.9755e-01, 4.8318e-01,  ..., 1.9738e-01,
           6.6263e-01, 9.8576e-01],
          ...,
          [5.6483e-01, 2.5932e-02, 8.3321e-01,  ..., 8.7739e-01,
           1.3241e-02, 3.9231e-01],
          [6.2825e-01, 6.8597e-01, 6.2292e-02,  ..., 3.7851e-01,
           6.2557e-01, 1.0957e-01],
          [8.2236e-02, 1.6716e-02, 1.9645e-01,  ..., 6.8024e-01,
           4.8281e-01, 8.9303e-01]],

         [[7.1716e-01, 6.6093e-01, 1.7776e-02,  ..., 7.4854e-02,
           9.2602e-02, 6.6742e-01],
          [8.0560e-01, 4.1730e-01, 1.0598e-02,  ..., 2.8764e-01,
           4.4850e-01, 2.0161e-01],
          [7.3879e-01, 5.1569e-02, 6.8372e-01,  ..., 5.8031e-01,
           1.4203e-01, 9.1066e-01],
          ...,
          [5.7955e-01, 7.5754e-01, 3.8098e-01,  ..., 7.5790e-01,
           2.3975e-01, 5.8253e-01],
          [5.1567e-01, 6.1287e-01, 3.5544e-01,  ..., 4.0261e-02,
           3.8804e-01, 7.7958e-01],
          [2.5849e-01, 1.4679e-01, 1.0949e-01,  ..., 1.8020e-01,
           2.5080e-01, 1.5538e-01]]],


        [[[6.4429e-01, 2.1148e-01, 7.0319e-01,  ..., 8.3483e-01,
           3.2723e-01, 2.0066e-01],
          [8.9577e-01, 4.9427e-01, 6.1006e-01,  ..., 3.8323e-01,
           3.9651e-01, 6.1178e-01],
          [3.4085e-02, 5.8353e-01, 2.9262e-01,  ..., 4.9603e-02,
           2.8625e-01, 3.6208e-01],
          ...,
          [9.0884e-01, 9.2949e-01, 8.2537e-01,  ..., 4.2949e-01,
           8.6256e-01, 2.3468e-01],
          [2.5338e-01, 2.7326e-01, 6.3297e-01,  ..., 2.0131e-01,
           4.6974e-01, 2.9989e-01],
          [4.6817e-01, 2.1082e-01, 7.7599e-01,  ..., 4.5130e-01,
           6.5313e-01, 2.3740e-01]],

         [[2.3894e-01, 6.2522e-01, 2.3407e-01,  ..., 1.3989e-01,
           6.1122e-02, 7.4121e-01],
          [4.1051e-01, 4.5994e-01, 4.6818e-01,  ..., 3.0795e-01,
           5.3158e-01, 4.0287e-01],
          [4.5357e-01, 2.7231e-01, 2.8272e-01,  ..., 8.0204e-03,
           3.6390e-01, 9.3285e-01],
          ...,
          [7.0323e-01, 6.0054e-02, 2.1358e-01,  ..., 4.7600e-01,
           4.3719e-01, 7.2230e-01],
          [6.3556e-01, 8.8274e-03, 9.7799e-02,  ..., 8.9661e-01,
           1.6449e-01, 8.9048e-01],
          [2.7615e-01, 4.7358e-01, 8.4143e-01,  ..., 2.4838e-01,
           7.6932e-04, 4.3809e-01]],

         [[5.5215e-01, 6.4161e-02, 7.4484e-01,  ..., 4.7947e-01,
           5.1720e-01, 7.9902e-01],
          [5.0923e-01, 7.5565e-02, 7.9503e-01,  ..., 7.2285e-01,
           4.0144e-01, 9.4662e-01],
          [3.1627e-01, 4.0501e-01, 2.1736e-01,  ..., 1.4648e-01,
           6.9588e-01, 9.6511e-01],
          ...,
          [5.6413e-03, 8.4974e-01, 3.8264e-01,  ..., 3.7843e-01,
           4.8411e-01, 3.2894e-01],
          [7.9918e-01, 4.6493e-01, 5.0946e-01,  ..., 3.4658e-01,
           2.6661e-01, 5.3697e-01],
          [3.1966e-01, 9.3385e-01, 9.4972e-01,  ..., 2.5910e-01,
           6.0604e-01, 6.4164e-01]],

         ...,

         [[3.1139e-01, 5.6882e-02, 2.7645e-01,  ..., 8.3972e-01,
           4.6579e-01, 1.0818e-01],
          [7.3644e-01, 1.7346e-01, 8.3924e-01,  ..., 3.4126e-01,
           9.7040e-01, 6.7646e-02],
          [9.2569e-02, 3.0484e-01, 4.8637e-01,  ..., 4.1020e-01,
           8.4177e-03, 3.1095e-02],
          ...,
          [8.0711e-01, 4.5329e-01, 6.1530e-01,  ..., 6.0598e-01,
           4.3783e-01, 1.3186e-01],
          [3.4764e-01, 9.2604e-01, 9.0114e-01,  ..., 5.8750e-01,
           4.4140e-01, 2.2237e-01],
          [9.4898e-01, 9.8470e-01, 8.2633e-01,  ..., 5.3552e-01,
           9.3425e-01, 1.0453e-01]],

         [[9.3970e-01, 5.6480e-01, 5.0727e-01,  ..., 1.8718e-01,
           3.2738e-01, 2.3798e-01],
          [8.3077e-01, 3.9798e-02, 6.2620e-01,  ..., 5.6541e-01,
           5.6973e-03, 6.3898e-01],
          [8.0055e-02, 2.1669e-01, 4.3758e-01,  ..., 7.0045e-01,
           1.2578e-01, 2.3545e-01],
          ...,
          [7.9083e-01, 7.7923e-01, 5.0431e-01,  ..., 2.6051e-02,
           9.6399e-01, 3.7897e-02],
          [8.4375e-01, 6.5060e-01, 6.5101e-01,  ..., 7.8302e-01,
           9.4973e-01, 3.4914e-01],
          [9.9919e-01, 1.5765e-01, 2.1633e-01,  ..., 6.8963e-02,
           9.3195e-01, 5.3331e-01]],

         [[2.6288e-02, 9.1049e-01, 3.1294e-01,  ..., 8.5612e-01,
           8.4693e-01, 8.0615e-01],
          [2.2620e-01, 5.2195e-01, 4.3020e-01,  ..., 8.1353e-01,
           6.3670e-01, 5.7822e-01],
          [1.8552e-01, 9.6890e-01, 2.2593e-01,  ..., 7.6365e-01,
           5.1097e-01, 5.0415e-01],
          ...,
          [7.5360e-01, 2.4439e-01, 2.3421e-01,  ..., 1.5668e-01,
           7.0049e-01, 9.5567e-01],
          [8.6334e-01, 3.0689e-01, 9.9637e-01,  ..., 6.4307e-01,
           7.7600e-01, 4.6398e-02],
          [5.7853e-02, 2.5330e-01, 3.7077e-01,  ..., 6.2228e-01,
           7.5499e-01, 9.1670e-01]]]])
