tensor([[[[9.2045e-01, 4.8680e-01, 9.5542e-01,  ..., 3.0696e-01,
           4.6718e-01, 1.0415e-01],
          [3.3948e-01, 5.3880e-02, 4.8527e-01,  ..., 9.6956e-02,
           3.8828e-01, 1.4704e-01],
          [6.5259e-01, 1.9704e-01, 9.3464e-01,  ..., 5.2513e-01,
           2.2920e-01, 1.8434e-01],
          ...,
          [6.3209e-01, 3.0274e-01, 3.5315e-01,  ..., 1.3817e-01,
           4.0208e-02, 6.7934e-01],
          [1.9195e-01, 2.4837e-01, 1.3147e-01,  ..., 5.9915e-01,
           5.4647e-02, 8.1715e-01],
          [9.8326e-01, 4.5629e-01, 5.0371e-01,  ..., 7.9454e-01,
           2.7227e-01, 1.7704e-01]],

         [[4.5915e-01, 7.8520e-01, 2.0386e-02,  ..., 9.1585e-01,
           1.0797e-01, 5.8654e-01],
          [4.5089e-01, 3.3996e-01, 1.7514e-01,  ..., 5.2070e-01,
           6.2158e-01, 9.9222e-02],
          [1.3275e-01, 1.5781e-01, 7.4799e-01,  ..., 1.3115e-01,
           8.2479e-01, 4.0404e-01],
          ...,
          [6.2399e-01, 5.0024e-01, 3.6976e-02,  ..., 1.4915e-01,
           5.4030e-01, 9.2484e-01],
          [6.1282e-01, 9.6035e-01, 8.9366e-01,  ..., 6.0839e-01,
           4.9849e-01, 2.0119e-01],
          [8.3657e-01, 9.1738e-01, 8.1994e-01,  ..., 8.9672e-01,
           5.4107e-01, 7.0286e-01]],

         [[7.7085e-01, 2.3121e-02, 6.0008e-01,  ..., 5.6331e-01,
           7.9167e-01, 3.8829e-01],
          [6.0885e-01, 5.4142e-01, 9.8283e-01,  ..., 3.9571e-01,
           3.7897e-01, 3.6995e-01],
          [2.0357e-01, 3.9647e-01, 6.6993e-01,  ..., 1.3651e-01,
           5.4377e-01, 8.7142e-01],
          ...,
          [3.8813e-01, 5.0267e-01, 2.5045e-01,  ..., 4.2120e-01,
           8.8469e-01, 3.5483e-01],
          [6.0505e-02, 8.8796e-01, 9.7104e-01,  ..., 9.0858e-01,
           1.9199e-01, 8.6047e-01],
          [1.1721e-01, 2.9077e-01, 6.8425e-01,  ..., 5.8857e-01,
           2.7075e-01, 8.7349e-01]],

         ...,

         [[6.4750e-01, 7.5363e-02, 1.4172e-01,  ..., 4.6962e-01,
           1.7447e-01, 5.0030e-01],
          [7.9127e-01, 3.9333e-01, 5.9049e-01,  ..., 1.1780e-01,
           9.5460e-01, 7.0688e-01],
          [5.9164e-01, 1.1754e-01, 3.7669e-01,  ..., 3.9436e-01,
           1.3068e-02, 9.6445e-01],
          ...,
          [6.6636e-01, 9.3319e-01, 6.7580e-01,  ..., 1.6851e-01,
           8.1558e-02, 5.1577e-01],
          [5.0849e-04, 4.6662e-02, 2.9837e-01,  ..., 1.1531e-01,
           9.7605e-01, 3.5434e-01],
          [9.2743e-01, 3.9137e-01, 7.7536e-01,  ..., 3.5513e-01,
           6.4899e-01, 1.1103e-01]],

         [[7.6771e-02, 4.7111e-01, 2.8295e-01,  ..., 6.5034e-01,
           7.8431e-01, 5.8849e-01],
          [3.6007e-01, 4.1283e-01, 2.3597e-01,  ..., 7.3596e-01,
           4.0758e-01, 3.5892e-02],
          [4.3691e-02, 1.7193e-01, 2.4809e-01,  ..., 3.1741e-01,
           4.6420e-01, 1.5591e-01],
          ...,
          [8.2124e-01, 2.7719e-01, 6.3062e-02,  ..., 2.5313e-01,
           5.8027e-01, 8.5648e-01],
          [1.9408e-01, 4.7180e-01, 8.9272e-01,  ..., 3.4551e-01,
           7.4376e-01, 6.3656e-01],
          [8.1543e-01, 6.6944e-01, 1.7797e-01,  ..., 4.8756e-01,
           5.6649e-01, 6.9144e-01]],

         [[3.8448e-01, 1.5252e-01, 2.7273e-01,  ..., 9.7448e-01,
           7.2117e-01, 4.2038e-01],
          [6.7819e-01, 3.2290e-01, 9.9566e-01,  ..., 1.8930e-01,
           7.7920e-01, 2.2300e-01],
          [3.9519e-01, 6.1201e-02, 8.5692e-01,  ..., 9.4182e-01,
           2.2280e-01, 7.8979e-01],
          ...,
          [2.4308e-02, 7.5107e-01, 3.2108e-01,  ..., 6.1877e-01,
           1.2292e-01, 8.0680e-01],
          [7.2195e-01, 1.1452e-01, 4.6071e-01,  ..., 4.2966e-01,
           2.9368e-01, 8.5945e-01],
          [2.9878e-02, 2.5657e-01, 1.9207e-01,  ..., 4.8858e-01,
           8.5533e-01, 7.7186e-01]]],


        [[[2.1463e-02, 1.7326e-01, 2.8307e-02,  ..., 2.5954e-01,
           6.2944e-02, 2.8308e-01],
          [4.6184e-02, 2.6985e-01, 8.2730e-01,  ..., 4.4166e-02,
           3.7396e-01, 6.3398e-01],
          [8.0571e-02, 3.1477e-01, 5.3714e-02,  ..., 6.5827e-01,
           4.9132e-01, 8.8394e-01],
          ...,
          [3.7786e-01, 5.3122e-01, 4.5423e-01,  ..., 5.9604e-01,
           2.0679e-02, 4.2810e-01],
          [2.2717e-01, 9.2888e-01, 2.8323e-01,  ..., 2.3636e-01,
           7.7602e-02, 4.4779e-01],
          [7.8803e-01, 4.4046e-01, 9.3373e-02,  ..., 4.9954e-01,
           6.1489e-01, 8.7212e-01]],

         [[3.9610e-01, 6.5689e-01, 9.3066e-01,  ..., 4.4516e-01,
           1.8302e-01, 4.4502e-01],
          [1.0572e-01, 8.5957e-01, 8.9988e-01,  ..., 9.6724e-01,
           5.8542e-02, 2.8421e-02],
          [7.2381e-01, 8.0240e-01, 1.2264e-01,  ..., 9.7182e-01,
           5.9298e-01, 2.5739e-01],
          ...,
          [8.4469e-01, 9.9192e-01, 6.1680e-01,  ..., 9.3536e-01,
           7.2555e-01, 2.2725e-01],
          [3.5848e-01, 7.5094e-01, 9.6425e-01,  ..., 5.4316e-01,
           4.3773e-01, 6.3845e-01],
          [6.2752e-01, 4.0128e-01, 3.0078e-01,  ..., 2.8523e-01,
           7.0002e-01, 9.1335e-01]],

         [[6.2542e-01, 3.0098e-01, 3.8901e-01,  ..., 7.9650e-01,
           8.3761e-01, 1.4307e-01],
          [8.0905e-01, 3.3954e-01, 7.1488e-01,  ..., 6.8595e-01,
           5.2511e-01, 1.9121e-01],
          [4.0524e-01, 9.1091e-01, 6.1973e-01,  ..., 8.1189e-01,
           8.9727e-01, 3.6789e-02],
          ...,
          [2.3828e-01, 4.7965e-01, 3.4520e-01,  ..., 2.4768e-02,
           6.2787e-01, 1.3955e-01],
          [1.1641e-01, 9.7304e-01, 8.2963e-01,  ..., 2.1327e-01,
           6.7985e-01, 6.2499e-01],
          [7.1826e-01, 4.8741e-01, 7.2503e-02,  ..., 2.6614e-01,
           9.5395e-01, 9.4041e-01]],

         ...,

         [[1.2689e-01, 7.8201e-01, 5.0309e-01,  ..., 3.5332e-01,
           4.8816e-01, 1.0557e-01],
          [6.5535e-01, 1.0426e-01, 5.4134e-01,  ..., 4.2609e-01,
           3.6725e-01, 9.4270e-01],
          [4.2341e-01, 4.0479e-01, 5.1173e-01,  ..., 2.1556e-01,
           9.6145e-01, 2.1125e-01],
          ...,
          [2.9931e-01, 5.7781e-01, 7.8573e-01,  ..., 3.8139e-01,
           7.0254e-01, 7.8215e-01],
          [3.0301e-01, 1.4828e-01, 3.0466e-01,  ..., 3.4220e-02,
           7.6261e-01, 1.5555e-01],
          [6.5872e-01, 4.2236e-02, 1.1405e-01,  ..., 9.6837e-01,
           6.4145e-01, 4.0689e-01]],

         [[8.8008e-01, 8.6090e-01, 8.3648e-01,  ..., 5.5563e-01,
           5.5953e-01, 8.8664e-01],
          [4.8934e-01, 8.1865e-01, 5.4406e-01,  ..., 8.7119e-01,
           2.1365e-01, 7.9267e-01],
          [4.2316e-03, 6.8741e-01, 3.1909e-01,  ..., 9.7802e-02,
           9.1210e-01, 1.1324e-01],
          ...,
          [5.7987e-01, 4.6661e-01, 5.1596e-02,  ..., 9.1635e-01,
           1.2244e-01, 2.6576e-01],
          [8.1031e-01, 9.2591e-01, 5.3019e-01,  ..., 5.8670e-01,
           3.5551e-01, 8.3948e-01],
          [1.1855e-01, 9.1059e-01, 1.3248e-01,  ..., 7.9026e-01,
           5.0602e-01, 1.3658e-01]],

         [[5.6611e-01, 4.4465e-03, 7.1931e-01,  ..., 6.9221e-01,
           1.5941e-01, 5.1369e-01],
          [9.6587e-01, 2.8017e-01, 6.5532e-01,  ..., 3.7474e-01,
           1.1231e-01, 3.2228e-01],
          [7.5277e-02, 2.9742e-01, 9.1572e-02,  ..., 9.9430e-01,
           2.9225e-01, 8.7487e-01],
          ...,
          [3.5855e-01, 5.3547e-01, 3.9624e-01,  ..., 4.7617e-01,
           6.5342e-01, 9.5650e-02],
          [9.2931e-01, 5.3575e-01, 2.9013e-02,  ..., 3.4505e-01,
           5.4808e-01, 1.6867e-01],
          [6.6497e-01, 5.4887e-01, 4.7853e-01,  ..., 2.8036e-01,
           5.6146e-01, 4.9090e-01]]],


        [[[1.0672e-01, 6.4745e-01, 9.5853e-01,  ..., 8.5060e-01,
           9.4393e-01, 4.9913e-01],
          [8.8910e-01, 1.8049e-01, 3.5563e-01,  ..., 7.5197e-01,
           3.6082e-01, 7.5776e-01],
          [8.2537e-01, 1.1101e-01, 4.8230e-01,  ..., 7.4985e-01,
           9.2731e-02, 5.7680e-01],
          ...,
          [3.0426e-01, 3.2938e-01, 3.5254e-01,  ..., 9.0206e-01,
           9.9527e-01, 9.4865e-01],
          [5.2124e-01, 6.0653e-01, 6.1772e-01,  ..., 3.6724e-01,
           2.5194e-01, 2.8081e-01],
          [4.4297e-01, 5.2254e-01, 9.2181e-01,  ..., 7.7440e-02,
           9.8340e-01, 3.7835e-01]],

         [[6.3512e-01, 5.4367e-01, 9.6717e-01,  ..., 6.9311e-01,
           3.3007e-01, 9.7161e-01],
          [8.4623e-01, 7.3434e-01, 7.6062e-01,  ..., 8.9760e-01,
           3.3373e-01, 2.4138e-01],
          [2.0715e-01, 2.0936e-03, 4.9420e-01,  ..., 1.3142e-01,
           4.1264e-01, 5.3840e-01],
          ...,
          [3.2193e-01, 4.2021e-01, 3.1974e-01,  ..., 4.6083e-01,
           3.5520e-02, 8.0079e-02],
          [9.0042e-01, 9.5336e-01, 5.1760e-01,  ..., 6.7247e-01,
           1.5063e-01, 1.3563e-01],
          [3.1044e-01, 1.0880e-01, 4.6070e-01,  ..., 2.1081e-01,
           4.5026e-02, 1.4637e-01]],

         [[4.9838e-01, 4.3398e-01, 2.6022e-02,  ..., 4.8130e-01,
           4.2462e-01, 7.6408e-01],
          [7.6500e-02, 8.5509e-01, 6.1932e-01,  ..., 9.6090e-01,
           6.2606e-01, 7.5810e-02],
          [9.1953e-01, 4.9260e-01, 9.7627e-01,  ..., 9.9157e-01,
           6.9074e-01, 3.8894e-01],
          ...,
          [6.2788e-01, 4.9281e-01, 3.1204e-01,  ..., 6.7305e-01,
           6.1373e-01, 9.6419e-01],
          [7.2227e-01, 9.7196e-01, 5.0612e-01,  ..., 1.6389e-01,
           6.4778e-01, 9.6263e-01],
          [4.2238e-01, 3.6662e-01, 4.4174e-01,  ..., 3.0390e-01,
           8.9309e-01, 8.1135e-01]],

         ...,

         [[5.8902e-01, 6.0894e-01, 8.4918e-02,  ..., 6.8384e-01,
           9.2382e-01, 7.3823e-01],
          [8.0939e-01, 2.7736e-01, 5.2088e-01,  ..., 5.3399e-01,
           5.4363e-01, 7.0514e-01],
          [6.2853e-01, 9.2185e-01, 6.0798e-01,  ..., 8.8520e-01,
           2.4264e-01, 2.3872e-01],
          ...,
          [6.6219e-01, 9.4092e-01, 4.9304e-01,  ..., 5.0052e-01,
           3.9409e-01, 6.5265e-01],
          [5.6191e-02, 4.1091e-01, 4.8844e-01,  ..., 6.0462e-01,
           9.2695e-01, 6.5798e-04],
          [7.1857e-01, 3.1020e-01, 5.2615e-01,  ..., 3.8836e-01,
           9.2824e-01, 2.1774e-01]],

         [[1.4420e-01, 7.9293e-01, 2.4873e-01,  ..., 7.7644e-01,
           4.0593e-01, 2.0116e-01],
          [1.8529e-01, 2.4199e-01, 6.2931e-01,  ..., 6.3329e-02,
           8.1588e-01, 3.9500e-01],
          [1.4044e-01, 2.1066e-01, 8.8592e-01,  ..., 4.2208e-01,
           9.6771e-01, 4.4241e-02],
          ...,
          [7.8073e-01, 1.5990e-01, 2.6307e-01,  ..., 6.1089e-01,
           4.2688e-01, 5.9344e-02],
          [8.6135e-01, 8.5772e-01, 1.3104e-01,  ..., 7.0969e-01,
           6.2663e-01, 6.1618e-01],
          [8.6313e-01, 5.6950e-01, 5.7408e-01,  ..., 1.7018e-01,
           2.5081e-01, 5.9611e-01]],

         [[9.6737e-01, 9.8319e-01, 5.3564e-01,  ..., 3.6049e-01,
           6.2119e-01, 5.2696e-02],
          [1.8622e-01, 4.0936e-02, 5.5633e-01,  ..., 4.9293e-02,
           4.7118e-01, 9.9558e-01],
          [4.4044e-01, 6.7821e-01, 8.5609e-01,  ..., 9.7830e-01,
           2.5029e-01, 5.7535e-01],
          ...,
          [1.3850e-01, 5.0921e-01, 8.4203e-01,  ..., 1.7284e-01,
           8.7595e-01, 5.0384e-02],
          [3.8371e-01, 9.5117e-02, 3.6030e-02,  ..., 7.0063e-01,
           4.9211e-02, 1.2822e-01],
          [7.3072e-01, 3.8348e-01, 4.6666e-01,  ..., 8.0371e-02,
           1.3653e-01, 2.1295e-01]]],


        ...,


        [[[4.1057e-01, 9.8981e-01, 2.9743e-01,  ..., 9.7196e-01,
           1.0936e-01, 8.4895e-01],
          [9.4287e-02, 7.4568e-01, 8.9213e-01,  ..., 2.2667e-01,
           7.4656e-01, 1.9833e-01],
          [5.6071e-01, 6.7191e-01, 1.8998e-01,  ..., 9.6427e-02,
           8.0611e-01, 1.1238e-01],
          ...,
          [7.9207e-01, 2.5889e-01, 4.0650e-01,  ..., 3.7220e-01,
           1.3147e-01, 6.7980e-01],
          [2.1113e-01, 2.1563e-01, 9.1155e-01,  ..., 2.7859e-01,
           7.3880e-01, 4.5019e-01],
          [4.6056e-01, 5.8812e-01, 3.1047e-01,  ..., 1.8936e-01,
           3.4900e-01, 8.0789e-01]],

         [[8.6149e-01, 4.6290e-02, 4.9831e-01,  ..., 8.5924e-01,
           1.3797e-01, 9.7281e-01],
          [8.1712e-01, 7.2102e-01, 7.3767e-01,  ..., 5.5360e-02,
           5.0004e-01, 3.2672e-01],
          [2.9398e-01, 5.1627e-01, 4.0875e-01,  ..., 5.4089e-01,
           1.9485e-02, 2.4945e-01],
          ...,
          [9.5917e-01, 8.4083e-01, 3.3777e-01,  ..., 6.6990e-01,
           7.6231e-01, 5.9615e-01],
          [7.7583e-01, 7.1934e-01, 5.2862e-01,  ..., 8.6752e-01,
           4.4940e-03, 8.3978e-01],
          [2.0205e-01, 2.5995e-01, 4.1401e-01,  ..., 9.9374e-01,
           2.7001e-01, 6.8020e-01]],

         [[5.9565e-01, 2.1936e-01, 7.9876e-01,  ..., 9.3368e-01,
           4.5117e-01, 2.8150e-01],
          [9.1645e-01, 4.0335e-01, 6.0613e-01,  ..., 3.9616e-01,
           4.7078e-01, 7.6725e-01],
          [8.2031e-01, 7.3936e-01, 2.4731e-01,  ..., 6.2024e-02,
           3.0440e-01, 8.2565e-01],
          ...,
          [7.6984e-01, 4.1596e-01, 9.1389e-02,  ..., 3.7882e-01,
           8.3935e-01, 8.4461e-01],
          [5.1305e-02, 4.7538e-01, 9.7542e-01,  ..., 2.1346e-02,
           9.2809e-01, 3.3589e-02],
          [3.6851e-01, 6.5439e-01, 4.4175e-01,  ..., 3.4096e-01,
           6.1458e-01, 9.6347e-01]],

         ...,

         [[7.9755e-01, 9.4150e-01, 1.6543e-03,  ..., 8.5591e-01,
           3.6681e-01, 9.5426e-01],
          [1.8038e-01, 7.6314e-01, 6.0174e-01,  ..., 1.2364e-01,
           3.0651e-01, 1.5715e-01],
          [6.8562e-01, 5.3945e-01, 1.3240e-01,  ..., 4.6694e-01,
           9.4115e-01, 1.9009e-02],
          ...,
          [1.2893e-01, 6.1937e-01, 4.4465e-01,  ..., 1.3795e-01,
           5.9577e-01, 6.3172e-02],
          [4.0507e-01, 5.2454e-01, 3.0433e-01,  ..., 2.8954e-01,
           9.2950e-01, 8.8678e-01],
          [9.6661e-01, 6.4777e-01, 3.5760e-01,  ..., 4.1781e-01,
           4.6354e-01, 4.3349e-01]],

         [[5.8606e-01, 5.6515e-01, 6.9138e-01,  ..., 5.6703e-01,
           3.6953e-01, 2.0933e-01],
          [4.6677e-01, 9.3557e-01, 5.8192e-01,  ..., 6.2807e-01,
           2.4149e-01, 2.2917e-01],
          [5.9667e-01, 1.3421e-01, 5.7893e-01,  ..., 9.2872e-01,
           9.4238e-01, 1.6104e-01],
          ...,
          [5.1483e-01, 8.8120e-01, 1.9271e-01,  ..., 7.4577e-01,
           5.3192e-01, 5.0521e-02],
          [2.4972e-02, 6.6854e-01, 9.6583e-01,  ..., 9.4136e-01,
           4.4930e-01, 9.6855e-01],
          [9.8815e-01, 7.0453e-01, 3.4269e-01,  ..., 6.4147e-01,
           7.7502e-02, 1.4572e-01]],

         [[6.5838e-02, 1.1085e-01, 3.1596e-02,  ..., 4.4245e-01,
           7.8783e-01, 3.7366e-01],
          [2.1611e-01, 8.8081e-01, 7.3319e-01,  ..., 3.1092e-01,
           8.5939e-01, 8.4612e-01],
          [6.0670e-01, 1.1813e-01, 2.4080e-01,  ..., 9.9902e-01,
           6.2880e-01, 1.3213e-01],
          ...,
          [9.0566e-01, 3.4680e-01, 9.8015e-01,  ..., 8.8034e-01,
           5.5616e-01, 1.2247e-01],
          [2.8656e-01, 7.2090e-01, 6.7056e-01,  ..., 7.0396e-01,
           3.1698e-01, 6.8637e-01],
          [2.9664e-01, 9.1979e-01, 9.9694e-01,  ..., 3.0773e-01,
           7.8195e-01, 8.5315e-01]]],


        [[[6.9703e-01, 7.8264e-02, 4.9015e-02,  ..., 5.3745e-01,
           2.8936e-01, 4.8142e-01],
          [9.7771e-03, 3.3532e-01, 5.2838e-01,  ..., 8.4800e-01,
           4.1660e-01, 6.1536e-01],
          [3.4254e-01, 2.1966e-02, 1.8685e-01,  ..., 6.9217e-01,
           8.6986e-02, 5.3556e-01],
          ...,
          [5.8001e-01, 6.1106e-01, 6.0922e-01,  ..., 3.6584e-01,
           2.6381e-01, 1.2767e-01],
          [7.1532e-02, 8.8485e-01, 9.0519e-01,  ..., 8.6248e-01,
           8.3999e-01, 9.8503e-01],
          [5.2984e-01, 7.3035e-01, 5.9634e-02,  ..., 7.5398e-01,
           7.1229e-01, 4.9966e-01]],

         [[3.0526e-01, 4.0373e-01, 3.1313e-01,  ..., 2.0541e-01,
           7.0801e-01, 1.6250e-03],
          [3.6703e-01, 6.2014e-01, 5.8691e-01,  ..., 1.8787e-01,
           4.2149e-01, 2.6334e-02],
          [8.9815e-01, 3.0780e-01, 2.0026e-01,  ..., 6.5694e-01,
           5.1605e-01, 9.9046e-01],
          ...,
          [4.6090e-01, 1.6311e-01, 6.4952e-01,  ..., 7.1888e-01,
           6.5852e-01, 4.0476e-01],
          [7.9649e-01, 8.6994e-01, 3.7853e-01,  ..., 3.4653e-02,
           1.5358e-01, 8.0658e-01],
          [7.7076e-01, 3.4059e-01, 5.4355e-01,  ..., 4.3713e-01,
           6.5422e-02, 3.9390e-01]],

         [[7.9844e-01, 4.3428e-01, 8.1569e-01,  ..., 4.4169e-02,
           6.1409e-02, 7.7510e-01],
          [7.1021e-01, 8.8940e-01, 9.5069e-01,  ..., 1.1975e-01,
           4.6733e-01, 7.2957e-01],
          [1.4222e-01, 7.5572e-02, 6.4273e-01,  ..., 1.2628e-01,
           1.6117e-01, 9.7829e-01],
          ...,
          [6.9418e-01, 2.3116e-01, 5.7580e-01,  ..., 2.5379e-01,
           8.7433e-01, 9.5629e-01],
          [7.1150e-02, 4.3744e-01, 2.8191e-01,  ..., 9.1822e-01,
           7.5558e-01, 5.5914e-02],
          [2.6183e-03, 8.9219e-01, 5.8713e-01,  ..., 8.2148e-01,
           4.6218e-01, 2.5257e-01]],

         ...,

         [[9.9593e-01, 6.9942e-01, 9.2949e-01,  ..., 6.7112e-01,
           6.0711e-01, 4.2380e-01],
          [6.1054e-01, 2.3073e-01, 1.4372e-01,  ..., 7.3631e-01,
           8.6557e-01, 1.8810e-01],
          [7.6050e-01, 3.9357e-01, 7.4073e-01,  ..., 5.7758e-01,
           8.4397e-01, 2.8611e-01],
          ...,
          [3.3892e-01, 7.0616e-01, 1.4975e-01,  ..., 2.3778e-01,
           4.7136e-01, 4.6935e-01],
          [6.2896e-01, 1.5877e-01, 6.7214e-01,  ..., 7.8427e-01,
           2.1632e-01, 1.8812e-01],
          [9.1992e-01, 3.5652e-02, 1.6977e-02,  ..., 9.1920e-01,
           8.0628e-01, 7.9209e-01]],

         [[6.8868e-01, 8.0021e-01, 3.4483e-01,  ..., 1.3802e-01,
           7.7462e-01, 2.6135e-01],
          [1.2152e-01, 3.7543e-01, 4.3002e-01,  ..., 8.1394e-01,
           8.8300e-01, 4.8043e-01],
          [8.9187e-01, 8.7981e-01, 2.9133e-01,  ..., 6.2605e-01,
           9.6157e-02, 2.0887e-01],
          ...,
          [9.7494e-02, 6.7906e-01, 4.9996e-01,  ..., 6.1283e-01,
           9.3388e-01, 5.7294e-01],
          [1.3981e-02, 5.0652e-01, 1.0346e-01,  ..., 3.5013e-01,
           7.6208e-01, 5.6908e-01],
          [1.9232e-01, 2.7796e-01, 5.9254e-01,  ..., 2.4420e-01,
           1.2857e-01, 9.2659e-01]],

         [[6.2474e-01, 4.5203e-01, 5.9142e-03,  ..., 8.0257e-01,
           9.4025e-01, 4.6777e-01],
          [4.8853e-01, 8.0360e-01, 3.0251e-01,  ..., 1.8491e-01,
           4.1073e-01, 8.5853e-01],
          [6.1163e-01, 9.2329e-01, 6.4911e-01,  ..., 4.8663e-01,
           4.5613e-01, 4.7499e-01],
          ...,
          [6.6034e-01, 3.7737e-01, 4.5719e-01,  ..., 7.1951e-01,
           5.0108e-02, 2.1458e-03],
          [3.3484e-01, 1.2723e-02, 2.7197e-01,  ..., 2.8137e-01,
           9.3121e-01, 7.1572e-01],
          [9.0186e-02, 3.4253e-01, 6.4875e-01,  ..., 4.2442e-01,
           1.5337e-01, 9.8478e-02]]],


        [[[6.7182e-01, 2.1735e-01, 2.8740e-01,  ..., 2.0130e-01,
           3.6543e-01, 2.1157e-01],
          [2.6523e-01, 9.0079e-01, 7.4931e-01,  ..., 3.2500e-02,
           5.4096e-01, 7.4383e-01],
          [5.4439e-01, 2.2351e-01, 8.5791e-01,  ..., 4.7196e-03,
           5.7020e-01, 1.4745e-02],
          ...,
          [3.8978e-01, 9.4777e-01, 2.5685e-01,  ..., 6.1941e-01,
           3.4302e-01, 8.4714e-01],
          [6.8658e-01, 5.1574e-01, 7.5511e-01,  ..., 6.7613e-01,
           2.2124e-01, 4.8461e-01],
          [7.2639e-01, 6.4032e-01, 1.4498e-01,  ..., 7.1664e-01,
           3.5660e-01, 3.7879e-01]],

         [[3.4306e-01, 6.1735e-01, 7.5948e-02,  ..., 6.9639e-01,
           3.4787e-01, 5.8961e-01],
          [9.7387e-01, 5.3776e-01, 8.0406e-03,  ..., 4.3824e-01,
           6.1603e-01, 5.5479e-01],
          [2.7031e-01, 4.7939e-03, 9.0790e-01,  ..., 5.9945e-01,
           4.4317e-01, 2.5545e-01],
          ...,
          [1.1208e-01, 7.8953e-01, 8.4939e-01,  ..., 6.2699e-01,
           8.8361e-02, 6.3517e-01],
          [4.2039e-01, 7.0669e-02, 6.3758e-01,  ..., 5.1593e-01,
           3.5284e-01, 5.9829e-02],
          [5.3200e-01, 5.9893e-01, 9.3446e-01,  ..., 7.4869e-01,
           1.9577e-01, 6.3041e-01]],

         [[5.8305e-02, 8.5999e-01, 9.9489e-01,  ..., 5.7366e-01,
           3.5508e-01, 9.0513e-01],
          [6.4101e-01, 8.9893e-01, 3.3811e-01,  ..., 7.0132e-01,
           1.4337e-01, 7.2269e-01],
          [6.7945e-01, 5.5560e-01, 4.7242e-01,  ..., 1.5008e-01,
           8.5705e-01, 7.7311e-01],
          ...,
          [9.1933e-01, 5.0998e-01, 4.8202e-01,  ..., 7.8891e-02,
           2.9584e-01, 9.2490e-01],
          [7.8099e-01, 8.7757e-01, 9.8600e-01,  ..., 6.5367e-01,
           8.7873e-01, 8.8355e-01],
          [2.9073e-01, 4.4422e-01, 2.9689e-02,  ..., 1.8537e-01,
           6.0106e-01, 9.0667e-01]],

         ...,

         [[9.4740e-01, 2.2779e-02, 2.4208e-02,  ..., 6.5878e-01,
           4.0084e-01, 1.8643e-01],
          [8.6524e-01, 3.1914e-01, 5.7011e-02,  ..., 1.6990e-01,
           5.6411e-01, 5.4609e-01],
          [8.4570e-01, 5.0509e-01, 9.7506e-01,  ..., 9.9236e-01,
           3.0905e-01, 3.2190e-02],
          ...,
          [7.1001e-01, 8.8685e-01, 5.2395e-01,  ..., 7.8120e-01,
           4.1145e-01, 9.7400e-01],
          [5.4478e-01, 3.0577e-01, 8.1010e-01,  ..., 9.0757e-01,
           5.6985e-01, 2.1496e-01],
          [6.8787e-01, 8.9402e-01, 8.2328e-01,  ..., 8.6818e-01,
           9.4263e-01, 3.6243e-01]],

         [[6.3369e-01, 5.0618e-02, 1.1368e-01,  ..., 1.0788e-01,
           5.7302e-01, 4.0778e-01],
          [3.4026e-01, 5.0841e-01, 3.8603e-01,  ..., 4.7222e-01,
           7.9064e-01, 7.7126e-01],
          [9.3157e-02, 9.0375e-01, 2.2977e-01,  ..., 4.9383e-01,
           3.7375e-01, 1.0712e-02],
          ...,
          [5.5129e-01, 3.3109e-01, 6.1894e-01,  ..., 5.2997e-01,
           9.0906e-01, 9.2516e-01],
          [5.8531e-01, 1.0985e-01, 2.4497e-01,  ..., 2.8002e-01,
           3.8253e-01, 3.7956e-01],
          [4.2665e-01, 7.4201e-01, 7.8417e-01,  ..., 4.3763e-02,
           3.4485e-01, 2.2894e-02]],

         [[8.1572e-01, 3.3212e-01, 4.5032e-01,  ..., 3.7726e-01,
           4.1978e-01, 2.9924e-01],
          [1.5159e-01, 3.7118e-01, 1.1634e-01,  ..., 3.9948e-01,
           7.7947e-02, 2.6122e-01],
          [1.9736e-01, 2.4136e-01, 8.5155e-01,  ..., 5.7811e-01,
           1.0352e-01, 6.3692e-01],
          ...,
          [8.6175e-01, 3.4600e-01, 5.9166e-01,  ..., 3.2208e-01,
           2.9406e-01, 9.9184e-01],
          [6.9324e-01, 5.8983e-01, 6.1099e-02,  ..., 1.8599e-01,
           2.3076e-01, 8.9985e-03],
          [5.4577e-01, 4.1658e-01, 8.8868e-02,  ..., 5.4822e-01,
           2.8790e-03, 4.6835e-01]]]])
