tensor([[[[3.9256e-01, 7.2963e-01, 9.9636e-03,  ..., 5.8738e-01,
           9.3849e-02, 9.8882e-01],
          [8.3639e-01, 1.3429e-01, 2.1752e-01,  ..., 1.1744e-01,
           6.4501e-01, 4.2468e-01],
          [9.1682e-01, 8.3930e-01, 8.7583e-01,  ..., 9.3266e-01,
           8.4323e-01, 7.8978e-01],
          ...,
          [5.1761e-01, 1.6561e-01, 4.5641e-01,  ..., 8.6780e-01,
           5.7521e-01, 8.1182e-01],
          [6.1450e-01, 1.7298e-01, 2.8049e-02,  ..., 6.5446e-01,
           5.3362e-01, 5.5875e-01],
          [2.5202e-01, 9.1576e-01, 5.1405e-01,  ..., 7.4711e-01,
           4.6338e-01, 3.7019e-01]],

         [[9.2903e-01, 6.0177e-01, 3.0254e-01,  ..., 8.0043e-01,
           6.2222e-01, 3.1439e-01],
          [8.7684e-01, 7.3735e-01, 1.0699e-01,  ..., 6.1421e-01,
           7.4971e-01, 4.2409e-01],
          [4.2115e-01, 9.9514e-01, 3.2605e-01,  ..., 9.9722e-01,
           6.7516e-01, 8.3824e-01],
          ...,
          [9.8028e-01, 5.7112e-01, 6.4065e-01,  ..., 5.8352e-01,
           3.0674e-02, 5.2786e-01],
          [9.0487e-01, 5.0619e-01, 6.5215e-01,  ..., 6.0733e-01,
           7.7390e-01, 7.5116e-01],
          [9.2682e-01, 3.4560e-01, 6.6552e-01,  ..., 5.9326e-01,
           6.7076e-01, 4.9385e-01]],

         [[6.9212e-01, 4.9631e-02, 3.5282e-01,  ..., 7.0746e-01,
           3.6745e-01, 1.6033e-01],
          [9.0719e-01, 8.7495e-02, 9.6826e-01,  ..., 7.7084e-02,
           9.2352e-01, 9.7325e-01],
          [6.4091e-01, 4.9299e-01, 8.1047e-01,  ..., 1.1156e-01,
           8.2350e-01, 7.2179e-01],
          ...,
          [7.3686e-01, 4.9323e-01, 6.7301e-01,  ..., 8.2908e-01,
           6.7834e-01, 5.6400e-01],
          [7.8749e-01, 6.8409e-01, 1.0748e-01,  ..., 7.4955e-01,
           9.7220e-01, 2.8104e-01],
          [2.5170e-01, 9.7017e-01, 8.8330e-01,  ..., 7.2422e-01,
           3.0519e-01, 5.3445e-01]],

         ...,

         [[6.6765e-01, 1.7662e-01, 3.1288e-01,  ..., 8.9912e-02,
           7.1524e-01, 4.3117e-01],
          [8.7521e-01, 6.8002e-01, 1.1323e-01,  ..., 4.7590e-01,
           9.7886e-01, 6.8657e-01],
          [2.6441e-01, 5.6235e-01, 3.1234e-01,  ..., 5.2984e-01,
           9.0075e-01, 3.6058e-01],
          ...,
          [9.3010e-01, 1.6229e-02, 3.0513e-01,  ..., 2.5496e-01,
           6.4774e-01, 4.7353e-01],
          [1.0287e-03, 1.3036e-01, 3.7111e-01,  ..., 9.2541e-01,
           2.9095e-01, 1.0354e-01],
          [8.8919e-01, 6.9620e-01, 3.1295e-02,  ..., 8.2868e-01,
           7.3197e-02, 6.7344e-01]],

         [[3.5153e-01, 7.8199e-01, 2.0908e-01,  ..., 5.6989e-01,
           3.3558e-01, 9.5677e-01],
          [6.4868e-01, 8.1651e-01, 2.1702e-01,  ..., 1.7920e-01,
           8.8679e-01, 8.0555e-01],
          [7.3731e-01, 1.3856e-01, 6.5758e-01,  ..., 2.6629e-01,
           3.0760e-01, 8.8939e-01],
          ...,
          [4.7740e-01, 9.5227e-02, 5.3270e-01,  ..., 2.3523e-01,
           9.3978e-01, 4.7832e-01],
          [2.4125e-01, 3.4063e-01, 1.1658e-01,  ..., 3.3731e-01,
           8.7600e-02, 8.0815e-01],
          [1.4552e-01, 5.4792e-01, 2.7585e-02,  ..., 9.0318e-01,
           6.6536e-01, 2.7089e-01]],

         [[5.9757e-01, 9.8595e-01, 2.6405e-02,  ..., 7.2777e-01,
           9.7027e-01, 7.5905e-01],
          [2.0108e-01, 1.8929e-01, 2.5232e-01,  ..., 5.9706e-01,
           6.7732e-01, 9.6061e-01],
          [3.2132e-01, 4.9214e-01, 7.0014e-01,  ..., 3.8016e-01,
           5.3200e-01, 1.7438e-02],
          ...,
          [2.3495e-01, 9.4862e-01, 8.0984e-02,  ..., 7.4664e-01,
           4.4256e-01, 2.2335e-01],
          [1.1719e-02, 2.4861e-01, 3.1926e-01,  ..., 2.1287e-03,
           5.6533e-01, 9.5030e-01],
          [6.4402e-01, 7.1861e-01, 9.5753e-01,  ..., 8.0871e-01,
           1.7198e-01, 8.8021e-01]]],


        [[[9.0695e-01, 1.4872e-01, 8.0679e-01,  ..., 7.8683e-01,
           3.1083e-01, 6.6328e-01],
          [8.0595e-01, 1.9309e-01, 2.4514e-01,  ..., 6.1142e-01,
           8.1908e-01, 2.5632e-01],
          [8.8622e-01, 3.0575e-01, 7.2394e-01,  ..., 7.5610e-01,
           7.5655e-02, 4.6146e-01],
          ...,
          [9.0251e-02, 2.8661e-01, 5.9301e-01,  ..., 5.9445e-01,
           4.2089e-01, 8.9140e-01],
          [6.5964e-01, 9.7937e-01, 5.9662e-01,  ..., 4.6752e-01,
           4.1838e-02, 9.1895e-02],
          [8.5243e-01, 4.5231e-02, 3.2518e-02,  ..., 2.8279e-01,
           7.7092e-01, 8.7109e-01]],

         [[8.1437e-02, 8.0645e-01, 9.9745e-01,  ..., 5.4719e-01,
           1.6520e-01, 7.9727e-01],
          [8.9188e-01, 3.3097e-01, 7.3370e-01,  ..., 2.2125e-01,
           4.4834e-01, 2.3822e-01],
          [4.2613e-01, 6.9147e-01, 6.7681e-01,  ..., 8.5655e-01,
           3.1074e-01, 1.1027e-01],
          ...,
          [4.2614e-01, 2.5085e-01, 6.2639e-02,  ..., 9.0819e-01,
           5.2562e-01, 2.6570e-01],
          [5.1950e-01, 8.9156e-01, 2.8614e-01,  ..., 9.3670e-01,
           4.5544e-01, 6.1257e-01],
          [7.6463e-01, 4.1744e-01, 1.2009e-01,  ..., 9.6134e-01,
           6.9502e-01, 2.0680e-02]],

         [[7.5585e-01, 5.5266e-01, 5.5854e-01,  ..., 8.1905e-01,
           3.5203e-02, 1.0437e-01],
          [2.7298e-01, 4.9726e-01, 2.7904e-01,  ..., 4.3374e-01,
           4.3092e-01, 6.8970e-01],
          [4.7222e-01, 4.7245e-01, 6.0729e-01,  ..., 8.3656e-02,
           5.6411e-01, 5.7258e-01],
          ...,
          [1.0093e-01, 7.5860e-01, 6.2709e-01,  ..., 1.8905e-01,
           5.5774e-01, 7.7751e-01],
          [7.4607e-01, 9.8231e-01, 4.7705e-01,  ..., 1.9405e-01,
           8.2087e-01, 8.8635e-01],
          [3.2198e-01, 1.1619e-01, 7.4608e-01,  ..., 6.6264e-01,
           9.5768e-01, 2.8484e-01]],

         ...,

         [[8.3435e-01, 7.6266e-01, 4.0928e-01,  ..., 1.7919e-01,
           2.8078e-01, 4.2563e-01],
          [5.0381e-01, 9.5650e-01, 9.3184e-01,  ..., 2.2986e-01,
           1.8646e-01, 4.9478e-01],
          [8.5209e-01, 8.4175e-01, 3.7379e-01,  ..., 3.9244e-01,
           8.6961e-01, 2.5454e-01],
          ...,
          [3.7769e-01, 2.0368e-01, 8.7495e-01,  ..., 8.6742e-02,
           8.8278e-01, 6.6185e-01],
          [7.0423e-01, 8.3934e-02, 7.6285e-01,  ..., 2.5221e-03,
           1.4478e-01, 9.3141e-01],
          [7.3196e-02, 7.9853e-01, 7.8778e-01,  ..., 1.4988e-01,
           4.5790e-01, 4.5971e-01]],

         [[9.2900e-01, 3.2105e-01, 1.4393e-01,  ..., 2.2889e-01,
           9.5658e-01, 8.5596e-01],
          [7.8948e-01, 8.4875e-02, 2.4985e-01,  ..., 7.6974e-01,
           4.2379e-01, 2.0363e-01],
          [9.1178e-01, 8.9287e-02, 5.4317e-01,  ..., 6.2355e-01,
           6.9685e-01, 4.3723e-01],
          ...,
          [3.0147e-01, 4.5177e-01, 7.3535e-01,  ..., 5.5557e-01,
           9.5867e-01, 7.4090e-01],
          [2.0437e-01, 8.5636e-01, 3.3326e-01,  ..., 9.3719e-02,
           5.3909e-01, 7.6514e-01],
          [5.0296e-01, 3.4528e-01, 4.5482e-01,  ..., 7.3320e-01,
           7.3854e-01, 1.1594e-01]],

         [[7.7116e-01, 2.1452e-04, 4.2249e-01,  ..., 7.4935e-01,
           7.0077e-01, 9.6584e-01],
          [1.4573e-01, 7.2441e-01, 8.8663e-01,  ..., 4.2441e-01,
           3.9963e-01, 7.0655e-01],
          [5.2378e-01, 4.6857e-01, 4.0401e-01,  ..., 6.5598e-01,
           3.6548e-01, 4.9861e-02],
          ...,
          [1.1106e-01, 1.1248e-01, 4.7321e-01,  ..., 9.2511e-01,
           3.4421e-01, 4.3098e-01],
          [4.0476e-01, 3.8021e-01, 9.1891e-01,  ..., 4.2779e-01,
           9.0935e-03, 6.5222e-01],
          [9.1652e-01, 6.3188e-01, 1.1512e-01,  ..., 4.1191e-01,
           1.0685e-01, 6.6849e-01]]],


        [[[4.0170e-01, 7.7412e-01, 2.8202e-02,  ..., 5.5417e-01,
           7.6933e-01, 4.3138e-01],
          [5.1233e-01, 4.8168e-01, 3.8906e-01,  ..., 6.5286e-01,
           7.5538e-01, 6.8606e-01],
          [8.4330e-01, 6.2759e-01, 8.5696e-02,  ..., 6.3124e-01,
           5.9629e-01, 7.5803e-01],
          ...,
          [1.6858e-01, 5.4118e-01, 6.2542e-01,  ..., 5.2313e-01,
           3.5366e-01, 1.9309e-01],
          [2.8437e-01, 9.5183e-01, 8.2716e-02,  ..., 2.0186e-01,
           8.2491e-01, 3.4818e-01],
          [3.1926e-01, 2.3279e-01, 6.5640e-01,  ..., 1.1556e-01,
           9.4945e-01, 4.5282e-01]],

         [[5.7914e-01, 1.2282e-01, 9.3785e-01,  ..., 4.2422e-01,
           1.1563e-01, 9.3577e-01],
          [9.0800e-01, 1.6293e-01, 8.9266e-01,  ..., 9.0803e-01,
           7.5667e-01, 2.9405e-01],
          [6.5909e-01, 1.5387e-01, 9.2606e-01,  ..., 1.1408e-03,
           5.7316e-01, 3.4643e-01],
          ...,
          [9.0799e-01, 1.0157e-01, 4.9392e-01,  ..., 5.0851e-01,
           4.3553e-01, 8.2695e-01],
          [6.4914e-01, 9.0237e-01, 9.3310e-01,  ..., 2.6416e-01,
           4.1744e-01, 6.7642e-01],
          [3.5368e-01, 9.4144e-01, 3.0843e-01,  ..., 6.2601e-02,
           8.2323e-01, 8.3746e-02]],

         [[5.5201e-01, 8.2447e-01, 9.0044e-01,  ..., 3.3209e-01,
           4.3765e-01, 5.4141e-01],
          [3.2329e-01, 2.8465e-01, 3.1947e-01,  ..., 4.6751e-02,
           9.8346e-01, 7.8487e-01],
          [5.9543e-01, 3.8517e-01, 7.5784e-02,  ..., 2.9657e-01,
           4.5556e-01, 4.2912e-01],
          ...,
          [6.2028e-01, 9.8611e-01, 6.7359e-01,  ..., 9.7610e-01,
           9.4332e-01, 2.4335e-01],
          [5.9110e-01, 7.6066e-02, 4.8293e-02,  ..., 3.6969e-01,
           5.0147e-01, 9.7227e-01],
          [6.9655e-01, 2.2972e-01, 8.7180e-01,  ..., 3.7422e-01,
           5.6411e-01, 5.8515e-01]],

         ...,

         [[6.8907e-01, 7.4829e-01, 2.6768e-01,  ..., 7.2154e-01,
           5.6350e-01, 8.2180e-02],
          [2.9136e-01, 5.0755e-01, 1.2417e-01,  ..., 3.2851e-01,
           1.0093e-02, 6.6245e-01],
          [6.5164e-02, 3.6381e-01, 8.5868e-01,  ..., 4.1670e-01,
           7.6305e-01, 2.5819e-01],
          ...,
          [5.3616e-01, 3.7970e-01, 4.3850e-01,  ..., 7.4231e-01,
           5.5939e-01, 3.5181e-01],
          [4.7143e-01, 6.2505e-01, 7.4566e-01,  ..., 6.7585e-01,
           3.2109e-01, 3.6385e-02],
          [2.9172e-01, 6.4160e-01, 6.6242e-01,  ..., 2.7512e-02,
           5.8424e-01, 1.9963e-01]],

         [[7.9279e-02, 8.3455e-01, 1.7919e-02,  ..., 2.5169e-01,
           3.7343e-02, 7.6209e-01],
          [1.2845e-01, 6.3437e-01, 3.8473e-01,  ..., 2.2990e-01,
           4.3940e-01, 5.0665e-01],
          [3.6694e-01, 6.1883e-01, 1.5962e-03,  ..., 3.6736e-02,
           8.2977e-01, 3.6842e-01],
          ...,
          [8.4279e-01, 5.7426e-01, 6.6885e-01,  ..., 1.1481e-01,
           7.7297e-01, 6.8752e-01],
          [1.6270e-01, 3.8603e-01, 7.3520e-01,  ..., 6.4213e-01,
           3.8335e-01, 7.1356e-01],
          [5.5457e-01, 2.8415e-01, 3.9960e-01,  ..., 7.9798e-01,
           9.7421e-01, 9.2393e-02]],

         [[9.4478e-01, 7.5470e-01, 9.0188e-01,  ..., 2.9043e-01,
           5.5076e-01, 7.6021e-01],
          [1.6994e-02, 3.3562e-01, 5.7751e-01,  ..., 9.8936e-01,
           7.5885e-01, 2.1305e-01],
          [2.8665e-01, 5.4226e-01, 4.5773e-01,  ..., 6.0572e-01,
           9.3431e-01, 4.7974e-01],
          ...,
          [3.9121e-01, 2.0058e-01, 2.6808e-01,  ..., 6.6099e-01,
           8.0093e-01, 4.7626e-01],
          [9.0642e-01, 1.3049e-01, 6.7266e-01,  ..., 7.4925e-01,
           7.0669e-01, 4.5253e-01],
          [4.9939e-01, 4.4427e-01, 5.7886e-01,  ..., 2.2888e-01,
           5.8781e-01, 7.8416e-01]]],


        ...,


        [[[6.9814e-02, 8.0351e-01, 5.4564e-01,  ..., 8.7262e-01,
           1.2799e-01, 3.9913e-02],
          [4.9010e-01, 6.6839e-01, 6.5628e-02,  ..., 4.5122e-01,
           7.7616e-01, 1.7909e-01],
          [6.0726e-01, 1.4265e-01, 2.5184e-01,  ..., 6.9748e-01,
           1.8864e-01, 9.5775e-01],
          ...,
          [2.6254e-01, 3.2004e-01, 9.0507e-01,  ..., 9.3202e-01,
           7.8304e-01, 2.5983e-01],
          [4.7806e-02, 2.7992e-02, 2.1443e-01,  ..., 6.5526e-01,
           1.3284e-01, 9.1942e-01],
          [9.0518e-01, 4.6896e-01, 6.2781e-01,  ..., 1.4398e-01,
           1.5978e-01, 6.1536e-01]],

         [[1.0421e-01, 3.1463e-01, 2.6978e-01,  ..., 2.8908e-01,
           2.2953e-01, 7.2332e-02],
          [4.5366e-01, 2.7539e-01, 4.8071e-01,  ..., 4.0284e-01,
           9.3941e-01, 1.5044e-01],
          [4.9701e-01, 6.0974e-01, 4.2696e-01,  ..., 3.3948e-02,
           3.3186e-01, 2.7030e-01],
          ...,
          [5.5154e-01, 5.4593e-01, 6.4661e-01,  ..., 3.3990e-01,
           1.9128e-01, 6.2419e-01],
          [6.1380e-02, 7.3943e-01, 9.6189e-01,  ..., 5.3962e-01,
           7.8150e-03, 1.6771e-01],
          [9.9347e-01, 6.0730e-01, 7.5982e-01,  ..., 6.8119e-01,
           3.5676e-01, 6.2529e-01]],

         [[9.6785e-02, 7.0874e-01, 2.7717e-02,  ..., 2.5209e-01,
           6.4226e-01, 3.4725e-01],
          [5.4704e-01, 9.2195e-01, 5.9172e-01,  ..., 1.5616e-02,
           8.7661e-01, 9.6049e-01],
          [1.3001e-01, 9.3088e-01, 7.6336e-02,  ..., 1.3553e-01,
           8.7178e-01, 5.4347e-01],
          ...,
          [7.3662e-02, 7.6710e-01, 8.9433e-01,  ..., 5.1510e-02,
           9.6465e-01, 5.7699e-01],
          [7.7245e-01, 1.3867e-02, 6.5108e-01,  ..., 9.7033e-01,
           6.2436e-01, 2.5374e-01],
          [2.1361e-02, 7.1213e-02, 2.1213e-01,  ..., 4.1683e-01,
           1.2470e-01, 4.9541e-01]],

         ...,

         [[9.8938e-01, 5.1195e-01, 7.6248e-01,  ..., 9.8318e-02,
           1.6260e-01, 2.2902e-01],
          [9.0965e-01, 6.8950e-01, 3.4488e-01,  ..., 2.5297e-02,
           8.2017e-01, 9.6669e-01],
          [5.6149e-01, 5.0571e-01, 7.2058e-01,  ..., 4.1976e-01,
           4.2441e-01, 5.6297e-01],
          ...,
          [9.2319e-03, 5.4194e-01, 2.9711e-01,  ..., 6.4107e-02,
           8.6642e-01, 9.2015e-01],
          [2.2528e-01, 6.0780e-01, 2.9279e-01,  ..., 5.1244e-01,
           6.7221e-02, 3.9717e-01],
          [5.9537e-01, 2.7171e-01, 1.4098e-01,  ..., 1.2934e-01,
           6.1190e-01, 2.3684e-01]],

         [[5.9305e-01, 4.9309e-01, 1.6947e-01,  ..., 3.1837e-01,
           1.7946e-01, 9.5923e-01],
          [9.4885e-01, 6.2411e-01, 5.6295e-01,  ..., 2.9790e-01,
           5.2686e-01, 7.0033e-01],
          [4.9303e-01, 5.3151e-01, 4.5527e-01,  ..., 3.1529e-01,
           7.9899e-01, 5.2708e-01],
          ...,
          [7.2875e-01, 2.4640e-01, 7.1840e-01,  ..., 1.7536e-03,
           6.6916e-01, 2.2046e-01],
          [7.9408e-02, 7.5432e-01, 4.7075e-01,  ..., 5.7874e-01,
           3.1770e-01, 1.3363e-01],
          [8.3727e-01, 5.3107e-01, 9.3012e-01,  ..., 9.6485e-01,
           6.6774e-01, 3.1322e-01]],

         [[2.0055e-01, 8.7501e-01, 6.9704e-01,  ..., 4.0148e-01,
           4.3629e-01, 9.9194e-01],
          [1.3887e-01, 7.4834e-01, 3.7234e-01,  ..., 7.8479e-01,
           9.7113e-01, 6.0844e-01],
          [2.8995e-01, 4.0373e-01, 4.8783e-01,  ..., 7.4284e-01,
           6.9069e-02, 4.9378e-01],
          ...,
          [3.0794e-01, 8.9623e-02, 2.8230e-01,  ..., 7.2404e-01,
           8.4495e-01, 4.8946e-01],
          [7.4150e-01, 9.7798e-01, 3.2772e-01,  ..., 9.2517e-01,
           9.7447e-01, 1.5210e-01],
          [9.7341e-01, 7.8925e-01, 1.4089e-01,  ..., 4.7761e-01,
           8.1599e-02, 3.9310e-01]]],


        [[[5.3937e-01, 7.4765e-01, 8.7594e-01,  ..., 8.6430e-02,
           3.9888e-02, 2.0021e-01],
          [6.4399e-01, 5.7020e-01, 4.8423e-01,  ..., 2.3865e-01,
           5.8539e-01, 1.6360e-01],
          [1.6410e-01, 4.1194e-01, 3.6916e-01,  ..., 8.7904e-01,
           2.4521e-01, 2.4969e-01],
          ...,
          [3.9692e-01, 5.0392e-02, 9.6393e-01,  ..., 7.6697e-01,
           9.5648e-01, 8.2458e-01],
          [6.3196e-01, 2.3296e-01, 4.8764e-01,  ..., 8.3839e-01,
           8.7488e-01, 8.8965e-01],
          [9.8435e-01, 7.3181e-01, 6.1167e-01,  ..., 6.1022e-01,
           6.5122e-01, 2.4119e-01]],

         [[9.1318e-01, 2.9274e-01, 9.0661e-01,  ..., 6.7896e-01,
           5.5106e-01, 1.0529e-01],
          [3.3160e-01, 7.8124e-01, 1.9881e-01,  ..., 7.4512e-01,
           9.2889e-01, 2.1512e-01],
          [5.9210e-01, 8.3537e-01, 2.6595e-01,  ..., 4.0974e-01,
           6.6269e-01, 7.9779e-01],
          ...,
          [6.2734e-01, 2.2753e-02, 9.4287e-01,  ..., 2.0595e-01,
           2.9696e-01, 8.0683e-01],
          [4.2253e-01, 3.2468e-01, 3.7487e-01,  ..., 4.2099e-01,
           3.4114e-01, 9.4698e-02],
          [9.0036e-01, 7.5295e-01, 5.3603e-01,  ..., 9.0420e-01,
           5.8618e-01, 7.0706e-01]],

         [[3.2896e-01, 3.5915e-01, 1.8272e-01,  ..., 9.3940e-01,
           9.3177e-01, 5.3834e-01],
          [7.9418e-01, 4.4740e-01, 1.7230e-01,  ..., 6.7020e-02,
           4.6618e-01, 5.4726e-01],
          [5.5093e-01, 5.4573e-01, 7.2661e-01,  ..., 9.4886e-01,
           7.9565e-01, 9.6742e-01],
          ...,
          [5.3922e-01, 1.9600e-01, 7.5303e-01,  ..., 8.1381e-01,
           9.4320e-01, 7.3183e-01],
          [9.4256e-01, 5.4857e-01, 4.2864e-01,  ..., 2.6040e-01,
           4.6467e-03, 4.7466e-01],
          [8.8901e-01, 1.5540e-01, 5.7597e-01,  ..., 6.9102e-01,
           8.3685e-01, 1.8096e-01]],

         ...,

         [[9.7991e-01, 4.0658e-01, 6.9056e-01,  ..., 6.4700e-01,
           3.5233e-01, 3.2160e-01],
          [3.5912e-01, 4.6030e-01, 9.4606e-02,  ..., 4.2437e-02,
           6.3914e-01, 9.5819e-01],
          [8.8058e-02, 9.5118e-01, 7.6591e-02,  ..., 3.0255e-01,
           9.9427e-01, 4.4688e-01],
          ...,
          [9.1875e-01, 1.4765e-01, 4.1464e-01,  ..., 7.0376e-01,
           3.3362e-01, 4.2868e-01],
          [6.9763e-01, 6.8163e-01, 6.4532e-01,  ..., 2.7194e-01,
           9.2982e-01, 4.0852e-01],
          [7.8050e-01, 7.1707e-02, 6.8291e-01,  ..., 6.1489e-01,
           3.8734e-01, 2.7060e-01]],

         [[6.5382e-01, 6.4765e-01, 2.6946e-01,  ..., 1.0087e-01,
           6.7281e-01, 4.9103e-01],
          [5.5632e-01, 5.3606e-01, 7.7645e-01,  ..., 1.3094e-01,
           5.1693e-01, 3.0394e-01],
          [2.4383e-01, 2.2678e-01, 9.6797e-01,  ..., 7.7774e-01,
           6.9787e-01, 2.0172e-01],
          ...,
          [5.7136e-02, 4.6826e-01, 5.5127e-01,  ..., 3.9575e-01,
           4.0688e-01, 7.5200e-01],
          [7.0943e-01, 2.9409e-01, 5.9197e-01,  ..., 4.8337e-01,
           1.3612e-01, 5.3154e-02],
          [2.6213e-01, 9.9523e-01, 1.7688e-01,  ..., 9.9850e-01,
           2.3099e-01, 8.3194e-01]],

         [[7.4842e-01, 8.3461e-01, 4.3920e-01,  ..., 8.7287e-01,
           4.6508e-01, 3.8158e-01],
          [2.0988e-01, 6.0229e-01, 9.4465e-01,  ..., 7.6481e-01,
           5.6642e-01, 8.9479e-01],
          [4.0808e-01, 4.7555e-01, 9.7715e-01,  ..., 3.6412e-01,
           5.2423e-01, 8.0000e-01],
          ...,
          [9.1977e-01, 7.5711e-01, 5.7820e-01,  ..., 9.0007e-01,
           8.2242e-01, 8.0676e-01],
          [5.3419e-01, 9.8724e-01, 7.6061e-01,  ..., 9.5218e-01,
           9.7636e-01, 2.8746e-01],
          [6.4877e-01, 5.0226e-01, 8.3510e-01,  ..., 4.1229e-01,
           2.4496e-01, 1.8937e-01]]],


        [[[1.7516e-01, 6.5968e-01, 3.4294e-01,  ..., 3.6359e-01,
           4.3163e-01, 6.0566e-01],
          [7.6028e-02, 6.8598e-01, 9.3885e-01,  ..., 3.8416e-01,
           9.2612e-01, 9.6109e-02],
          [3.4313e-01, 8.8087e-01, 2.8870e-02,  ..., 7.3446e-01,
           8.0568e-01, 8.4721e-01],
          ...,
          [6.9045e-02, 8.7924e-01, 4.3884e-01,  ..., 5.7938e-01,
           2.9977e-01, 1.2919e-01],
          [9.7683e-01, 3.4691e-01, 6.7132e-01,  ..., 9.7191e-01,
           9.4098e-01, 5.1958e-01],
          [3.2772e-01, 2.7223e-01, 6.5187e-01,  ..., 7.5499e-01,
           2.7377e-01, 3.9137e-01]],

         [[3.3785e-01, 7.9966e-02, 7.0702e-01,  ..., 2.4232e-02,
           7.0176e-01, 9.6892e-01],
          [1.9547e-01, 8.1448e-01, 4.6343e-02,  ..., 2.8378e-01,
           9.5362e-01, 3.2549e-01],
          [8.7807e-01, 5.6245e-01, 9.4395e-02,  ..., 6.2870e-01,
           1.4227e-01, 1.7375e-01],
          ...,
          [7.4456e-01, 5.0086e-01, 1.0088e-02,  ..., 3.8638e-01,
           5.4167e-01, 1.7809e-01],
          [6.5507e-01, 6.6464e-01, 9.6671e-01,  ..., 1.9364e-01,
           6.5374e-01, 5.1338e-01],
          [1.0255e-01, 1.3266e-02, 3.2629e-02,  ..., 5.5276e-01,
           7.1860e-01, 9.4150e-01]],

         [[6.6616e-02, 5.5384e-01, 1.1088e-01,  ..., 4.3536e-02,
           6.1741e-01, 1.3732e-01],
          [4.3757e-01, 9.5538e-01, 7.9472e-01,  ..., 3.8760e-01,
           8.9458e-01, 4.3323e-02],
          [4.3470e-01, 3.2681e-01, 4.8657e-01,  ..., 2.9264e-01,
           8.1947e-01, 6.7464e-01],
          ...,
          [4.1598e-01, 6.8518e-01, 7.6448e-01,  ..., 7.8426e-01,
           9.8421e-01, 6.4393e-01],
          [7.4589e-01, 4.7847e-01, 2.6535e-02,  ..., 8.6850e-01,
           9.3004e-01, 9.6678e-01],
          [9.5906e-01, 4.5426e-01, 3.3427e-01,  ..., 5.6433e-01,
           4.3406e-01, 1.0971e-01]],

         ...,

         [[9.4851e-01, 1.6366e-01, 6.2162e-01,  ..., 8.2257e-01,
           2.8416e-01, 7.1205e-01],
          [4.3811e-01, 6.8825e-02, 5.2512e-01,  ..., 9.7553e-01,
           5.1151e-01, 2.6415e-01],
          [1.7038e-01, 7.4652e-01, 7.7128e-01,  ..., 6.2970e-03,
           5.6231e-01, 1.0494e-01],
          ...,
          [8.5038e-01, 1.9383e-01, 4.0631e-01,  ..., 2.1502e-01,
           7.4097e-02, 8.9820e-01],
          [7.3952e-01, 4.6841e-02, 9.0949e-01,  ..., 7.9704e-01,
           6.2040e-01, 9.7370e-01],
          [3.7078e-01, 6.5271e-01, 6.8624e-01,  ..., 7.2136e-01,
           7.8723e-01, 5.9165e-01]],

         [[7.6193e-01, 5.2410e-01, 6.2744e-01,  ..., 8.9863e-01,
           8.3075e-01, 8.8127e-01],
          [6.3139e-02, 1.8300e-01, 1.7584e-01,  ..., 5.6737e-01,
           8.5686e-01, 4.3736e-02],
          [5.0379e-01, 2.7597e-02, 6.2243e-01,  ..., 2.4083e-01,
           3.7834e-01, 4.2639e-01],
          ...,
          [8.5036e-01, 2.7128e-01, 9.8136e-01,  ..., 8.1582e-01,
           4.6633e-01, 3.8586e-01],
          [2.7663e-01, 5.5518e-01, 4.3374e-01,  ..., 8.3672e-01,
           7.9985e-01, 8.2567e-01],
          [8.6065e-02, 1.1469e-01, 2.0644e-01,  ..., 3.9388e-01,
           1.1450e-01, 8.1729e-01]],

         [[2.0346e-01, 7.6454e-01, 5.0910e-01,  ..., 7.4159e-02,
           4.8992e-01, 1.3736e-01],
          [7.4668e-01, 5.7002e-01, 5.6087e-01,  ..., 4.5381e-01,
           9.6494e-01, 5.1891e-02],
          [4.8934e-01, 6.2622e-01, 1.0258e-01,  ..., 5.4475e-01,
           3.0784e-01, 7.3409e-01],
          ...,
          [6.2148e-01, 2.6728e-01, 1.0789e-01,  ..., 7.8492e-01,
           2.9466e-01, 9.8057e-01],
          [8.8711e-01, 4.2609e-01, 6.8649e-01,  ..., 8.7647e-01,
           1.7324e-01, 3.3320e-01],
          [1.3321e-01, 7.0620e-01, 8.7724e-01,  ..., 2.3804e-01,
           2.7606e-01, 3.8079e-01]]]])
