tensor([[[[3.0783e-02, 6.7792e-01, 7.5756e-01,  ..., 2.8622e-01,
           9.6905e-01, 7.6903e-02],
          [9.4397e-01, 7.0026e-01, 8.8605e-02,  ..., 9.3777e-01,
           7.1597e-01, 7.7340e-01],
          [7.3825e-01, 6.7622e-02, 2.3288e-01,  ..., 9.3327e-02,
           8.8881e-01, 9.2053e-01],
          ...,
          [7.7611e-01, 3.4412e-01, 4.2820e-01,  ..., 4.8624e-01,
           1.0082e-01, 2.6870e-01],
          [5.9271e-01, 6.2166e-01, 6.3897e-01,  ..., 3.6734e-01,
           8.6207e-01, 5.5148e-01],
          [2.1779e-01, 8.0328e-01, 6.2922e-01,  ..., 4.6889e-01,
           3.5694e-01, 4.2498e-01]],

         [[6.9639e-01, 5.2097e-02, 3.7763e-01,  ..., 8.4481e-01,
           7.3242e-01, 4.9077e-01],
          [8.3397e-01, 7.8699e-02, 2.0598e-01,  ..., 3.1341e-02,
           8.1019e-01, 3.3077e-01],
          [3.9729e-01, 2.9353e-01, 5.5394e-01,  ..., 6.4721e-01,
           8.3261e-01, 2.6396e-01],
          ...,
          [2.1238e-01, 8.0922e-01, 7.9829e-01,  ..., 2.6512e-01,
           4.5195e-01, 3.9704e-01],
          [1.1848e-01, 8.7017e-01, 6.2472e-02,  ..., 9.4850e-02,
           5.8125e-01, 7.3398e-01],
          [1.9781e-01, 1.2682e-01, 1.5405e-02,  ..., 7.0112e-01,
           7.4908e-03, 6.1220e-01]],

         [[4.4151e-01, 7.8306e-01, 3.1800e-01,  ..., 3.3319e-02,
           9.6553e-01, 5.5494e-01],
          [3.9400e-01, 8.2315e-01, 7.2388e-01,  ..., 9.4130e-01,
           8.6484e-01, 4.0913e-01],
          [8.1273e-01, 1.4056e-01, 3.4762e-01,  ..., 2.2959e-01,
           2.9677e-01, 5.6583e-01],
          ...,
          [3.9774e-01, 1.9964e-01, 1.6575e-01,  ..., 5.4511e-01,
           7.4636e-01, 1.4810e-01],
          [9.3510e-02, 2.2248e-01, 9.5136e-01,  ..., 3.7482e-01,
           1.5366e-01, 9.1848e-01],
          [2.6975e-01, 4.3172e-01, 9.1666e-01,  ..., 7.7178e-01,
           8.0021e-01, 7.9891e-01]],

         ...,

         [[6.4425e-01, 6.5187e-01, 7.1108e-01,  ..., 1.4526e-01,
           6.9678e-01, 6.3244e-01],
          [9.4125e-01, 6.6221e-01, 2.7671e-01,  ..., 7.8397e-01,
           9.6353e-01, 7.0104e-01],
          [9.2043e-01, 9.8873e-01, 1.1642e-01,  ..., 8.6845e-01,
           6.2684e-02, 5.1466e-01],
          ...,
          [5.0552e-01, 5.6235e-01, 1.8541e-01,  ..., 8.7148e-01,
           8.6267e-01, 5.0236e-01],
          [6.5047e-01, 3.8146e-01, 6.3259e-01,  ..., 2.0857e-01,
           9.6406e-02, 7.5240e-01],
          [6.1106e-01, 6.3224e-01, 6.2765e-01,  ..., 9.8678e-01,
           9.4302e-01, 2.1696e-01]],

         [[1.5192e-01, 9.9159e-01, 7.7739e-01,  ..., 9.0802e-01,
           2.0426e-01, 3.0820e-01],
          [6.4770e-01, 2.6670e-02, 2.8421e-01,  ..., 2.2087e-01,
           6.3506e-02, 6.5476e-01],
          [1.0901e-01, 9.5869e-01, 7.8927e-02,  ..., 4.8933e-01,
           8.4097e-01, 9.9875e-01],
          ...,
          [8.8593e-01, 6.5773e-02, 6.1504e-02,  ..., 8.9034e-01,
           2.7536e-01, 9.1414e-01],
          [2.7380e-01, 1.5058e-01, 2.8815e-01,  ..., 8.2787e-01,
           8.8240e-01, 5.3561e-01],
          [5.6199e-01, 3.2254e-01, 2.5460e-01,  ..., 6.5391e-01,
           6.2577e-01, 5.7513e-02]],

         [[8.2574e-01, 9.8859e-01, 8.1296e-01,  ..., 5.6602e-01,
           8.5618e-01, 9.3463e-01],
          [9.7462e-01, 2.4025e-01, 4.1898e-01,  ..., 7.1327e-01,
           5.1014e-01, 2.2992e-01],
          [3.8455e-01, 7.4245e-01, 9.2728e-02,  ..., 6.5427e-01,
           1.6766e-01, 6.7408e-01],
          ...,
          [2.8168e-01, 5.7188e-02, 8.0002e-01,  ..., 4.5640e-01,
           9.4337e-01, 8.3845e-01],
          [9.8946e-02, 3.0037e-01, 6.6659e-01,  ..., 3.2303e-01,
           3.7848e-01, 6.2642e-01],
          [9.2052e-01, 3.9874e-01, 5.1531e-01,  ..., 1.7680e-01,
           7.2409e-01, 1.6923e-01]]],


        [[[3.3274e-01, 6.1036e-01, 6.3638e-01,  ..., 1.3452e-01,
           9.0381e-01, 3.8620e-01],
          [7.9974e-01, 7.2722e-01, 3.6944e-01,  ..., 6.3280e-01,
           8.2238e-02, 7.9184e-01],
          [9.5874e-01, 5.3869e-01, 2.1653e-01,  ..., 8.6082e-01,
           3.6970e-01, 5.3265e-01],
          ...,
          [2.9527e-02, 8.2366e-01, 7.2455e-01,  ..., 6.3618e-02,
           5.1769e-01, 4.8500e-01],
          [8.0154e-01, 3.8414e-01, 9.5957e-01,  ..., 7.9995e-01,
           9.0224e-01, 3.2674e-01],
          [8.8151e-01, 9.2120e-01, 3.0131e-01,  ..., 3.6274e-01,
           1.6250e-01, 5.8980e-01]],

         [[8.2251e-01, 6.8445e-01, 6.8549e-01,  ..., 3.5545e-01,
           3.2065e-01, 4.3065e-01],
          [1.3102e-01, 7.7096e-01, 4.1166e-01,  ..., 5.7883e-01,
           4.7262e-01, 1.7326e-01],
          [6.3748e-02, 1.8317e-01, 9.6138e-01,  ..., 5.4042e-01,
           7.5131e-01, 7.4870e-01],
          ...,
          [4.7051e-01, 4.6948e-01, 5.3023e-01,  ..., 6.2989e-01,
           2.3654e-01, 2.7663e-01],
          [8.4919e-01, 5.3602e-01, 8.4027e-01,  ..., 5.2774e-01,
           7.2661e-01, 7.4599e-01],
          [4.8716e-01, 4.5449e-01, 2.3827e-01,  ..., 7.4098e-01,
           7.6652e-01, 8.1277e-01]],

         [[5.5526e-01, 9.9654e-01, 8.7750e-01,  ..., 6.6477e-01,
           8.4145e-01, 8.6060e-01],
          [7.7533e-01, 7.8571e-02, 2.2405e-02,  ..., 8.0653e-01,
           1.8341e-01, 8.4427e-01],
          [3.9669e-01, 5.5546e-01, 8.4014e-01,  ..., 2.9155e-01,
           3.4632e-02, 9.1504e-01],
          ...,
          [4.7356e-01, 2.0878e-01, 1.7259e-01,  ..., 8.5309e-01,
           2.5401e-01, 6.3384e-01],
          [4.4111e-02, 3.3649e-01, 4.2462e-01,  ..., 9.6869e-02,
           9.6683e-01, 2.1699e-01],
          [3.4177e-01, 6.7550e-01, 3.9182e-01,  ..., 7.9461e-01,
           3.9003e-01, 7.8648e-01]],

         ...,

         [[4.4745e-01, 8.9990e-01, 1.9334e-01,  ..., 5.8100e-01,
           4.0300e-01, 5.3169e-01],
          [8.4701e-01, 6.0014e-01, 8.7448e-01,  ..., 1.6638e-01,
           6.1153e-01, 1.6562e-01],
          [9.6796e-01, 6.5302e-01, 9.6257e-01,  ..., 7.5081e-01,
           2.8519e-01, 2.9535e-01],
          ...,
          [6.8328e-01, 3.3341e-01, 4.6750e-01,  ..., 3.5160e-01,
           3.6889e-01, 9.6960e-01],
          [7.1868e-01, 6.4253e-01, 8.1243e-01,  ..., 5.7633e-01,
           4.2423e-01, 8.1444e-02],
          [4.0301e-01, 3.7066e-01, 5.3770e-02,  ..., 4.8927e-01,
           5.9518e-01, 2.3233e-01]],

         [[4.5462e-01, 2.5508e-01, 2.2161e-01,  ..., 6.9655e-01,
           3.8965e-01, 5.4354e-01],
          [5.5184e-01, 2.6685e-01, 8.6300e-01,  ..., 6.6974e-01,
           7.4335e-02, 4.5961e-01],
          [6.3446e-01, 8.9504e-01, 6.9658e-01,  ..., 4.7302e-01,
           6.9127e-02, 5.9762e-01],
          ...,
          [1.2636e-01, 9.0725e-01, 1.0018e-01,  ..., 7.6911e-01,
           8.6349e-01, 6.2720e-01],
          [3.3116e-01, 2.0298e-01, 1.4825e-01,  ..., 1.4307e-01,
           6.8645e-01, 3.7510e-01],
          [3.3541e-01, 5.9733e-02, 8.6853e-01,  ..., 8.5789e-01,
           9.7775e-01, 7.6330e-01]],

         [[5.5907e-01, 9.2090e-01, 8.6472e-01,  ..., 6.9893e-01,
           1.4935e-01, 7.7703e-01],
          [8.0605e-01, 6.6878e-01, 5.3604e-01,  ..., 7.7021e-01,
           5.9404e-01, 4.1100e-01],
          [4.8932e-01, 7.6504e-01, 5.5889e-01,  ..., 5.3420e-01,
           4.5455e-01, 3.7117e-01],
          ...,
          [8.4645e-01, 4.8205e-01, 7.8444e-01,  ..., 5.8393e-01,
           4.0872e-01, 5.3782e-02],
          [1.8789e-01, 2.6697e-01, 1.6896e-02,  ..., 2.0831e-01,
           1.8189e-01, 2.4074e-02],
          [6.3987e-01, 7.4759e-01, 6.6340e-01,  ..., 1.5882e-01,
           9.4734e-01, 9.6187e-01]]],


        [[[9.1799e-01, 5.4111e-01, 3.3753e-01,  ..., 7.7789e-01,
           1.0406e-01, 2.3678e-01],
          [1.4479e-01, 8.8906e-01, 1.2343e-01,  ..., 4.3913e-01,
           9.4205e-01, 1.5735e-01],
          [1.4306e-01, 3.0949e-01, 5.7643e-01,  ..., 4.0149e-01,
           8.0617e-01, 9.7425e-01],
          ...,
          [1.1261e-01, 6.1014e-01, 8.3194e-01,  ..., 2.7554e-01,
           6.5997e-02, 9.7694e-01],
          [6.1926e-01, 4.6342e-01, 2.8730e-01,  ..., 2.8678e-01,
           1.4618e-01, 3.4303e-01],
          [7.8243e-01, 4.3969e-01, 2.5353e-01,  ..., 9.0096e-01,
           6.0585e-01, 3.0138e-01]],

         [[7.4541e-01, 8.9646e-01, 7.4569e-02,  ..., 7.5704e-01,
           2.4763e-01, 9.8757e-01],
          [7.3472e-01, 4.8223e-01, 5.3474e-01,  ..., 6.9402e-01,
           6.4461e-01, 7.4470e-01],
          [7.5639e-01, 1.1817e-02, 9.0784e-01,  ..., 8.3998e-01,
           7.8874e-01, 2.1567e-01],
          ...,
          [6.5132e-01, 3.0713e-01, 4.1236e-01,  ..., 5.9955e-01,
           4.7407e-01, 3.7612e-01],
          [4.3572e-01, 6.2641e-01, 9.4807e-01,  ..., 3.5971e-01,
           4.7353e-01, 6.4824e-01],
          [1.3479e-01, 5.7790e-01, 8.6452e-01,  ..., 9.1522e-01,
           3.7119e-01, 2.2233e-01]],

         [[8.6314e-01, 9.7865e-01, 4.5902e-01,  ..., 8.3246e-02,
           4.6582e-01, 7.8829e-01],
          [6.4274e-01, 1.6134e-01, 2.5178e-01,  ..., 1.2182e-01,
           7.2552e-01, 1.1619e-01],
          [2.7847e-01, 7.5287e-02, 9.8167e-02,  ..., 4.6665e-01,
           1.8816e-01, 1.3810e-02],
          ...,
          [9.7708e-01, 5.4064e-01, 1.2019e-01,  ..., 3.5175e-01,
           5.2909e-01, 9.1747e-01],
          [4.8649e-01, 8.4533e-01, 5.6630e-04,  ..., 9.3550e-01,
           4.5292e-01, 8.3671e-01],
          [9.8855e-01, 4.9046e-02, 6.3856e-01,  ..., 7.0595e-01,
           7.5360e-01, 8.7885e-01]],

         ...,

         [[1.5367e-01, 9.5920e-01, 3.7049e-01,  ..., 2.4920e-01,
           8.5914e-01, 5.2297e-01],
          [7.1658e-01, 7.0711e-01, 9.9973e-02,  ..., 8.5487e-01,
           9.1821e-01, 5.8286e-01],
          [4.1200e-01, 5.7859e-02, 5.0620e-01,  ..., 5.0661e-01,
           9.7259e-01, 3.5089e-01],
          ...,
          [6.7754e-01, 9.0862e-01, 4.7465e-01,  ..., 4.5995e-01,
           2.4451e-01, 1.6031e-01],
          [1.7253e-01, 4.3801e-01, 8.5259e-01,  ..., 8.5071e-01,
           4.9967e-01, 8.1957e-01],
          [6.5913e-01, 2.8921e-01, 6.3133e-01,  ..., 2.9471e-01,
           3.0001e-01, 5.5489e-01]],

         [[8.4127e-01, 4.0639e-02, 4.9860e-01,  ..., 5.2388e-02,
           6.2192e-01, 4.1540e-01],
          [6.3182e-01, 3.4204e-01, 9.0106e-01,  ..., 7.6609e-02,
           3.4929e-01, 8.3800e-02],
          [7.3566e-01, 3.8136e-01, 7.6554e-01,  ..., 9.4340e-01,
           8.1403e-01, 3.9161e-01],
          ...,
          [5.1438e-01, 8.0429e-02, 2.5493e-01,  ..., 5.9809e-01,
           2.1330e-01, 3.1125e-01],
          [3.7621e-01, 6.6213e-01, 1.2996e-02,  ..., 6.3279e-01,
           7.9044e-01, 7.1403e-01],
          [5.9973e-01, 4.3179e-01, 3.0125e-01,  ..., 8.0912e-01,
           5.8722e-01, 9.7638e-02]],

         [[9.8959e-01, 7.1310e-01, 8.7283e-02,  ..., 8.7269e-01,
           1.2450e-01, 3.0136e-02],
          [5.4768e-02, 8.0123e-01, 4.5924e-01,  ..., 2.5053e-01,
           5.4775e-01, 2.0015e-01],
          [4.2749e-02, 1.0301e-01, 7.0155e-01,  ..., 1.2117e-01,
           5.0678e-01, 2.1252e-01],
          ...,
          [8.4390e-01, 8.3175e-01, 2.9209e-02,  ..., 4.2861e-01,
           4.3692e-01, 7.8239e-01],
          [6.7147e-01, 7.5984e-01, 9.3274e-02,  ..., 1.3624e-01,
           1.4981e-02, 3.9414e-01],
          [2.9496e-01, 5.7996e-01, 8.5796e-01,  ..., 1.8576e-01,
           9.6947e-01, 7.3687e-01]]],


        ...,


        [[[8.5069e-01, 7.0332e-01, 9.4842e-01,  ..., 8.7519e-01,
           5.9328e-01, 9.6392e-01],
          [1.9245e-02, 7.8684e-01, 6.5739e-01,  ..., 4.4175e-01,
           3.0835e-01, 5.4449e-01],
          [7.7824e-01, 1.9799e-01, 3.8450e-01,  ..., 6.8820e-01,
           6.4796e-01, 4.9656e-01],
          ...,
          [2.2419e-01, 4.2314e-01, 2.7376e-01,  ..., 3.5979e-01,
           4.0377e-02, 1.7773e-01],
          [2.1215e-01, 3.5693e-01, 1.6281e-01,  ..., 6.1776e-01,
           8.7150e-01, 5.0962e-01],
          [9.5445e-01, 4.6594e-01, 6.1806e-01,  ..., 7.5149e-01,
           4.2567e-01, 1.9463e-01]],

         [[5.2833e-01, 9.6379e-01, 1.4012e-01,  ..., 9.1362e-02,
           3.5426e-01, 7.4476e-01],
          [4.7166e-01, 4.2024e-01, 2.1889e-01,  ..., 1.7352e-01,
           1.4194e-01, 3.0596e-01],
          [3.8033e-01, 9.8226e-01, 3.3588e-01,  ..., 4.9275e-01,
           5.6452e-01, 5.3497e-01],
          ...,
          [6.9791e-01, 7.7236e-01, 4.3616e-01,  ..., 9.9521e-01,
           5.3419e-01, 8.1394e-01],
          [9.2617e-01, 1.5621e-01, 2.0960e-01,  ..., 5.4246e-01,
           4.6877e-02, 9.3528e-01],
          [8.7760e-01, 2.2809e-01, 8.1301e-01,  ..., 8.8688e-01,
           5.0679e-01, 3.5460e-01]],

         [[8.5825e-01, 3.0229e-01, 8.6154e-01,  ..., 8.1030e-01,
           4.5956e-01, 7.9646e-01],
          [6.4823e-01, 4.7470e-01, 4.8604e-01,  ..., 2.6247e-02,
           1.5185e-01, 6.9651e-01],
          [2.7818e-02, 5.6002e-01, 2.3278e-01,  ..., 8.3014e-01,
           9.2718e-01, 6.4471e-01],
          ...,
          [8.4954e-01, 7.6724e-01, 9.8881e-01,  ..., 8.3352e-01,
           5.1823e-01, 4.7587e-01],
          [1.5192e-01, 8.0396e-01, 4.7831e-01,  ..., 3.9709e-02,
           6.9183e-01, 7.5626e-01],
          [1.3048e-01, 4.3604e-01, 8.5354e-02,  ..., 4.4837e-01,
           9.6973e-01, 4.7996e-01]],

         ...,

         [[5.3910e-01, 9.5434e-01, 7.0651e-01,  ..., 2.8794e-01,
           1.8148e-01, 1.3392e-01],
          [9.5917e-01, 9.4026e-01, 1.6164e-01,  ..., 6.8484e-01,
           8.4037e-02, 6.8301e-01],
          [9.7475e-01, 7.2952e-01, 3.9540e-01,  ..., 7.6002e-01,
           7.3115e-02, 1.1911e-01],
          ...,
          [2.2477e-01, 8.8605e-01, 3.9489e-01,  ..., 2.9280e-01,
           7.1474e-01, 6.9410e-01],
          [3.9814e-02, 4.9500e-01, 4.8870e-01,  ..., 9.3517e-01,
           2.4472e-01, 7.4428e-04],
          [2.0301e-01, 6.5001e-01, 2.5837e-01,  ..., 3.2926e-01,
           5.9303e-01, 4.5913e-01]],

         [[6.3898e-02, 2.9016e-01, 8.1734e-01,  ..., 5.6767e-01,
           9.1456e-01, 4.4042e-01],
          [7.4809e-01, 8.5944e-01, 7.0899e-01,  ..., 7.0581e-01,
           4.4963e-01, 1.3748e-01],
          [5.6770e-01, 8.3608e-01, 5.2399e-01,  ..., 4.4700e-01,
           2.3037e-01, 3.3346e-01],
          ...,
          [3.9859e-01, 9.4945e-01, 9.1919e-01,  ..., 4.4638e-01,
           6.1784e-01, 3.4613e-01],
          [2.0953e-01, 7.8604e-01, 2.3930e-01,  ..., 4.8839e-01,
           6.4780e-01, 3.7852e-01],
          [6.4859e-01, 2.4497e-01, 5.3826e-01,  ..., 5.6822e-01,
           4.7701e-01, 4.4135e-01]],

         [[8.0967e-01, 3.8582e-02, 4.0426e-01,  ..., 9.4226e-01,
           3.3652e-01, 2.0867e-01],
          [4.7142e-01, 3.9535e-02, 6.5342e-02,  ..., 6.8682e-01,
           9.3820e-01, 3.6181e-01],
          [6.6102e-01, 5.5435e-01, 7.7961e-01,  ..., 4.3544e-01,
           5.8987e-01, 5.8605e-01],
          ...,
          [2.5831e-01, 8.6123e-02, 1.5188e-01,  ..., 5.9771e-01,
           3.3173e-01, 1.9680e-01],
          [2.2526e-01, 5.8065e-01, 6.2802e-01,  ..., 9.2443e-01,
           1.5267e-01, 1.3687e-01],
          [1.0381e-01, 4.1654e-01, 7.8884e-01,  ..., 1.9245e-01,
           1.9099e-01, 3.6661e-01]]],


        [[[5.8201e-01, 9.3587e-01, 7.0927e-01,  ..., 4.7611e-01,
           2.5435e-01, 1.0979e-01],
          [6.1683e-01, 2.8643e-02, 5.7549e-01,  ..., 2.7675e-01,
           8.3980e-01, 9.9461e-01],
          [5.1381e-01, 1.8844e-01, 3.9029e-04,  ..., 2.3692e-01,
           5.9257e-01, 6.4602e-01],
          ...,
          [1.4632e-01, 9.6662e-01, 2.0710e-01,  ..., 1.9528e-01,
           3.7957e-02, 1.4119e-01],
          [9.8528e-01, 6.7288e-02, 9.6965e-01,  ..., 3.5091e-01,
           7.5823e-01, 5.5717e-01],
          [4.7133e-02, 2.1426e-01, 7.6757e-01,  ..., 9.1376e-03,
           5.3527e-01, 1.3495e-01]],

         [[8.7924e-01, 4.6600e-01, 9.0615e-01,  ..., 3.7863e-01,
           1.7797e-01, 2.1230e-01],
          [4.9109e-01, 9.3948e-01, 2.0565e-01,  ..., 2.3270e-01,
           3.2050e-01, 5.5331e-01],
          [6.4774e-01, 3.6251e-01, 4.4125e-01,  ..., 6.3689e-01,
           4.1509e-01, 7.7034e-01],
          ...,
          [2.5538e-01, 5.2379e-01, 3.6335e-01,  ..., 8.8861e-01,
           7.4407e-01, 8.0274e-01],
          [9.4406e-01, 9.5337e-01, 9.2210e-01,  ..., 3.7871e-01,
           3.5819e-01, 7.4064e-01],
          [7.0818e-01, 8.0508e-01, 4.4810e-01,  ..., 6.5126e-01,
           2.7870e-02, 7.9866e-01]],

         [[3.4122e-01, 2.6992e-01, 4.9538e-01,  ..., 6.9712e-01,
           1.0699e-01, 4.5393e-01],
          [8.1797e-01, 1.3509e-01, 1.2898e-01,  ..., 7.5148e-01,
           9.3889e-01, 2.6008e-01],
          [3.9621e-01, 9.3505e-01, 5.2818e-01,  ..., 1.4556e-02,
           3.1322e-01, 8.3607e-01],
          ...,
          [6.8121e-01, 4.6676e-01, 1.9490e-01,  ..., 8.4343e-01,
           8.9192e-01, 2.6640e-01],
          [2.6101e-01, 6.8111e-01, 4.4509e-01,  ..., 2.8325e-01,
           9.5053e-01, 5.3495e-01],
          [5.3279e-01, 2.5121e-01, 8.8337e-01,  ..., 4.6161e-01,
           6.1595e-01, 7.1446e-01]],

         ...,

         [[3.1496e-01, 6.1232e-01, 9.7816e-01,  ..., 8.2381e-01,
           1.6127e-01, 1.0214e-01],
          [1.4722e-01, 9.7168e-03, 2.9346e-01,  ..., 8.0565e-01,
           5.0661e-01, 8.7147e-02],
          [2.5382e-01, 9.3430e-01, 2.9906e-01,  ..., 2.9121e-01,
           2.9260e-01, 1.9647e-01],
          ...,
          [9.6506e-02, 4.5441e-02, 4.8679e-01,  ..., 3.9694e-01,
           2.5865e-01, 9.9139e-01],
          [9.4856e-01, 9.5561e-02, 3.3931e-01,  ..., 2.8937e-01,
           7.7827e-01, 5.5344e-01],
          [9.1954e-01, 2.3684e-01, 2.5528e-01,  ..., 4.9500e-01,
           8.7055e-01, 5.2473e-01]],

         [[4.3673e-01, 3.5841e-01, 2.5232e-01,  ..., 1.9116e-01,
           5.9448e-01, 7.6012e-01],
          [8.3533e-01, 4.4713e-01, 6.9501e-01,  ..., 1.8115e-01,
           2.2271e-01, 9.8765e-01],
          [5.6556e-01, 3.2647e-01, 9.8022e-01,  ..., 3.2004e-01,
           1.6051e-01, 9.8539e-01],
          ...,
          [3.8847e-02, 2.2663e-03, 1.4528e-01,  ..., 3.8878e-01,
           1.2967e-01, 1.6828e-01],
          [8.3384e-01, 6.4175e-01, 5.6274e-01,  ..., 8.2907e-01,
           5.1962e-01, 9.0047e-01],
          [1.1101e-01, 4.6776e-01, 7.2002e-01,  ..., 1.3833e-01,
           4.1515e-01, 9.3449e-01]],

         [[3.2595e-01, 7.8410e-01, 5.1919e-01,  ..., 7.5464e-01,
           7.7283e-01, 5.0995e-01],
          [5.9117e-01, 1.5550e-01, 1.0902e-01,  ..., 4.8182e-01,
           7.9608e-01, 3.9656e-01],
          [7.2976e-02, 6.1344e-01, 7.9612e-01,  ..., 6.2036e-01,
           9.7337e-01, 3.0585e-01],
          ...,
          [4.2537e-01, 2.6459e-01, 8.8424e-01,  ..., 2.1503e-01,
           9.1260e-01, 9.1340e-01],
          [5.0523e-01, 4.9036e-01, 6.8764e-01,  ..., 2.2459e-01,
           4.9001e-02, 9.6591e-01],
          [3.9170e-01, 7.6423e-01, 5.2121e-01,  ..., 9.3213e-01,
           9.4108e-01, 2.7868e-01]]],


        [[[9.3507e-01, 1.7381e-01, 8.6649e-01,  ..., 5.7835e-01,
           9.3369e-01, 3.1677e-02],
          [1.8976e-01, 4.0254e-01, 3.0281e-01,  ..., 4.4540e-01,
           4.4688e-01, 4.9625e-01],
          [9.3108e-01, 1.4569e-01, 1.1547e-01,  ..., 1.6251e-01,
           8.0280e-01, 2.4922e-02],
          ...,
          [7.6007e-01, 4.4285e-01, 3.0429e-02,  ..., 1.2567e-01,
           6.2100e-01, 3.8497e-01],
          [1.7615e-01, 5.6123e-01, 8.8733e-01,  ..., 9.3983e-01,
           5.4686e-02, 1.2290e-01],
          [1.2908e-01, 4.2900e-01, 4.3840e-01,  ..., 4.5437e-01,
           6.8222e-03, 1.4758e-01]],

         [[1.4964e-01, 2.4184e-01, 2.8395e-01,  ..., 4.1195e-01,
           4.6881e-01, 7.1371e-01],
          [7.3550e-01, 2.6447e-01, 5.8841e-01,  ..., 5.3682e-01,
           9.1869e-01, 6.9189e-01],
          [1.3954e-01, 6.2516e-01, 5.3970e-01,  ..., 6.1829e-01,
           1.4933e-01, 1.9723e-01],
          ...,
          [8.8534e-01, 3.0357e-01, 2.5120e-01,  ..., 1.6937e-01,
           1.3326e-01, 5.2914e-01],
          [9.0517e-01, 1.1848e-01, 1.1886e-01,  ..., 3.5666e-01,
           5.4284e-01, 6.7816e-02],
          [1.0614e-02, 6.6707e-01, 9.5643e-01,  ..., 3.9521e-01,
           1.9001e-01, 4.0302e-01]],

         [[9.5683e-01, 7.2962e-01, 9.4917e-01,  ..., 1.3116e-01,
           9.0324e-01, 1.8367e-01],
          [5.1511e-03, 3.4326e-02, 1.6272e-01,  ..., 2.2487e-01,
           8.5057e-01, 8.7727e-01],
          [6.3714e-01, 8.9947e-01, 1.6583e-02,  ..., 1.1493e-01,
           9.5120e-01, 6.2245e-01],
          ...,
          [8.8186e-01, 6.1036e-01, 7.2244e-01,  ..., 3.4876e-01,
           4.8084e-01, 8.3906e-01],
          [2.2928e-01, 8.6571e-01, 7.1818e-01,  ..., 3.7341e-01,
           7.6379e-01, 3.6509e-01],
          [4.4394e-01, 7.0430e-01, 6.1302e-02,  ..., 5.7979e-01,
           5.7977e-01, 8.3529e-01]],

         ...,

         [[5.0516e-01, 8.2002e-01, 8.0674e-01,  ..., 6.8045e-01,
           6.2381e-01, 5.4200e-01],
          [4.5757e-01, 6.3249e-01, 5.9079e-01,  ..., 4.5357e-01,
           5.3427e-01, 8.1084e-01],
          [6.7212e-01, 5.7479e-01, 4.9799e-01,  ..., 9.4434e-01,
           9.5895e-02, 8.5489e-01],
          ...,
          [8.9104e-01, 6.8933e-01, 3.6079e-01,  ..., 6.0493e-01,
           8.6957e-01, 4.0539e-01],
          [2.6457e-01, 9.5879e-01, 5.1183e-01,  ..., 3.2555e-01,
           4.6613e-02, 9.4647e-01],
          [3.1928e-01, 1.6511e-01, 1.8426e-01,  ..., 3.1580e-01,
           6.8739e-01, 6.6799e-01]],

         [[6.4030e-01, 8.2490e-01, 6.9886e-01,  ..., 2.8430e-01,
           3.1704e-01, 5.3331e-02],
          [7.2148e-01, 7.5521e-01, 7.4584e-01,  ..., 6.3477e-01,
           4.0967e-01, 2.3505e-01],
          [7.6423e-01, 4.8415e-01, 1.6270e-01,  ..., 2.4678e-01,
           1.4026e-01, 1.7071e-01],
          ...,
          [8.1549e-01, 8.7296e-02, 7.2996e-02,  ..., 2.7976e-02,
           1.8392e-01, 8.8454e-01],
          [9.2386e-01, 7.6290e-01, 8.0993e-01,  ..., 9.1039e-01,
           3.1037e-01, 3.7801e-01],
          [8.2564e-01, 9.6055e-01, 7.0543e-01,  ..., 8.9046e-01,
           9.9627e-01, 9.9226e-01]],

         [[4.1793e-01, 4.8907e-01, 6.8453e-01,  ..., 5.4069e-02,
           2.3292e-01, 2.2963e-01],
          [1.7977e-01, 7.2763e-01, 1.9263e-01,  ..., 3.4610e-01,
           7.6155e-02, 5.0154e-01],
          [5.5321e-01, 9.0648e-02, 4.3462e-01,  ..., 8.9550e-01,
           2.9898e-01, 2.8158e-02],
          ...,
          [6.1498e-01, 5.8742e-01, 5.0456e-01,  ..., 2.9595e-01,
           5.2736e-01, 7.3980e-01],
          [8.3669e-01, 8.2295e-01, 9.3831e-01,  ..., 1.8435e-01,
           8.3910e-01, 9.8330e-01],
          [8.7351e-01, 8.5040e-01, 9.4036e-01,  ..., 5.2208e-03,
           7.6360e-01, 7.5280e-01]]]])
