tensor([[[[5.6406e-02, 6.4487e-01, 9.9858e-01,  ..., 6.7647e-01,
           1.6002e-01, 9.0039e-01],
          [6.4634e-01, 6.7902e-01, 6.1338e-01,  ..., 4.6283e-01,
           1.0564e-01, 6.5618e-01],
          [9.6200e-01, 8.1419e-01, 1.9820e-01,  ..., 9.0617e-01,
           9.0979e-01, 9.6630e-01],
          ...,
          [9.6951e-01, 9.0886e-02, 6.3417e-01,  ..., 1.5090e-01,
           4.7388e-01, 1.9419e-01],
          [6.8203e-01, 7.3298e-01, 1.8837e-01,  ..., 8.1550e-01,
           9.8390e-01, 2.1062e-01],
          [1.0373e-01, 5.4901e-01, 7.1034e-01,  ..., 1.1756e-02,
           5.2707e-01, 3.2462e-01]],

         [[4.5904e-01, 2.7180e-01, 1.7516e-01,  ..., 5.8977e-01,
           7.1113e-01, 2.0260e-01],
          [4.6456e-01, 3.5410e-01, 2.2911e-01,  ..., 7.4650e-01,
           8.6230e-01, 5.7597e-01],
          [6.6439e-01, 9.8933e-01, 6.3108e-02,  ..., 9.8361e-01,
           8.9593e-01, 9.9891e-01],
          ...,
          [9.0155e-01, 8.9869e-01, 4.1494e-01,  ..., 4.4160e-01,
           3.4961e-01, 8.3002e-01],
          [2.8142e-01, 1.7192e-01, 8.1130e-01,  ..., 1.4137e-01,
           7.6223e-01, 1.2768e-01],
          [4.2048e-01, 3.9362e-01, 2.1830e-03,  ..., 3.8478e-01,
           7.2918e-01, 1.5577e-01]],

         [[5.2745e-01, 6.3748e-01, 9.0794e-01,  ..., 2.8533e-01,
           8.2842e-01, 8.4055e-01],
          [1.2330e-01, 8.3776e-01, 1.2543e-01,  ..., 2.4373e-01,
           6.2820e-01, 1.7788e-01],
          [5.4570e-01, 9.3984e-01, 1.3811e-01,  ..., 7.5655e-01,
           4.1831e-02, 1.2709e-01],
          ...,
          [6.7001e-02, 8.5960e-01, 5.1506e-01,  ..., 1.0964e-01,
           8.8960e-01, 7.4489e-01],
          [7.3043e-01, 7.6461e-01, 7.0200e-01,  ..., 5.9189e-01,
           4.9650e-01, 4.5189e-01],
          [5.6555e-02, 8.8308e-01, 8.6118e-01,  ..., 8.7891e-02,
           9.6991e-01, 6.6045e-01]],

         ...,

         [[6.8044e-01, 3.1031e-01, 3.8567e-01,  ..., 2.7246e-01,
           9.9462e-01, 8.4033e-01],
          [4.8931e-01, 6.0939e-01, 8.4664e-01,  ..., 9.5143e-01,
           6.8360e-01, 9.8749e-01],
          [2.1301e-01, 1.5539e-01, 3.7937e-01,  ..., 1.6516e-01,
           5.3368e-01, 3.7148e-01],
          ...,
          [6.3357e-01, 1.8309e-01, 6.8797e-01,  ..., 7.6118e-01,
           9.5999e-01, 9.0532e-01],
          [1.8852e-02, 8.7253e-02, 3.6062e-01,  ..., 6.0418e-01,
           8.5370e-01, 1.4321e-01],
          [6.4790e-01, 7.6609e-01, 9.7811e-01,  ..., 1.4141e-01,
           6.2646e-01, 9.0980e-01]],

         [[4.1426e-01, 8.6159e-01, 4.3690e-01,  ..., 6.1493e-01,
           6.4881e-01, 1.8472e-01],
          [1.6360e-01, 5.1919e-01, 8.9622e-01,  ..., 1.1897e-01,
           9.6116e-01, 9.5537e-01],
          [7.4709e-01, 6.7854e-01, 2.2360e-01,  ..., 7.9599e-01,
           2.5790e-01, 7.6417e-01],
          ...,
          [1.6185e-01, 2.2978e-04, 9.6391e-01,  ..., 8.2471e-01,
           7.7612e-02, 2.4259e-01],
          [1.8820e-01, 4.9798e-01, 6.2964e-01,  ..., 3.1448e-01,
           4.1417e-01, 2.0651e-01],
          [6.1974e-01, 1.6896e-01, 9.8103e-01,  ..., 5.3978e-01,
           9.0916e-01, 1.8008e-01]],

         [[4.4879e-01, 4.9188e-01, 5.7787e-01,  ..., 3.2952e-01,
           9.1442e-01, 6.3570e-01],
          [8.1220e-01, 1.3267e-01, 1.4114e-01,  ..., 4.2218e-04,
           6.9668e-01, 9.2902e-01],
          [6.3110e-01, 6.3840e-01, 3.4005e-01,  ..., 4.3950e-01,
           9.1752e-01, 5.2015e-01],
          ...,
          [4.9705e-01, 9.9890e-02, 7.8938e-01,  ..., 2.0033e-01,
           3.3035e-01, 1.8161e-01],
          [3.4218e-01, 5.9694e-01, 5.9697e-01,  ..., 5.5277e-04,
           6.5288e-01, 4.3111e-02],
          [9.4805e-01, 6.6439e-01, 3.4682e-01,  ..., 8.5102e-02,
           9.6695e-01, 2.4989e-01]]],


        [[[3.4737e-02, 2.5005e-01, 7.4978e-01,  ..., 8.5593e-01,
           9.2988e-01, 8.1182e-01],
          [2.8145e-01, 6.9715e-01, 7.5013e-01,  ..., 6.4599e-01,
           9.8888e-01, 8.5543e-01],
          [8.1659e-01, 1.1473e-01, 9.4782e-02,  ..., 8.6125e-01,
           4.2248e-01, 4.1708e-02],
          ...,
          [8.4273e-01, 8.2016e-04, 4.8170e-01,  ..., 6.4876e-01,
           1.2231e-01, 2.9896e-01],
          [2.6028e-01, 9.8786e-01, 1.9746e-01,  ..., 5.5100e-02,
           7.7712e-01, 9.8231e-01],
          [9.3576e-01, 6.6730e-01, 6.8963e-01,  ..., 9.0785e-01,
           2.5536e-02, 7.4914e-01]],

         [[5.0843e-01, 2.6126e-01, 7.7300e-01,  ..., 4.8422e-01,
           5.1151e-01, 6.2204e-01],
          [2.6209e-01, 1.0351e-02, 8.4949e-01,  ..., 5.0374e-01,
           1.0170e-01, 9.6094e-01],
          [5.0479e-01, 9.1721e-01, 3.9690e-01,  ..., 6.2554e-01,
           3.7260e-01, 2.9907e-01],
          ...,
          [3.2713e-01, 2.8664e-01, 1.9336e-01,  ..., 4.6606e-01,
           9.0207e-01, 9.5138e-01],
          [5.1943e-01, 1.0489e-01, 1.0350e-02,  ..., 7.8119e-01,
           2.3763e-01, 5.9894e-01],
          [4.9650e-01, 2.4396e-01, 6.8093e-01,  ..., 9.1568e-02,
           4.4748e-01, 5.6216e-01]],

         [[7.6939e-01, 8.6258e-01, 7.3923e-01,  ..., 6.2901e-01,
           2.4528e-01, 4.3683e-01],
          [9.8829e-01, 2.8247e-01, 4.2155e-01,  ..., 2.9210e-01,
           7.8974e-01, 6.0637e-02],
          [1.8835e-01, 2.0204e-01, 8.4547e-01,  ..., 7.8359e-01,
           9.5337e-01, 5.5546e-01],
          ...,
          [5.5715e-01, 5.3646e-01, 6.2141e-01,  ..., 9.6611e-01,
           8.2505e-01, 6.1243e-01],
          [2.2393e-01, 1.4491e-01, 5.5303e-01,  ..., 4.1924e-01,
           9.0597e-01, 4.9058e-01],
          [2.8249e-01, 2.5072e-01, 9.7069e-01,  ..., 7.5001e-01,
           5.1555e-01, 4.2291e-01]],

         ...,

         [[6.5186e-01, 7.7009e-01, 7.4290e-01,  ..., 4.9713e-01,
           6.4160e-01, 4.2602e-01],
          [7.5363e-01, 8.4057e-01, 1.7719e-02,  ..., 3.3013e-01,
           9.2597e-01, 7.5088e-01],
          [5.5503e-01, 2.2566e-01, 8.6974e-01,  ..., 2.8460e-01,
           2.5001e-01, 1.5118e-01],
          ...,
          [6.9481e-01, 2.7064e-01, 8.2235e-01,  ..., 4.2222e-01,
           3.5836e-03, 1.4299e-02],
          [1.4589e-01, 9.2033e-02, 5.4538e-01,  ..., 4.4344e-01,
           4.5768e-01, 2.1289e-01],
          [8.7378e-01, 7.7313e-01, 3.6010e-01,  ..., 1.9407e-01,
           6.6817e-01, 6.6062e-02]],

         [[6.6670e-01, 3.9908e-01, 5.3358e-01,  ..., 2.0946e-01,
           8.2067e-01, 1.2903e-01],
          [7.3100e-01, 2.4425e-01, 1.7335e-01,  ..., 6.9056e-01,
           4.9412e-01, 3.7153e-01],
          [9.5409e-01, 6.5535e-01, 5.2512e-01,  ..., 8.6783e-01,
           3.7789e-01, 1.4271e-01],
          ...,
          [6.0435e-01, 5.9372e-01, 1.7257e-01,  ..., 9.3975e-01,
           2.6118e-01, 4.0106e-01],
          [5.3350e-01, 2.3237e-01, 4.2485e-02,  ..., 6.0854e-01,
           2.5318e-01, 7.9421e-02],
          [1.4758e-01, 6.1257e-01, 4.1475e-01,  ..., 9.2082e-01,
           6.6403e-01, 3.7225e-01]],

         [[7.9988e-01, 4.0576e-01, 8.9847e-01,  ..., 8.1352e-01,
           9.1398e-01, 8.2333e-01],
          [7.7501e-01, 5.4483e-01, 4.3288e-01,  ..., 3.7939e-01,
           3.7535e-01, 9.2511e-01],
          [4.3891e-01, 9.6476e-01, 2.0134e-01,  ..., 1.0576e-01,
           4.3517e-02, 5.1812e-01],
          ...,
          [4.5176e-01, 3.4486e-01, 7.1856e-01,  ..., 4.4514e-01,
           8.1271e-01, 3.8363e-01],
          [6.6697e-01, 2.6629e-01, 4.7514e-01,  ..., 5.4974e-01,
           6.1636e-01, 8.5370e-01],
          [6.2049e-01, 9.3594e-01, 4.2333e-01,  ..., 6.3563e-01,
           9.1256e-01, 2.5466e-02]]],


        [[[8.6766e-01, 4.5498e-01, 1.1998e-01,  ..., 4.9184e-02,
           8.2348e-01, 8.5111e-02],
          [1.1162e-01, 6.1262e-01, 2.4249e-01,  ..., 4.5422e-01,
           1.3494e-01, 8.4502e-01],
          [4.1292e-01, 4.3843e-01, 9.5680e-01,  ..., 5.6074e-02,
           6.8527e-01, 5.1765e-01],
          ...,
          [5.8076e-01, 4.0432e-01, 3.4181e-01,  ..., 1.7175e-01,
           2.6900e-01, 3.6284e-01],
          [3.1189e-01, 1.4584e-02, 8.3125e-01,  ..., 4.8419e-01,
           1.9445e-01, 3.9870e-01],
          [4.5037e-01, 7.0589e-01, 9.0123e-01,  ..., 7.3221e-02,
           9.5644e-01, 6.6315e-01]],

         [[8.6295e-01, 5.3449e-01, 9.3776e-01,  ..., 7.7882e-01,
           6.4832e-01, 1.7959e-01],
          [6.5271e-01, 9.9448e-01, 6.0220e-01,  ..., 2.5469e-02,
           2.9574e-01, 9.8001e-01],
          [9.3457e-01, 2.0202e-01, 7.2420e-01,  ..., 4.5691e-01,
           2.6428e-01, 2.9967e-01],
          ...,
          [6.2338e-01, 3.3931e-01, 1.8682e-01,  ..., 2.9999e-01,
           2.5406e-02, 1.3370e-01],
          [3.7245e-02, 8.3684e-01, 1.1920e-01,  ..., 2.4283e-01,
           3.4667e-01, 1.4295e-01],
          [3.0733e-01, 2.2894e-01, 3.2321e-01,  ..., 3.0709e-02,
           6.0467e-01, 1.1516e-01]],

         [[9.4851e-01, 1.8144e-01, 3.8496e-01,  ..., 9.2854e-03,
           9.5842e-01, 2.2706e-01],
          [3.2666e-01, 8.9659e-01, 2.5083e-01,  ..., 6.4634e-01,
           3.7524e-02, 6.9745e-01],
          [7.9692e-01, 6.8096e-01, 2.1500e-01,  ..., 8.5149e-01,
           5.3790e-01, 5.5040e-01],
          ...,
          [1.8529e-02, 5.4897e-01, 4.7761e-02,  ..., 1.4045e-01,
           5.0189e-01, 2.0191e-01],
          [7.1945e-01, 4.9375e-01, 8.8157e-01,  ..., 3.4456e-01,
           2.1297e-01, 6.8171e-01],
          [5.2027e-01, 2.6597e-02, 8.3050e-02,  ..., 6.4554e-01,
           1.1766e-01, 7.3263e-01]],

         ...,

         [[6.1096e-01, 8.6932e-02, 6.5627e-01,  ..., 2.9921e-01,
           6.8806e-01, 6.5228e-01],
          [4.3666e-01, 9.5567e-01, 1.5072e-01,  ..., 1.8592e-01,
           4.6701e-02, 3.0652e-02],
          [8.4846e-01, 4.6856e-01, 6.5803e-02,  ..., 2.6192e-01,
           6.5580e-01, 2.1672e-01],
          ...,
          [7.6299e-01, 8.2640e-01, 2.1288e-01,  ..., 2.5190e-01,
           1.6922e-01, 1.3644e-01],
          [9.5273e-01, 8.8066e-01, 9.9340e-01,  ..., 3.7313e-02,
           8.0680e-01, 6.1799e-01],
          [7.4374e-01, 6.2655e-02, 8.4772e-01,  ..., 8.7065e-01,
           7.5785e-01, 1.4457e-01]],

         [[4.1976e-01, 6.7393e-01, 5.8266e-01,  ..., 2.3320e-01,
           2.5608e-01, 1.6287e-01],
          [7.7585e-01, 8.7459e-01, 4.1739e-01,  ..., 6.1402e-01,
           6.6657e-01, 6.8807e-01],
          [1.4139e-01, 3.9010e-01, 2.0210e-01,  ..., 3.8168e-01,
           2.7272e-01, 2.6438e-02],
          ...,
          [7.6479e-01, 4.4278e-01, 7.6565e-01,  ..., 4.2922e-01,
           3.5750e-01, 8.6397e-01],
          [5.1672e-01, 9.9620e-01, 1.1362e-01,  ..., 7.0128e-01,
           1.2744e-01, 9.2602e-01],
          [8.1665e-02, 3.7960e-01, 6.9015e-01,  ..., 2.0548e-01,
           5.4230e-01, 8.8571e-01]],

         [[6.7323e-01, 7.5970e-01, 9.4606e-01,  ..., 9.7383e-01,
           6.9896e-01, 4.9747e-01],
          [4.8438e-01, 7.0530e-01, 1.7605e-01,  ..., 4.3503e-01,
           9.2345e-01, 1.6813e-01],
          [6.4619e-01, 3.3485e-01, 7.9632e-03,  ..., 9.2868e-01,
           9.3027e-01, 7.8535e-01],
          ...,
          [3.0822e-02, 1.5311e-01, 9.7426e-01,  ..., 2.7078e-01,
           6.4958e-01, 4.2638e-01],
          [5.6859e-01, 2.1047e-01, 4.4092e-01,  ..., 8.6460e-01,
           8.0711e-01, 5.4140e-01],
          [5.8849e-02, 4.0565e-01, 1.3874e-01,  ..., 1.2239e-01,
           7.5338e-01, 4.8274e-01]]],


        ...,


        [[[7.6300e-01, 4.5080e-01, 1.6524e-01,  ..., 7.5519e-01,
           1.2188e-01, 8.0338e-02],
          [7.2336e-01, 5.4961e-01, 6.6310e-02,  ..., 9.4070e-01,
           9.9039e-01, 9.9908e-01],
          [2.1104e-01, 4.3971e-01, 3.0624e-01,  ..., 1.7988e-01,
           7.3785e-01, 3.1170e-01],
          ...,
          [9.0063e-01, 4.3759e-01, 9.6144e-01,  ..., 5.9254e-01,
           3.0784e-01, 1.8068e-02],
          [1.8775e-01, 8.5284e-01, 1.9329e-01,  ..., 9.4510e-01,
           8.3433e-01, 4.2833e-01],
          [7.2212e-01, 5.6787e-01, 7.6651e-01,  ..., 6.4397e-01,
           8.8501e-04, 5.1810e-01]],

         [[4.0499e-01, 6.5986e-01, 9.5971e-02,  ..., 5.3489e-01,
           3.3816e-01, 3.3192e-01],
          [8.1340e-01, 3.4954e-01, 4.5668e-01,  ..., 8.7937e-01,
           8.4137e-01, 9.2657e-01],
          [5.6206e-01, 8.3227e-01, 8.1838e-01,  ..., 9.9203e-01,
           6.0349e-01, 2.8766e-02],
          ...,
          [1.7145e-01, 8.9924e-01, 3.7711e-01,  ..., 8.4289e-01,
           8.6885e-01, 3.1281e-02],
          [3.5023e-01, 4.6563e-01, 5.2189e-01,  ..., 9.4724e-01,
           5.2598e-01, 6.2554e-01],
          [6.5398e-01, 2.0225e-02, 1.4901e-01,  ..., 9.0535e-01,
           5.4291e-01, 4.7132e-01]],

         [[5.8192e-01, 2.4359e-01, 9.3299e-01,  ..., 8.8925e-01,
           4.5366e-01, 1.7534e-01],
          [1.0756e-01, 1.5951e-01, 2.1813e-01,  ..., 5.0181e-01,
           3.3907e-02, 4.8119e-01],
          [7.0163e-01, 7.8289e-02, 9.2849e-01,  ..., 7.7340e-02,
           3.7066e-02, 7.3734e-01],
          ...,
          [4.9218e-01, 9.6279e-01, 9.9309e-01,  ..., 3.6455e-01,
           9.6247e-02, 5.0593e-01],
          [5.8521e-01, 7.1680e-01, 5.6535e-01,  ..., 3.5869e-01,
           7.5850e-01, 7.1861e-01],
          [8.3538e-01, 8.8903e-01, 4.8931e-01,  ..., 7.9080e-01,
           9.8496e-01, 3.5317e-02]],

         ...,

         [[9.2324e-01, 2.8700e-01, 3.4133e-01,  ..., 9.2250e-01,
           5.6879e-01, 4.7184e-02],
          [9.0984e-01, 1.0577e-01, 3.0629e-01,  ..., 8.1557e-01,
           1.5233e-01, 9.2114e-01],
          [1.1621e-01, 9.9812e-01, 6.5803e-01,  ..., 7.5663e-01,
           2.9553e-01, 5.2339e-01],
          ...,
          [9.7509e-01, 3.8196e-01, 7.4763e-01,  ..., 3.5191e-03,
           8.0971e-01, 3.5426e-01],
          [7.7511e-01, 6.4145e-01, 1.1615e-01,  ..., 1.1848e-01,
           3.0952e-01, 8.9336e-01],
          [3.6138e-01, 5.2989e-01, 3.2565e-01,  ..., 5.0464e-01,
           8.7970e-01, 8.8668e-01]],

         [[6.7164e-01, 2.9987e-01, 4.1466e-02,  ..., 7.1297e-01,
           6.9823e-01, 3.8844e-01],
          [8.2301e-01, 4.8810e-01, 3.1612e-02,  ..., 1.2420e-01,
           2.8562e-01, 3.5310e-01],
          [8.1605e-01, 1.8524e-02, 8.2761e-01,  ..., 9.1730e-01,
           2.6343e-01, 5.5128e-01],
          ...,
          [8.6444e-01, 2.2706e-01, 8.0201e-01,  ..., 3.5400e-01,
           1.7958e-01, 2.4627e-01],
          [1.9110e-01, 6.7070e-01, 6.9593e-01,  ..., 8.6315e-01,
           3.4784e-02, 4.0300e-01],
          [8.6763e-02, 8.4184e-01, 2.1021e-01,  ..., 9.9626e-01,
           5.5624e-01, 9.2613e-01]],

         [[9.0321e-01, 2.4226e-01, 8.5775e-01,  ..., 1.7851e-01,
           8.6140e-01, 9.4087e-01],
          [2.4517e-01, 6.5359e-01, 1.7934e-01,  ..., 6.7986e-01,
           3.6632e-01, 2.0554e-01],
          [2.3195e-01, 7.8635e-01, 1.0211e-01,  ..., 5.4420e-01,
           2.6764e-01, 5.8339e-01],
          ...,
          [2.7757e-01, 8.1551e-01, 8.2656e-01,  ..., 4.2028e-01,
           1.1210e-01, 3.4862e-01],
          [1.3707e-02, 5.0221e-01, 7.2659e-01,  ..., 9.1464e-01,
           1.2035e-01, 5.5135e-01],
          [4.2701e-01, 8.1158e-01, 1.9276e-01,  ..., 5.5361e-01,
           7.9157e-01, 9.0607e-01]]],


        [[[7.9040e-01, 1.7529e-01, 1.1278e-01,  ..., 9.2595e-01,
           1.4138e-01, 4.3521e-01],
          [1.7056e-01, 5.8780e-01, 4.8165e-01,  ..., 7.3757e-01,
           7.6276e-01, 6.2353e-01],
          [2.3594e-01, 6.2127e-01, 8.6354e-02,  ..., 3.2433e-01,
           5.8795e-01, 1.0844e-01],
          ...,
          [9.2243e-01, 6.1602e-01, 9.2430e-01,  ..., 3.9729e-01,
           2.5206e-01, 9.5408e-01],
          [2.8461e-01, 5.3869e-01, 9.0669e-01,  ..., 5.8752e-01,
           4.0097e-01, 8.1879e-02],
          [9.6920e-01, 4.3466e-01, 7.6927e-01,  ..., 7.4125e-01,
           3.9598e-01, 8.2747e-01]],

         [[7.7208e-01, 1.5198e-01, 6.3585e-01,  ..., 9.8795e-01,
           4.9442e-01, 9.1543e-01],
          [5.2565e-02, 3.9986e-01, 8.7386e-02,  ..., 7.5954e-01,
           5.5448e-03, 9.7682e-01],
          [7.1478e-01, 6.0625e-01, 9.0803e-02,  ..., 5.8914e-01,
           7.8690e-01, 5.8901e-01],
          ...,
          [5.0271e-01, 6.6180e-03, 3.0407e-01,  ..., 8.5836e-01,
           9.3414e-01, 8.3913e-01],
          [5.8120e-01, 7.4408e-01, 2.8378e-01,  ..., 4.2125e-01,
           5.0814e-01, 6.7364e-01],
          [3.9555e-01, 6.6249e-01, 9.9617e-01,  ..., 3.7115e-01,
           1.4881e-01, 9.0083e-01]],

         [[8.0197e-01, 4.0711e-01, 8.5556e-01,  ..., 5.1251e-01,
           3.3054e-01, 1.5465e-01],
          [6.4256e-01, 3.5340e-01, 7.5727e-01,  ..., 6.0357e-01,
           4.8451e-01, 7.1824e-01],
          [1.3955e-01, 5.0069e-01, 6.0606e-01,  ..., 1.9394e-01,
           7.0806e-01, 1.6000e-01],
          ...,
          [5.2749e-01, 4.2601e-01, 6.9438e-01,  ..., 2.4243e-01,
           5.8765e-02, 3.6876e-01],
          [8.0725e-01, 9.2987e-01, 6.2732e-01,  ..., 8.8193e-01,
           3.4484e-01, 5.0414e-01],
          [2.5460e-01, 5.3910e-02, 9.5401e-01,  ..., 7.2372e-01,
           6.1009e-01, 7.9905e-01]],

         ...,

         [[4.2947e-01, 6.9209e-01, 8.8347e-03,  ..., 9.0930e-01,
           6.6602e-01, 1.2085e-01],
          [7.2127e-01, 1.6152e-01, 4.4620e-01,  ..., 6.7492e-01,
           9.2482e-02, 5.8186e-01],
          [6.4588e-01, 6.8057e-01, 3.8584e-01,  ..., 1.7823e-01,
           8.7094e-02, 8.9192e-01],
          ...,
          [9.1302e-01, 5.8079e-01, 4.1174e-01,  ..., 3.2482e-02,
           7.7587e-01, 8.8866e-01],
          [5.1155e-01, 6.7800e-01, 4.5975e-01,  ..., 7.4689e-01,
           6.3850e-01, 9.2847e-02],
          [2.8787e-01, 6.9512e-01, 4.6773e-01,  ..., 4.6983e-01,
           6.7157e-01, 8.7173e-01]],

         [[3.8359e-02, 4.2687e-01, 1.3344e-01,  ..., 2.3077e-01,
           7.1767e-01, 6.8118e-01],
          [2.5928e-01, 7.4551e-01, 3.8904e-01,  ..., 3.3512e-01,
           6.6814e-01, 7.0447e-01],
          [7.1672e-03, 9.8411e-01, 4.6085e-01,  ..., 1.2518e-01,
           7.4338e-01, 3.6838e-01],
          ...,
          [4.5811e-01, 7.8476e-01, 3.8889e-01,  ..., 2.5125e-01,
           8.9966e-01, 6.5371e-01],
          [1.1330e-01, 2.0089e-01, 8.0030e-01,  ..., 6.3881e-01,
           6.6511e-01, 7.7403e-02],
          [6.6077e-01, 3.4314e-01, 5.6290e-01,  ..., 1.8955e-01,
           6.0116e-02, 4.1704e-01]],

         [[6.9125e-02, 6.3544e-01, 6.9762e-01,  ..., 5.9114e-02,
           7.4186e-01, 7.3621e-01],
          [4.3819e-01, 7.3321e-01, 7.5017e-01,  ..., 7.3414e-01,
           6.4549e-01, 1.6178e-01],
          [7.9472e-01, 5.4270e-01, 4.3190e-01,  ..., 7.8603e-01,
           6.4820e-02, 6.9863e-01],
          ...,
          [3.6217e-01, 1.8150e-01, 5.0447e-01,  ..., 2.5042e-01,
           6.3968e-01, 3.6592e-01],
          [2.2206e-01, 4.6610e-01, 5.0658e-01,  ..., 7.4969e-02,
           6.6458e-01, 3.5441e-01],
          [9.0732e-01, 5.5239e-01, 4.3653e-01,  ..., 9.2901e-01,
           9.4473e-02, 5.8280e-01]]],


        [[[9.2165e-01, 6.2954e-01, 4.8143e-01,  ..., 7.7233e-01,
           9.8202e-01, 9.1952e-01],
          [3.7538e-01, 4.3806e-01, 7.1981e-02,  ..., 1.1966e-01,
           4.6732e-01, 8.9521e-01],
          [4.9217e-01, 7.2127e-01, 7.3588e-02,  ..., 4.3178e-03,
           9.4154e-01, 2.3340e-01],
          ...,
          [4.7468e-01, 8.5768e-01, 5.3528e-01,  ..., 8.3716e-01,
           7.3092e-01, 1.3731e-01],
          [3.3323e-01, 3.9939e-01, 2.7020e-01,  ..., 7.1943e-01,
           2.0889e-01, 5.1544e-01],
          [7.6217e-01, 6.6584e-02, 2.6281e-01,  ..., 8.3057e-01,
           4.0927e-01, 3.6519e-01]],

         [[3.5406e-01, 6.6609e-01, 2.0448e-02,  ..., 5.0170e-01,
           1.2337e-01, 8.8564e-01],
          [4.1189e-02, 6.7821e-01, 1.4991e-01,  ..., 3.9986e-01,
           5.0176e-01, 1.5087e-01],
          [7.9349e-01, 6.8526e-01, 3.2653e-01,  ..., 1.4960e-01,
           7.9748e-01, 4.0301e-01],
          ...,
          [4.0550e-01, 1.4621e-02, 2.2349e-01,  ..., 3.0224e-01,
           2.8820e-01, 6.4588e-01],
          [6.7550e-02, 2.7980e-01, 3.6540e-01,  ..., 9.3706e-01,
           1.8657e-01, 9.0132e-01],
          [3.0969e-01, 8.6725e-01, 6.0567e-01,  ..., 3.7543e-01,
           1.1806e-02, 2.1790e-01]],

         [[7.5614e-01, 5.4903e-03, 2.0382e-01,  ..., 2.6635e-01,
           1.7968e-01, 9.0599e-01],
          [9.5083e-01, 4.9696e-01, 1.3056e-01,  ..., 8.9494e-01,
           7.3691e-01, 2.0053e-01],
          [7.5089e-01, 8.0599e-01, 6.4579e-01,  ..., 1.7936e-02,
           7.0234e-01, 5.8710e-02],
          ...,
          [8.6539e-01, 9.1503e-01, 4.3590e-01,  ..., 5.0190e-01,
           4.3891e-01, 4.0262e-01],
          [6.6572e-01, 8.1525e-01, 1.9763e-01,  ..., 2.7411e-01,
           5.8680e-01, 2.8601e-01],
          [2.9730e-01, 6.9910e-01, 4.5652e-01,  ..., 2.2801e-01,
           5.8692e-01, 5.4099e-01]],

         ...,

         [[1.1597e-01, 4.6679e-01, 4.9462e-01,  ..., 2.2465e-01,
           7.7056e-01, 5.3683e-01],
          [5.9691e-01, 8.8335e-01, 2.7916e-01,  ..., 9.6078e-01,
           7.2189e-01, 1.8458e-01],
          [6.6823e-01, 5.2372e-03, 8.5822e-01,  ..., 7.3290e-01,
           3.9244e-01, 9.4669e-01],
          ...,
          [7.2679e-01, 5.6273e-01, 5.9708e-01,  ..., 7.2482e-01,
           1.0667e-01, 1.9868e-01],
          [9.2712e-01, 8.3764e-01, 5.6368e-01,  ..., 7.1443e-01,
           7.0669e-02, 2.4670e-01],
          [4.5242e-01, 1.9331e-01, 1.1002e-01,  ..., 3.8409e-01,
           3.6102e-02, 9.2696e-01]],

         [[7.4297e-01, 7.9502e-01, 5.0841e-01,  ..., 2.0876e-01,
           3.8971e-02, 9.2499e-01],
          [6.9793e-01, 4.6597e-01, 5.1154e-01,  ..., 1.2888e-01,
           2.8725e-01, 1.8625e-01],
          [1.4799e-01, 7.9549e-01, 5.0024e-01,  ..., 3.0058e-01,
           3.9657e-01, 5.4029e-01],
          ...,
          [6.6037e-01, 8.9716e-01, 2.1865e-01,  ..., 2.1053e-01,
           2.6317e-01, 5.6393e-01],
          [8.6639e-01, 2.6602e-01, 8.4053e-02,  ..., 5.7500e-01,
           1.2876e-01, 5.0986e-01],
          [9.9556e-01, 2.9361e-01, 2.1297e-01,  ..., 7.7487e-01,
           6.0963e-01, 3.1956e-01]],

         [[3.6761e-01, 2.0720e-01, 7.7617e-01,  ..., 2.0731e-01,
           6.7652e-01, 9.8365e-01],
          [1.0326e-01, 1.9782e-01, 2.8980e-01,  ..., 7.7874e-01,
           2.2614e-01, 9.4964e-01],
          [7.3641e-01, 9.1322e-01, 1.4302e-01,  ..., 8.5944e-01,
           5.3767e-01, 8.9582e-02],
          ...,
          [7.3757e-01, 1.7313e-01, 8.6207e-01,  ..., 7.1787e-01,
           8.2551e-01, 7.4539e-01],
          [3.2485e-01, 6.8240e-01, 2.9242e-01,  ..., 1.8528e-01,
           6.6089e-01, 3.1467e-01],
          [6.8730e-01, 6.4999e-01, 2.9909e-01,  ..., 9.5791e-03,
           7.3675e-01, 8.6041e-01]]]])
