tensor([[[[2.5265e-01, 2.6245e-01, 9.0499e-01,  ..., 7.7774e-01,
           7.3517e-01, 8.2265e-01],
          [6.1911e-02, 6.8742e-01, 9.0324e-01,  ..., 4.1308e-01,
           4.3048e-01, 7.2739e-01],
          [7.3873e-01, 4.4903e-01, 1.7260e-01,  ..., 9.9767e-02,
           3.3510e-01, 7.8033e-01],
          ...,
          [6.0911e-01, 3.8070e-01, 3.8387e-01,  ..., 6.8336e-01,
           5.9200e-01, 5.7924e-01],
          [3.0061e-01, 6.4501e-01, 6.0234e-01,  ..., 9.6445e-01,
           3.5329e-01, 1.9872e-01],
          [5.3732e-01, 9.4519e-02, 8.0428e-03,  ..., 8.3518e-01,
           2.6985e-01, 5.7543e-01]],

         [[4.6453e-01, 2.9575e-01, 6.4140e-01,  ..., 2.8213e-01,
           6.4503e-01, 4.4357e-01],
          [9.0267e-02, 4.5242e-01, 1.7944e-01,  ..., 9.6665e-01,
           1.5358e-01, 9.8045e-01],
          [8.7884e-01, 3.8635e-01, 7.0689e-01,  ..., 2.6533e-01,
           9.4965e-01, 4.3159e-02],
          ...,
          [2.8809e-01, 5.0129e-01, 1.1951e-01,  ..., 4.2941e-01,
           5.1353e-01, 3.7329e-01],
          [9.9594e-01, 6.1469e-01, 5.0446e-01,  ..., 8.0289e-01,
           4.1703e-02, 8.3047e-02],
          [5.4323e-01, 8.0963e-01, 1.5708e-01,  ..., 1.1218e-01,
           7.2928e-01, 9.6947e-01]],

         [[8.7705e-01, 1.0856e-01, 1.9788e-01,  ..., 4.3552e-01,
           2.7166e-01, 2.7296e-01],
          [2.1162e-01, 2.8780e-01, 3.0486e-01,  ..., 2.1168e-02,
           4.0424e-02, 5.4331e-01],
          [7.9379e-01, 5.6926e-01, 8.1744e-01,  ..., 3.0282e-01,
           3.1133e-01, 3.7243e-01],
          ...,
          [1.2605e-01, 1.3649e-01, 7.4599e-03,  ..., 6.8804e-01,
           8.7127e-01, 9.7516e-01],
          [6.3247e-01, 9.4665e-01, 5.2881e-01,  ..., 3.8252e-01,
           1.1069e-01, 8.4838e-01],
          [5.0805e-01, 3.5217e-01, 1.2870e-01,  ..., 1.1930e-01,
           5.3247e-01, 7.6045e-03]],

         ...,

         [[1.0995e-01, 3.2490e-02, 8.2479e-01,  ..., 2.2300e-03,
           3.2227e-01, 8.3799e-01],
          [7.6578e-01, 1.0233e-01, 1.1640e-01,  ..., 7.7290e-01,
           5.5309e-01, 8.8525e-01],
          [2.6824e-01, 1.5028e-01, 3.9208e-01,  ..., 5.4966e-01,
           8.0646e-01, 4.8255e-01],
          ...,
          [2.8944e-01, 2.4462e-01, 6.8974e-01,  ..., 8.6018e-01,
           8.5371e-01, 1.4688e-01],
          [3.5889e-01, 7.7789e-01, 8.8177e-01,  ..., 2.2161e-01,
           7.0937e-01, 6.9345e-01],
          [7.0556e-01, 3.8410e-01, 8.7500e-01,  ..., 9.7705e-01,
           8.8672e-01, 8.3812e-01]],

         [[6.0537e-01, 8.9863e-01, 9.6706e-02,  ..., 9.6983e-01,
           7.8314e-01, 8.3568e-01],
          [5.2632e-01, 3.2339e-01, 8.3868e-01,  ..., 5.3204e-01,
           1.5329e-01, 6.5018e-01],
          [3.3354e-03, 5.0872e-01, 4.2939e-01,  ..., 7.5601e-01,
           9.3708e-01, 3.7883e-01],
          ...,
          [4.3172e-01, 7.9950e-01, 2.0558e-01,  ..., 7.7882e-01,
           5.3122e-01, 3.2666e-01],
          [8.4180e-01, 1.8563e-01, 1.2452e-01,  ..., 2.6638e-01,
           6.7509e-01, 7.3248e-01],
          [8.1195e-01, 5.2200e-02, 4.0010e-01,  ..., 5.1906e-03,
           1.7021e-01, 7.9434e-01]],

         [[2.7825e-01, 8.4204e-01, 8.0535e-01,  ..., 7.0506e-01,
           1.5052e-01, 7.4249e-01],
          [4.8220e-01, 9.0971e-01, 7.6212e-01,  ..., 7.9144e-01,
           8.8713e-01, 9.4354e-01],
          [5.1514e-01, 7.9461e-01, 7.7572e-01,  ..., 7.5884e-01,
           8.2088e-02, 6.9022e-01],
          ...,
          [6.2226e-01, 3.3148e-01, 7.4036e-02,  ..., 7.8357e-01,
           7.8958e-01, 1.7642e-01],
          [1.3992e-02, 5.4730e-01, 5.4009e-01,  ..., 2.0618e-02,
           7.2111e-01, 5.5811e-01],
          [6.1674e-01, 9.0835e-01, 8.0903e-01,  ..., 3.8921e-01,
           3.9801e-02, 4.4464e-01]]],


        [[[7.8116e-01, 1.3228e-01, 2.1801e-01,  ..., 2.7986e-01,
           6.6500e-01, 7.0959e-01],
          [6.5784e-01, 6.8244e-02, 7.6271e-03,  ..., 3.4073e-01,
           2.2156e-01, 1.3278e-01],
          [1.7960e-01, 2.9721e-01, 7.1964e-01,  ..., 3.2991e-04,
           4.2804e-02, 4.0039e-01],
          ...,
          [8.0944e-01, 8.4440e-01, 7.5170e-01,  ..., 1.2040e-01,
           6.0233e-01, 8.6212e-01],
          [7.0221e-01, 8.6284e-01, 3.1056e-01,  ..., 7.6378e-02,
           7.0809e-01, 7.1994e-01],
          [9.9954e-01, 4.0838e-01, 2.5261e-01,  ..., 3.7924e-02,
           5.2212e-01, 2.6363e-01]],

         [[9.8064e-02, 7.4289e-01, 3.6678e-01,  ..., 1.9874e-01,
           5.7788e-01, 9.1762e-01],
          [9.8335e-01, 2.1079e-01, 7.7453e-01,  ..., 9.8968e-01,
           2.4965e-01, 3.4530e-01],
          [4.1068e-01, 7.2491e-01, 5.2168e-02,  ..., 5.0575e-02,
           9.3389e-01, 3.3615e-01],
          ...,
          [2.7763e-01, 4.2978e-01, 1.6062e-01,  ..., 1.7739e-01,
           3.5352e-01, 7.3709e-02],
          [4.8133e-02, 6.0920e-01, 5.7680e-02,  ..., 7.7061e-01,
           2.1816e-01, 2.0819e-01],
          [4.9170e-01, 6.2683e-01, 7.7133e-01,  ..., 1.7848e-02,
           3.8874e-01, 9.9492e-01]],

         [[5.2326e-01, 5.6366e-01, 1.7840e-01,  ..., 1.8705e-01,
           7.6532e-01, 8.9839e-01],
          [5.8614e-02, 1.4277e-01, 2.5425e-01,  ..., 6.0227e-01,
           8.1291e-01, 6.2507e-01],
          [8.3565e-01, 9.7199e-01, 2.4205e-01,  ..., 1.7145e-01,
           6.0987e-01, 6.7911e-01],
          ...,
          [1.0015e-01, 4.9686e-01, 3.6968e-01,  ..., 3.5938e-01,
           1.9490e-01, 6.6715e-01],
          [7.0712e-01, 7.2717e-01, 9.1545e-01,  ..., 4.1541e-01,
           5.1839e-01, 2.8593e-01],
          [9.1417e-01, 3.2062e-01, 4.8662e-01,  ..., 6.9420e-01,
           2.1889e-01, 9.6526e-01]],

         ...,

         [[4.0449e-02, 2.0245e-01, 5.6841e-01,  ..., 8.5114e-01,
           9.6958e-01, 7.2891e-01],
          [2.5158e-01, 8.6851e-01, 9.5093e-01,  ..., 7.7528e-01,
           4.9078e-01, 1.0375e-01],
          [2.0747e-01, 5.6343e-01, 4.2849e-01,  ..., 6.6450e-01,
           5.8184e-01, 2.5436e-01],
          ...,
          [9.3258e-01, 3.8351e-01, 4.7328e-01,  ..., 3.9969e-01,
           3.7239e-01, 9.3461e-01],
          [3.6100e-01, 8.5588e-01, 1.4282e-01,  ..., 2.6936e-01,
           1.2988e-01, 9.7956e-01],
          [8.8033e-01, 3.3230e-01, 1.1962e-01,  ..., 5.2824e-01,
           9.9302e-01, 9.3047e-02]],

         [[5.0135e-02, 9.8663e-01, 1.6339e-01,  ..., 6.1259e-01,
           9.0091e-02, 2.2067e-01],
          [4.6313e-01, 3.2610e-01, 3.0877e-01,  ..., 5.9905e-01,
           4.4453e-01, 2.3398e-01],
          [6.0654e-01, 6.9594e-01, 6.5259e-01,  ..., 4.5682e-01,
           9.3409e-01, 4.2004e-01],
          ...,
          [7.2949e-01, 8.6235e-01, 9.4397e-01,  ..., 1.6745e-01,
           9.2987e-01, 1.6354e-01],
          [7.6371e-01, 2.4391e-02, 8.8157e-01,  ..., 4.0419e-01,
           8.4797e-01, 4.4699e-01],
          [2.3714e-01, 1.2962e-01, 6.5974e-01,  ..., 4.5984e-01,
           3.0468e-01, 6.6329e-01]],

         [[1.1155e-01, 8.1290e-01, 1.8777e-01,  ..., 1.9485e-01,
           5.9202e-01, 2.7133e-01],
          [9.9435e-01, 2.2418e-01, 1.0755e-01,  ..., 1.7568e-02,
           3.9544e-01, 4.0525e-01],
          [7.5630e-01, 4.7075e-03, 2.6512e-01,  ..., 2.6595e-01,
           5.0594e-01, 7.6277e-01],
          ...,
          [6.0166e-01, 5.8498e-01, 1.2538e-01,  ..., 8.3177e-01,
           5.1542e-01, 7.4804e-01],
          [1.3405e-01, 8.1728e-01, 6.9438e-01,  ..., 4.7068e-01,
           8.6361e-01, 5.6155e-03],
          [6.0755e-01, 7.1641e-01, 8.4481e-03,  ..., 5.7552e-01,
           3.3706e-02, 5.3518e-01]]],


        [[[5.6742e-01, 6.6221e-01, 9.0384e-02,  ..., 3.5527e-01,
           9.9887e-01, 3.1869e-01],
          [3.3693e-01, 7.9415e-01, 5.5090e-01,  ..., 8.6273e-02,
           6.1398e-01, 4.8481e-01],
          [4.8591e-01, 4.6245e-01, 8.6627e-01,  ..., 2.9106e-01,
           9.9502e-01, 8.7765e-01],
          ...,
          [6.0646e-01, 8.2700e-01, 9.4727e-01,  ..., 1.7290e-02,
           1.9874e-01, 8.6501e-01],
          [3.6592e-03, 3.7294e-01, 3.1847e-01,  ..., 2.7015e-01,
           2.7506e-01, 5.4858e-01],
          [1.2185e-01, 8.9691e-01, 5.5851e-01,  ..., 2.5393e-01,
           1.9484e-01, 2.6737e-01]],

         [[9.9238e-01, 2.8576e-01, 1.0375e-01,  ..., 3.0948e-01,
           1.0478e-01, 2.8310e-01],
          [1.7372e-01, 4.0134e-01, 9.6141e-01,  ..., 7.1218e-01,
           4.0951e-01, 2.2126e-01],
          [5.6899e-01, 1.2136e-01, 7.9000e-01,  ..., 4.7747e-02,
           2.3562e-01, 2.0717e-01],
          ...,
          [9.5172e-01, 4.6387e-01, 6.6315e-01,  ..., 8.9909e-01,
           5.1396e-02, 5.5382e-01],
          [5.3022e-01, 2.3149e-01, 2.7042e-01,  ..., 7.4983e-02,
           3.5411e-01, 6.4919e-01],
          [6.2927e-01, 8.9921e-01, 8.0789e-01,  ..., 7.6606e-01,
           2.4771e-01, 4.5054e-01]],

         [[8.4193e-01, 2.8326e-02, 1.3120e-01,  ..., 6.1760e-01,
           8.2749e-01, 8.4187e-01],
          [6.9453e-01, 4.6186e-01, 2.8844e-01,  ..., 1.3509e-01,
           5.6582e-01, 3.5111e-01],
          [2.1003e-01, 2.1283e-01, 6.2727e-01,  ..., 8.9907e-01,
           1.4488e-01, 2.1645e-01],
          ...,
          [5.4137e-01, 9.0239e-01, 6.8415e-01,  ..., 4.7890e-01,
           3.1021e-01, 7.3965e-01],
          [2.3111e-01, 2.4503e-01, 6.6376e-01,  ..., 5.4179e-01,
           5.3169e-01, 7.0441e-01],
          [7.5962e-01, 1.9696e-01, 3.5986e-01,  ..., 4.6829e-01,
           6.5961e-01, 2.8429e-01]],

         ...,

         [[7.3822e-01, 7.4200e-01, 5.6167e-01,  ..., 5.5782e-01,
           7.6902e-01, 9.3377e-01],
          [6.5091e-01, 3.7174e-01, 8.2407e-01,  ..., 1.1417e-01,
           3.7595e-01, 1.9046e-01],
          [7.5294e-01, 4.7636e-01, 2.8251e-01,  ..., 8.7371e-01,
           3.1642e-01, 1.7549e-01],
          ...,
          [5.1973e-01, 7.2164e-01, 8.6462e-01,  ..., 5.6611e-01,
           4.2866e-01, 3.7297e-01],
          [5.0919e-01, 7.2541e-01, 4.5313e-01,  ..., 2.9333e-03,
           9.3996e-01, 8.1374e-01],
          [6.0163e-01, 6.7050e-01, 1.3774e-01,  ..., 2.1786e-01,
           3.6510e-02, 6.9852e-01]],

         [[6.1031e-01, 9.3313e-01, 8.8302e-02,  ..., 9.4497e-01,
           3.5148e-01, 1.6393e-01],
          [2.4854e-01, 1.8085e-02, 5.2218e-01,  ..., 7.1164e-01,
           7.0046e-01, 8.9627e-01],
          [9.1217e-01, 5.6299e-01, 7.5488e-01,  ..., 2.1978e-02,
           4.1663e-01, 8.0421e-01],
          ...,
          [2.0109e-01, 7.2790e-01, 7.8591e-01,  ..., 7.6274e-01,
           7.7371e-01, 8.8504e-01],
          [3.5795e-01, 8.2602e-01, 5.2966e-01,  ..., 9.8077e-01,
           5.9562e-01, 7.8383e-01],
          [5.8298e-01, 4.3357e-01, 6.6274e-02,  ..., 8.4456e-01,
           4.3771e-02, 4.0859e-01]],

         [[4.5000e-01, 9.8311e-01, 7.1516e-01,  ..., 3.5634e-02,
           6.5467e-01, 4.2690e-02],
          [6.8853e-01, 6.4912e-01, 1.9850e-01,  ..., 8.0247e-01,
           4.0903e-01, 7.9994e-01],
          [3.0857e-01, 9.5876e-01, 2.9762e-01,  ..., 9.7939e-01,
           5.1908e-01, 8.7779e-01],
          ...,
          [5.9332e-01, 8.5987e-01, 5.7035e-01,  ..., 4.6526e-01,
           7.6804e-01, 5.9526e-01],
          [5.1463e-01, 1.6230e-01, 4.9073e-01,  ..., 3.3060e-01,
           8.6865e-01, 5.0954e-01],
          [4.9740e-01, 4.3338e-01, 6.6123e-01,  ..., 5.9828e-01,
           1.2182e-01, 1.3058e-01]]],


        ...,


        [[[6.8882e-01, 9.1905e-01, 8.2479e-01,  ..., 3.5142e-02,
           7.2845e-01, 4.2224e-01],
          [3.5283e-01, 6.4638e-01, 7.0987e-02,  ..., 7.2743e-01,
           4.3933e-01, 3.7924e-01],
          [6.0330e-01, 5.5448e-01, 9.5915e-02,  ..., 5.3515e-01,
           5.1875e-01, 3.7321e-01],
          ...,
          [9.6123e-01, 4.7455e-01, 6.7096e-01,  ..., 2.5408e-01,
           2.4314e-01, 8.8491e-01],
          [5.8404e-01, 6.0676e-01, 1.1996e-02,  ..., 4.0160e-01,
           3.2858e-01, 3.0527e-01],
          [9.6833e-01, 6.0721e-01, 6.0971e-01,  ..., 1.7917e-01,
           5.2093e-01, 4.3522e-01]],

         [[2.1098e-01, 9.7855e-01, 4.9567e-01,  ..., 9.4031e-01,
           8.7115e-01, 7.5320e-01],
          [8.8417e-01, 5.7313e-01, 6.8986e-01,  ..., 4.1631e-01,
           1.4912e-01, 9.6995e-02],
          [1.4479e-02, 7.3004e-01, 3.1352e-01,  ..., 2.4921e-01,
           3.8833e-01, 6.3130e-01],
          ...,
          [5.6339e-01, 8.5467e-02, 2.1738e-01,  ..., 5.7995e-01,
           3.1717e-01, 6.9261e-01],
          [5.6158e-01, 3.9227e-01, 9.7984e-01,  ..., 6.0930e-01,
           3.9662e-01, 9.7681e-01],
          [9.2568e-01, 3.4623e-01, 9.6205e-01,  ..., 3.2013e-01,
           9.8875e-01, 6.6926e-01]],

         [[6.8957e-02, 9.3475e-01, 9.1686e-01,  ..., 6.9242e-01,
           3.5450e-01, 8.3161e-01],
          [7.2636e-02, 8.0439e-01, 1.3911e-02,  ..., 6.6025e-01,
           9.8967e-01, 2.4628e-01],
          [5.9270e-01, 6.8616e-01, 5.5978e-02,  ..., 9.3852e-01,
           3.2910e-01, 8.1692e-02],
          ...,
          [7.7983e-01, 9.8918e-01, 9.7315e-01,  ..., 9.2847e-01,
           2.6025e-02, 1.4590e-01],
          [1.3019e-02, 2.3393e-01, 7.9703e-01,  ..., 3.6322e-01,
           8.7009e-01, 4.3363e-01],
          [5.2774e-01, 6.9742e-01, 8.1601e-01,  ..., 5.0321e-01,
           3.0319e-01, 5.2187e-01]],

         ...,

         [[3.7812e-01, 5.5374e-01, 9.3732e-01,  ..., 5.9763e-01,
           6.0777e-01, 6.8342e-01],
          [8.0664e-01, 6.5103e-02, 2.8791e-02,  ..., 4.8840e-01,
           8.1292e-01, 9.0345e-01],
          [4.1921e-01, 5.8737e-01, 6.5640e-01,  ..., 4.8870e-01,
           3.3303e-01, 5.6727e-01],
          ...,
          [2.8115e-01, 8.1407e-01, 1.5053e-01,  ..., 7.1371e-01,
           8.2030e-01, 5.7107e-01],
          [7.2213e-01, 2.9826e-01, 8.3204e-01,  ..., 3.6441e-01,
           9.0447e-01, 5.5878e-02],
          [7.1280e-01, 1.6570e-01, 2.2374e-01,  ..., 3.2743e-01,
           4.9272e-01, 9.7986e-01]],

         [[4.3959e-01, 3.7655e-01, 8.4068e-01,  ..., 4.5422e-01,
           4.2313e-01, 4.0037e-01],
          [9.6916e-02, 3.2505e-01, 9.0469e-01,  ..., 4.4532e-01,
           6.0619e-01, 5.3928e-01],
          [4.0045e-01, 9.2677e-01, 5.1557e-01,  ..., 6.8970e-01,
           2.6004e-01, 5.7795e-01],
          ...,
          [9.0188e-02, 6.8562e-01, 2.1900e-01,  ..., 8.5117e-01,
           4.9997e-01, 7.0240e-01],
          [8.7430e-01, 5.8006e-01, 9.2762e-01,  ..., 4.2078e-02,
           4.1223e-01, 8.4548e-01],
          [1.6423e-01, 4.7222e-01, 7.6380e-02,  ..., 3.2756e-01,
           7.3979e-02, 7.6873e-01]],

         [[8.6071e-01, 9.3770e-01, 6.4248e-01,  ..., 3.0884e-01,
           5.4987e-01, 5.1818e-01],
          [7.2564e-01, 6.6071e-01, 5.7252e-01,  ..., 2.7604e-01,
           3.3774e-01, 7.7321e-02],
          [7.7844e-01, 2.6443e-01, 9.3729e-01,  ..., 7.3427e-01,
           8.0444e-01, 3.4616e-01],
          ...,
          [6.3387e-01, 8.5574e-01, 8.7442e-01,  ..., 3.1908e-01,
           8.2666e-01, 4.8706e-01],
          [4.8271e-01, 3.8560e-01, 2.6031e-02,  ..., 6.7584e-01,
           5.1616e-02, 2.0156e-01],
          [4.6784e-01, 5.4401e-01, 9.8618e-01,  ..., 8.1400e-02,
           5.7735e-01, 6.9042e-01]]],


        [[[6.0015e-01, 8.4426e-01, 8.4325e-01,  ..., 1.9857e-01,
           7.4536e-01, 2.8555e-01],
          [2.4325e-03, 5.6623e-01, 8.5301e-01,  ..., 3.1903e-01,
           3.6203e-01, 4.5838e-01],
          [8.4573e-01, 9.6962e-02, 1.2305e-01,  ..., 5.8248e-01,
           4.4006e-01, 5.3995e-01],
          ...,
          [5.1279e-01, 5.5690e-01, 6.1285e-01,  ..., 7.9914e-01,
           6.7211e-02, 3.3241e-01],
          [6.2524e-01, 3.4871e-01, 1.0490e-01,  ..., 2.1432e-01,
           6.1229e-01, 5.0566e-01],
          [1.3429e-01, 2.8889e-01, 3.8606e-01,  ..., 6.0020e-01,
           9.9683e-02, 7.6186e-01]],

         [[8.9610e-01, 6.1329e-01, 7.1838e-01,  ..., 4.1799e-01,
           7.4002e-01, 5.3459e-01],
          [6.0346e-01, 9.7134e-01, 8.9609e-01,  ..., 3.3469e-01,
           5.0983e-01, 4.6944e-01],
          [2.4810e-01, 5.6851e-01, 2.1093e-01,  ..., 5.2427e-01,
           8.6176e-01, 3.1937e-01],
          ...,
          [5.3917e-01, 3.0963e-01, 3.7869e-01,  ..., 2.3572e-01,
           2.9444e-01, 9.9745e-01],
          [5.5964e-01, 6.9796e-01, 7.2506e-01,  ..., 9.8910e-01,
           5.7296e-01, 3.9585e-01],
          [6.6793e-01, 5.5965e-01, 8.0125e-01,  ..., 8.9627e-01,
           4.5742e-01, 7.2190e-01]],

         [[7.0162e-01, 1.8071e-01, 7.3117e-01,  ..., 4.1724e-02,
           7.3432e-01, 7.2978e-01],
          [7.8202e-01, 5.2962e-01, 2.9543e-01,  ..., 8.6848e-01,
           1.2571e-01, 6.9060e-01],
          [7.7347e-01, 3.6128e-01, 3.6470e-01,  ..., 8.4685e-01,
           4.8826e-01, 5.1309e-01],
          ...,
          [8.9464e-02, 4.2213e-01, 9.9507e-02,  ..., 8.4314e-01,
           7.1265e-01, 8.7189e-01],
          [9.6925e-01, 5.7867e-01, 9.8128e-01,  ..., 9.4105e-01,
           8.1418e-02, 5.9083e-01],
          [8.8078e-01, 9.8666e-01, 4.8794e-01,  ..., 5.1807e-01,
           8.3656e-01, 6.2121e-01]],

         ...,

         [[2.2367e-01, 9.9911e-01, 1.0874e-01,  ..., 8.9926e-02,
           9.8097e-01, 3.2194e-01],
          [2.2152e-01, 8.1702e-01, 9.0929e-02,  ..., 4.4174e-01,
           6.3876e-01, 7.8978e-02],
          [2.9225e-01, 8.1238e-01, 9.8713e-01,  ..., 4.5080e-02,
           1.8502e-01, 7.8528e-01],
          ...,
          [5.3842e-01, 6.0464e-01, 5.7107e-01,  ..., 6.6840e-01,
           9.4186e-01, 2.0728e-01],
          [5.0928e-01, 9.3207e-01, 4.8932e-01,  ..., 7.4335e-01,
           8.8175e-01, 7.2591e-01],
          [8.9212e-01, 7.2350e-01, 9.4906e-01,  ..., 1.5868e-01,
           3.3969e-02, 2.6231e-01]],

         [[8.7450e-02, 5.1279e-01, 8.3470e-01,  ..., 2.5873e-02,
           8.1513e-01, 8.2700e-01],
          [6.6327e-01, 8.7102e-01, 3.4093e-01,  ..., 5.7457e-01,
           4.2046e-01, 1.8225e-01],
          [5.3755e-01, 3.1883e-01, 9.3949e-01,  ..., 9.8723e-01,
           6.7274e-01, 4.4367e-01],
          ...,
          [1.2189e-01, 9.8849e-01, 5.2939e-01,  ..., 2.6309e-01,
           2.1604e-01, 2.3941e-01],
          [5.2400e-01, 6.7136e-01, 2.6551e-01,  ..., 1.3834e-01,
           6.2774e-01, 2.8480e-01],
          [2.6604e-01, 7.6430e-02, 9.0157e-02,  ..., 5.3962e-01,
           6.8637e-01, 8.7921e-02]],

         [[8.0160e-01, 8.1851e-02, 9.1960e-01,  ..., 6.7279e-01,
           1.2579e-01, 8.8860e-01],
          [5.0580e-01, 5.7393e-01, 4.9289e-02,  ..., 1.9302e-01,
           2.4631e-01, 8.6830e-01],
          [3.0721e-01, 4.3043e-01, 1.1695e-01,  ..., 8.0802e-01,
           7.8392e-01, 5.5615e-01],
          ...,
          [3.7000e-02, 1.9850e-01, 3.2898e-01,  ..., 6.9362e-01,
           2.0844e-01, 3.7949e-01],
          [3.2150e-01, 4.9570e-01, 9.3360e-01,  ..., 4.4786e-01,
           7.5899e-01, 8.2927e-01],
          [1.5165e-01, 3.9346e-01, 6.4726e-01,  ..., 1.9995e-01,
           4.1302e-01, 9.2339e-01]]],


        [[[1.2863e-02, 3.5092e-01, 9.5030e-01,  ..., 3.9585e-01,
           5.8934e-02, 7.3736e-01],
          [2.4046e-01, 6.5773e-01, 7.3761e-01,  ..., 4.9918e-01,
           8.8955e-01, 9.8550e-01],
          [1.7898e-01, 9.0978e-01, 5.6076e-01,  ..., 2.5741e-01,
           5.4767e-01, 3.5997e-01],
          ...,
          [3.4347e-01, 7.7985e-02, 1.7254e-01,  ..., 3.3270e-01,
           8.9264e-01, 4.8003e-01],
          [4.6390e-01, 1.8254e-01, 7.1058e-01,  ..., 7.4004e-01,
           9.4130e-01, 8.6101e-01],
          [8.0636e-01, 8.9137e-01, 3.4829e-01,  ..., 8.1993e-01,
           6.0413e-01, 9.3266e-01]],

         [[3.6781e-01, 8.0987e-01, 6.5969e-01,  ..., 6.1652e-01,
           6.9084e-01, 8.1307e-01],
          [6.4656e-01, 1.9940e-01, 8.5274e-01,  ..., 4.1218e-01,
           9.1348e-01, 2.4421e-01],
          [2.2654e-02, 4.8905e-01, 6.3879e-01,  ..., 3.1425e-01,
           6.1866e-01, 6.6420e-01],
          ...,
          [4.8668e-01, 5.7702e-01, 6.5767e-01,  ..., 3.7106e-01,
           9.9065e-01, 2.7604e-01],
          [4.8409e-01, 7.1886e-01, 7.9501e-01,  ..., 6.1283e-01,
           9.9944e-01, 6.6671e-01],
          [1.2606e-01, 6.5565e-01, 2.5945e-01,  ..., 6.3821e-01,
           1.1843e-01, 4.9867e-01]],

         [[2.5468e-01, 9.0432e-01, 8.1957e-01,  ..., 3.8756e-01,
           3.2018e-02, 6.6114e-01],
          [3.3585e-01, 2.8180e-01, 2.4262e-01,  ..., 8.2850e-01,
           7.9333e-01, 2.6819e-01],
          [5.8468e-01, 1.4608e-02, 1.8174e-01,  ..., 1.9554e-01,
           4.1532e-01, 2.4747e-02],
          ...,
          [1.2745e-01, 8.1375e-01, 6.0527e-01,  ..., 4.5117e-01,
           9.7869e-01, 9.2730e-01],
          [2.0860e-01, 9.5150e-01, 9.4786e-01,  ..., 2.8099e-01,
           5.9385e-01, 5.9964e-01],
          [7.9127e-01, 4.9254e-01, 3.6572e-02,  ..., 1.8921e-01,
           7.3763e-01, 3.3909e-01]],

         ...,

         [[3.9196e-01, 9.1835e-02, 2.5813e-01,  ..., 9.9730e-01,
           4.1741e-02, 8.7419e-01],
          [7.2046e-01, 1.2470e-01, 7.3474e-01,  ..., 4.2700e-01,
           5.2482e-01, 6.9306e-01],
          [6.9470e-01, 5.3041e-01, 9.3111e-01,  ..., 4.5150e-01,
           8.1397e-02, 8.4473e-01],
          ...,
          [3.8764e-01, 3.5209e-01, 2.2225e-01,  ..., 9.2080e-01,
           3.9845e-01, 4.9734e-02],
          [7.3150e-01, 7.2999e-01, 4.6064e-02,  ..., 8.5115e-01,
           5.8488e-01, 4.6536e-01],
          [8.1653e-02, 2.1062e-01, 6.0553e-02,  ..., 2.5131e-01,
           2.8503e-01, 9.6633e-02]],

         [[4.4752e-01, 9.0651e-01, 3.0330e-01,  ..., 2.5608e-01,
           8.9094e-01, 6.5884e-01],
          [2.6334e-01, 5.5543e-01, 3.6334e-01,  ..., 5.9119e-01,
           5.8092e-02, 3.2073e-01],
          [8.4428e-01, 5.4389e-01, 9.0761e-01,  ..., 7.3076e-01,
           5.7183e-01, 7.8039e-01],
          ...,
          [1.0353e-01, 8.3982e-01, 1.1606e-01,  ..., 1.7285e-01,
           3.9960e-02, 4.9705e-01],
          [1.4223e-01, 5.4123e-01, 5.6962e-01,  ..., 2.7413e-01,
           8.4583e-01, 7.0271e-01],
          [4.0610e-01, 7.8916e-01, 6.9583e-01,  ..., 1.0453e-01,
           5.4448e-01, 2.0340e-01]],

         [[8.2150e-01, 5.3970e-01, 8.5388e-01,  ..., 9.5763e-01,
           8.0221e-01, 5.0047e-01],
          [3.2781e-01, 4.1372e-01, 3.1867e-01,  ..., 8.9811e-01,
           9.7203e-01, 9.3130e-01],
          [2.7266e-01, 3.3653e-01, 2.6260e-02,  ..., 1.5309e-01,
           7.0143e-01, 6.9338e-01],
          ...,
          [7.1878e-01, 1.1453e-01, 6.7854e-01,  ..., 3.1147e-01,
           4.7990e-01, 8.5294e-01],
          [6.5163e-01, 5.6660e-01, 2.1779e-01,  ..., 2.6593e-01,
           7.6251e-01, 6.0018e-01],
          [6.8625e-01, 6.7016e-01, 6.3320e-02,  ..., 7.4908e-01,
           9.2726e-01, 3.6906e-01]]]])
