tensor([[[[3.4787e-01, 4.9549e-03, 5.7588e-01,  ..., 9.5743e-01,
           7.4268e-01, 2.3073e-02],
          [4.1950e-01, 9.3426e-01, 2.5022e-01,  ..., 9.2595e-02,
           2.7405e-01, 7.0925e-01],
          [2.7764e-01, 5.6546e-01, 4.3689e-01,  ..., 1.5547e-01,
           8.5731e-01, 2.3051e-01],
          ...,
          [3.6367e-01, 2.9889e-01, 8.9107e-01,  ..., 5.2073e-01,
           9.7927e-01, 2.4690e-01],
          [7.2098e-02, 5.9188e-01, 7.9368e-01,  ..., 4.8591e-01,
           8.1400e-01, 3.1624e-01],
          [5.9040e-01, 3.0304e-01, 8.4420e-01,  ..., 4.5815e-01,
           5.0182e-01, 3.0085e-01]],

         [[5.1384e-01, 2.7707e-01, 3.4925e-01,  ..., 5.3846e-01,
           5.3985e-02, 2.9149e-01],
          [9.9566e-02, 9.2211e-01, 5.4592e-01,  ..., 4.9732e-01,
           3.7491e-01, 5.3325e-01],
          [9.6194e-01, 6.6988e-01, 5.2683e-01,  ..., 6.1747e-02,
           7.3517e-01, 7.3978e-01],
          ...,
          [1.3505e-01, 1.0966e-01, 7.5307e-01,  ..., 1.3682e-01,
           4.6109e-01, 7.0762e-01],
          [9.2056e-01, 8.1045e-01, 6.9732e-02,  ..., 1.6143e-01,
           7.5628e-01, 1.9268e-01],
          [7.5242e-01, 1.2330e-01, 7.7201e-01,  ..., 5.9765e-01,
           9.1408e-01, 2.6208e-01]],

         [[2.5363e-01, 5.9314e-01, 4.9096e-01,  ..., 1.5200e-03,
           1.9969e-01, 2.9147e-01],
          [6.5469e-01, 3.2017e-01, 2.4163e-01,  ..., 1.1561e-01,
           2.7502e-01, 6.9312e-01],
          [4.7364e-01, 4.8294e-01, 8.3961e-01,  ..., 6.4587e-01,
           2.2137e-02, 4.6428e-01],
          ...,
          [1.9419e-01, 3.5578e-01, 6.9857e-03,  ..., 2.3430e-01,
           4.3550e-01, 2.7534e-01],
          [3.8607e-01, 1.2795e-01, 8.7924e-01,  ..., 8.9083e-01,
           1.8257e-02, 4.7377e-01],
          [8.1216e-01, 6.5151e-01, 1.4366e-01,  ..., 4.9645e-01,
           5.0006e-02, 1.6040e-01]],

         ...,

         [[7.5757e-01, 7.1592e-01, 1.9968e-01,  ..., 4.8059e-01,
           1.6169e-01, 6.6488e-02],
          [9.8004e-01, 2.2539e-01, 6.4593e-01,  ..., 2.1831e-01,
           6.4892e-01, 5.2008e-01],
          [5.6519e-01, 9.8117e-01, 4.5029e-01,  ..., 6.4119e-01,
           9.4902e-01, 5.4113e-01],
          ...,
          [1.0651e-01, 2.9069e-01, 1.1235e-01,  ..., 5.1359e-01,
           7.8281e-01, 2.9851e-01],
          [1.2288e-01, 3.8194e-01, 4.8976e-01,  ..., 1.8505e-01,
           1.6229e-01, 6.3264e-01],
          [5.2590e-02, 3.7043e-01, 1.4049e-01,  ..., 4.9036e-01,
           2.2987e-01, 8.5445e-01]],

         [[8.3130e-01, 6.3545e-01, 7.3770e-01,  ..., 7.3451e-01,
           3.3912e-02, 4.1830e-01],
          [8.1032e-01, 5.4089e-01, 7.5443e-01,  ..., 2.6920e-01,
           3.6476e-01, 2.6563e-01],
          [5.1989e-01, 8.8067e-01, 2.3372e-01,  ..., 3.9663e-01,
           5.6372e-01, 3.4707e-01],
          ...,
          [4.6550e-01, 3.1923e-01, 5.6000e-01,  ..., 7.1268e-01,
           9.5364e-01, 3.3250e-01],
          [8.9412e-01, 2.0400e-01, 4.6348e-01,  ..., 8.6446e-02,
           7.3567e-01, 5.0676e-01],
          [5.8004e-01, 5.6553e-01, 9.9487e-01,  ..., 1.7463e-01,
           2.9194e-01, 3.3738e-01]],

         [[1.7795e-03, 1.5229e-01, 2.4313e-01,  ..., 1.0670e-03,
           8.4262e-03, 4.4681e-01],
          [2.8599e-01, 3.4155e-01, 9.1779e-01,  ..., 6.2960e-01,
           8.4789e-01, 9.5465e-02],
          [1.7338e-01, 4.4683e-01, 1.9952e-01,  ..., 9.7172e-01,
           7.9215e-01, 1.3201e-01],
          ...,
          [5.6404e-01, 8.4460e-01, 4.2504e-01,  ..., 6.7398e-01,
           6.4579e-01, 4.0929e-01],
          [3.2873e-01, 6.0643e-01, 3.0748e-03,  ..., 5.2882e-01,
           7.6044e-01, 4.8367e-01],
          [7.9217e-01, 1.4877e-01, 5.1390e-01,  ..., 5.9110e-01,
           7.4039e-02, 6.5485e-01]]],


        [[[5.0618e-02, 6.3190e-01, 7.7956e-01,  ..., 5.8046e-01,
           7.8671e-01, 6.8195e-01],
          [3.4715e-01, 1.3853e-01, 9.8793e-01,  ..., 7.0367e-02,
           1.5371e-01, 4.1671e-01],
          [7.5734e-01, 5.7930e-01, 6.3107e-01,  ..., 4.9825e-01,
           8.3144e-01, 1.3144e-01],
          ...,
          [6.5701e-01, 7.0155e-01, 2.1898e-01,  ..., 9.5920e-01,
           1.5489e-01, 1.5254e-01],
          [8.4470e-01, 9.9178e-01, 7.2887e-01,  ..., 5.2940e-01,
           5.2799e-02, 2.4598e-02],
          [4.5573e-01, 5.2310e-01, 5.0081e-02,  ..., 6.5441e-01,
           5.5146e-01, 2.4417e-01]],

         [[3.2884e-01, 9.2276e-01, 1.9004e-01,  ..., 3.9898e-01,
           3.7714e-01, 2.9399e-01],
          [4.9771e-01, 6.1160e-01, 4.1109e-01,  ..., 3.3694e-02,
           6.1814e-01, 6.7556e-01],
          [4.9384e-02, 3.4656e-01, 1.5589e-01,  ..., 5.2982e-01,
           6.3197e-01, 6.1312e-01],
          ...,
          [4.8953e-01, 9.2758e-01, 8.3323e-01,  ..., 7.3907e-01,
           8.7847e-01, 9.8493e-01],
          [8.7198e-01, 8.4371e-01, 3.0377e-01,  ..., 5.4174e-01,
           1.4553e-01, 5.4694e-02],
          [3.4999e-01, 9.9514e-01, 8.2043e-01,  ..., 3.7674e-01,
           4.9888e-01, 7.9992e-02]],

         [[2.7270e-01, 5.7981e-02, 1.9372e-01,  ..., 9.1026e-03,
           3.4843e-02, 6.6199e-02],
          [4.7141e-01, 4.1621e-01, 7.6549e-01,  ..., 1.6491e-01,
           9.9431e-01, 2.7691e-01],
          [7.2353e-01, 4.2478e-01, 1.0647e-02,  ..., 7.2169e-02,
           2.8027e-01, 6.2183e-01],
          ...,
          [7.2789e-02, 5.1621e-01, 5.0438e-01,  ..., 4.0578e-01,
           5.9278e-01, 2.6036e-01],
          [9.5192e-01, 7.0138e-01, 9.6051e-01,  ..., 4.1797e-01,
           6.5589e-01, 2.7484e-02],
          [9.9670e-02, 1.6223e-01, 8.6464e-01,  ..., 4.3778e-01,
           9.4724e-01, 6.3389e-02]],

         ...,

         [[6.9455e-01, 2.8913e-01, 2.7086e-01,  ..., 7.2136e-01,
           5.9435e-01, 5.9940e-01],
          [5.4809e-01, 2.2007e-01, 7.5396e-01,  ..., 8.1448e-01,
           3.9956e-02, 6.0773e-01],
          [5.1628e-01, 7.7685e-01, 6.5503e-01,  ..., 8.4237e-01,
           4.1502e-01, 4.2054e-01],
          ...,
          [6.3847e-01, 3.6769e-01, 1.6733e-01,  ..., 7.5081e-01,
           3.8000e-01, 1.1146e-01],
          [1.7638e-02, 6.7436e-01, 6.7823e-01,  ..., 2.4021e-01,
           3.4788e-03, 3.2343e-01],
          [7.9358e-01, 2.9373e-01, 3.2315e-01,  ..., 7.9590e-01,
           5.9610e-01, 7.4485e-01]],

         [[3.5799e-01, 3.8475e-01, 4.8301e-01,  ..., 3.6970e-01,
           8.6198e-02, 4.9721e-01],
          [8.8142e-01, 6.7787e-01, 5.8712e-01,  ..., 3.6756e-01,
           6.8973e-01, 7.9858e-01],
          [3.3476e-01, 3.0599e-02, 3.9090e-01,  ..., 4.2072e-02,
           6.8023e-01, 4.5626e-02],
          ...,
          [9.8670e-01, 2.9910e-01, 7.4346e-01,  ..., 9.3437e-01,
           6.7669e-01, 7.1047e-01],
          [3.5799e-01, 1.6191e-01, 8.4037e-01,  ..., 8.9140e-01,
           9.4819e-01, 1.6256e-01],
          [2.3315e-01, 6.0000e-01, 4.4883e-01,  ..., 7.2897e-01,
           4.9873e-01, 6.7599e-01]],

         [[4.6674e-01, 9.5810e-01, 8.8422e-01,  ..., 2.5187e-01,
           2.0949e-01, 6.3933e-01],
          [8.4657e-01, 1.1951e-01, 4.8620e-01,  ..., 2.7112e-01,
           6.1057e-01, 2.5586e-01],
          [3.9230e-02, 4.6526e-01, 2.9843e-01,  ..., 9.3140e-02,
           5.9369e-01, 1.9992e-01],
          ...,
          [1.5215e-01, 3.4968e-01, 4.7015e-01,  ..., 1.4044e-01,
           8.7267e-01, 7.6504e-01],
          [7.8108e-01, 6.5349e-02, 4.8610e-01,  ..., 3.2225e-01,
           2.9942e-02, 4.5435e-01],
          [4.9229e-01, 2.8556e-02, 8.2435e-01,  ..., 7.0926e-01,
           1.0457e-01, 6.3168e-01]]],


        [[[2.1803e-01, 4.2470e-01, 6.4101e-01,  ..., 7.2345e-01,
           2.6206e-01, 2.2502e-01],
          [2.6955e-01, 7.6791e-01, 8.3349e-01,  ..., 1.0226e-01,
           6.0132e-01, 8.7221e-01],
          [9.1022e-01, 4.0432e-01, 8.8944e-01,  ..., 1.9143e-01,
           4.7994e-01, 7.8326e-01],
          ...,
          [9.5078e-02, 7.7504e-01, 5.6410e-01,  ..., 8.9849e-01,
           8.9348e-02, 4.2425e-02],
          [9.7746e-01, 5.0099e-01, 4.2763e-01,  ..., 6.6461e-01,
           9.8621e-01, 3.1058e-02],
          [6.8060e-01, 6.9773e-01, 8.0251e-01,  ..., 4.5565e-01,
           6.8687e-01, 7.8296e-01]],

         [[2.9639e-01, 3.7204e-01, 8.0529e-01,  ..., 8.4727e-01,
           8.8895e-01, 9.2839e-01],
          [8.2229e-01, 3.6689e-01, 7.3712e-01,  ..., 7.6037e-01,
           2.8012e-01, 5.4706e-02],
          [9.7832e-02, 9.7098e-01, 2.9721e-01,  ..., 3.1609e-02,
           1.3880e-01, 4.4854e-01],
          ...,
          [4.4987e-01, 7.0048e-01, 3.2958e-01,  ..., 5.1512e-01,
           9.3083e-01, 9.0038e-01],
          [9.9794e-01, 7.7774e-01, 3.2245e-02,  ..., 3.9933e-01,
           2.0735e-01, 6.0359e-02],
          [7.7763e-01, 9.4687e-01, 8.7230e-01,  ..., 7.5104e-01,
           8.2370e-02, 9.7681e-01]],

         [[4.2461e-01, 8.4715e-01, 5.7921e-01,  ..., 5.0497e-02,
           7.2108e-01, 8.5222e-01],
          [7.6664e-01, 4.7688e-01, 7.4812e-01,  ..., 2.5180e-01,
           6.0234e-01, 3.4740e-01],
          [6.8639e-01, 9.6395e-01, 9.6255e-01,  ..., 3.0791e-01,
           7.4617e-01, 9.3354e-01],
          ...,
          [6.1657e-01, 7.6042e-01, 8.0021e-01,  ..., 3.7432e-01,
           6.5595e-01, 3.0412e-02],
          [8.3670e-01, 7.1697e-01, 6.5608e-01,  ..., 9.7977e-01,
           7.6771e-01, 3.0182e-01],
          [3.9791e-01, 7.7968e-01, 7.9168e-01,  ..., 4.8902e-01,
           6.3110e-01, 5.5602e-01]],

         ...,

         [[9.8978e-01, 2.7492e-02, 8.8102e-01,  ..., 5.0830e-01,
           1.1597e-01, 8.9269e-02],
          [8.5942e-01, 2.8562e-01, 3.1878e-01,  ..., 6.9180e-01,
           6.9714e-01, 1.3283e-02],
          [7.5945e-01, 8.3870e-01, 9.4708e-01,  ..., 4.2453e-01,
           5.1683e-01, 4.9015e-01],
          ...,
          [3.7397e-02, 6.4181e-01, 6.0521e-01,  ..., 1.8385e-01,
           9.7444e-01, 7.6356e-01],
          [4.6894e-01, 1.6719e-01, 9.4685e-01,  ..., 6.5348e-01,
           3.3961e-01, 3.0427e-01],
          [2.1023e-01, 6.7360e-01, 3.4377e-01,  ..., 2.1172e-01,
           4.0338e-01, 2.6462e-01]],

         [[1.9368e-01, 3.4532e-01, 8.9566e-01,  ..., 5.0904e-01,
           1.9288e-01, 5.5937e-01],
          [1.5243e-01, 9.0297e-02, 6.8294e-01,  ..., 8.0620e-01,
           5.5643e-01, 4.1657e-01],
          [8.9172e-01, 1.1169e-01, 4.6955e-01,  ..., 1.9807e-01,
           7.6141e-01, 3.5418e-01],
          ...,
          [1.1511e-01, 8.1294e-01, 8.5408e-01,  ..., 3.2912e-01,
           4.3328e-01, 6.7957e-02],
          [9.4989e-01, 4.7253e-02, 7.1275e-01,  ..., 2.4011e-01,
           1.4003e-01, 6.0911e-01],
          [2.0886e-01, 2.4755e-01, 7.9866e-01,  ..., 9.2204e-01,
           3.8196e-01, 9.1961e-01]],

         [[1.5603e-01, 1.1884e-01, 8.4285e-01,  ..., 4.6778e-01,
           8.7921e-01, 3.1137e-02],
          [5.0756e-01, 2.3186e-01, 1.9043e-02,  ..., 8.3027e-01,
           1.1696e-01, 2.4755e-01],
          [7.7987e-01, 5.1854e-02, 6.4920e-01,  ..., 3.6994e-01,
           6.8658e-01, 7.7502e-01],
          ...,
          [7.0131e-01, 6.0711e-01, 6.7376e-02,  ..., 7.5953e-01,
           1.3281e-01, 5.3699e-01],
          [5.0447e-01, 4.5060e-01, 3.8968e-01,  ..., 5.5801e-01,
           3.8073e-01, 2.9889e-01],
          [3.5990e-01, 2.5072e-01, 3.1098e-01,  ..., 6.6100e-01,
           2.5057e-01, 2.0143e-01]]],


        ...,


        [[[1.4088e-01, 8.9966e-01, 6.1797e-01,  ..., 8.0226e-01,
           6.2870e-01, 4.1338e-01],
          [6.6384e-01, 3.5970e-01, 9.0158e-01,  ..., 3.9285e-01,
           1.5957e-01, 4.4013e-01],
          [7.0944e-01, 8.5513e-01, 2.1149e-01,  ..., 8.5578e-01,
           4.4436e-01, 9.8985e-01],
          ...,
          [8.8680e-01, 3.2832e-01, 3.6162e-01,  ..., 3.9479e-01,
           6.9869e-01, 6.7990e-01],
          [2.2324e-01, 8.7247e-01, 9.1682e-02,  ..., 4.8011e-01,
           3.0587e-01, 5.5793e-02],
          [4.0912e-01, 4.0167e-01, 9.3138e-01,  ..., 8.1894e-01,
           2.1371e-02, 6.5621e-01]],

         [[3.7398e-01, 6.2147e-01, 7.1443e-01,  ..., 7.9338e-01,
           2.8351e-01, 8.6837e-01],
          [7.9347e-01, 6.1011e-01, 8.7716e-01,  ..., 2.6971e-01,
           8.1210e-01, 5.0530e-01],
          [9.6773e-01, 1.5731e-01, 4.6431e-01,  ..., 5.0931e-01,
           3.1557e-01, 9.3533e-01],
          ...,
          [8.1156e-01, 9.4374e-01, 3.3060e-01,  ..., 9.7538e-01,
           6.9835e-01, 5.3511e-01],
          [1.9290e-01, 4.7794e-01, 1.6665e-01,  ..., 1.6874e-01,
           9.9500e-01, 3.2447e-01],
          [5.7818e-01, 9.9348e-01, 6.9183e-01,  ..., 7.5551e-01,
           2.2336e-01, 6.3638e-01]],

         [[1.2933e-01, 7.9718e-01, 7.9403e-01,  ..., 3.2496e-01,
           6.1416e-01, 5.2169e-01],
          [9.9188e-01, 5.2980e-01, 4.5031e-02,  ..., 4.4117e-02,
           7.6873e-01, 6.8645e-01],
          [3.7207e-01, 6.9494e-01, 4.1777e-01,  ..., 5.1598e-01,
           2.7045e-01, 5.6701e-01],
          ...,
          [5.1774e-01, 1.5557e-01, 8.1757e-01,  ..., 7.8019e-01,
           2.2109e-01, 5.5714e-01],
          [2.5545e-01, 2.4247e-01, 5.4826e-01,  ..., 8.1692e-01,
           2.6190e-01, 4.5092e-01],
          [9.4256e-01, 4.4848e-01, 9.8588e-01,  ..., 5.4371e-01,
           5.0376e-01, 9.0450e-01]],

         ...,

         [[9.3037e-02, 5.7493e-01, 2.1064e-01,  ..., 5.3696e-01,
           5.4781e-01, 4.8076e-01],
          [1.5360e-01, 2.5074e-01, 1.2734e-01,  ..., 8.6820e-01,
           2.7069e-01, 1.6562e-01],
          [7.3811e-01, 8.0200e-01, 2.4779e-01,  ..., 4.6425e-01,
           6.5807e-01, 5.1599e-01],
          ...,
          [3.1071e-01, 7.2984e-01, 9.2911e-01,  ..., 8.8231e-01,
           3.5413e-01, 6.9466e-01],
          [2.0718e-01, 7.4685e-02, 2.2277e-02,  ..., 3.4672e-01,
           9.2140e-01, 6.9368e-01],
          [6.8786e-01, 5.8299e-02, 7.5651e-01,  ..., 7.6099e-01,
           1.9096e-01, 5.9799e-01]],

         [[5.7387e-01, 5.0177e-01, 9.4530e-01,  ..., 3.9834e-01,
           1.8828e-01, 6.8005e-01],
          [5.0556e-02, 4.9043e-01, 1.4452e-03,  ..., 6.6238e-01,
           4.8112e-01, 4.7756e-02],
          [7.3574e-01, 2.1719e-01, 2.3616e-01,  ..., 7.8107e-01,
           1.5898e-01, 6.0878e-01],
          ...,
          [6.6051e-01, 7.4712e-01, 3.1660e-01,  ..., 9.2769e-01,
           7.7859e-01, 2.2180e-01],
          [9.6158e-01, 6.9589e-01, 2.4188e-01,  ..., 8.9799e-01,
           9.7439e-01, 6.1717e-02],
          [5.7946e-01, 1.2830e-01, 3.4836e-01,  ..., 2.9387e-01,
           9.7338e-01, 5.3469e-02]],

         [[8.8225e-01, 7.5727e-01, 6.3938e-01,  ..., 4.5005e-01,
           5.5542e-01, 2.4121e-01],
          [7.6962e-01, 5.9784e-01, 7.1875e-01,  ..., 1.9549e-01,
           6.1455e-01, 9.3882e-01],
          [8.9619e-01, 1.5048e-01, 4.2081e-01,  ..., 9.4775e-01,
           7.2997e-01, 2.8823e-01],
          ...,
          [5.2926e-01, 5.9687e-01, 9.3467e-01,  ..., 2.9492e-01,
           2.0014e-01, 9.2770e-01],
          [8.2470e-03, 9.4974e-01, 9.2283e-01,  ..., 2.5132e-01,
           1.0703e-01, 7.2871e-01],
          [1.2234e-01, 2.4796e-01, 2.5395e-01,  ..., 4.9532e-01,
           1.2685e-01, 1.3039e-01]]],


        [[[1.8490e-01, 7.1109e-01, 4.8469e-01,  ..., 1.2737e-01,
           4.4460e-01, 9.1548e-01],
          [7.2057e-02, 6.2843e-01, 8.3851e-01,  ..., 9.6207e-01,
           4.7060e-01, 2.8761e-01],
          [3.8678e-01, 3.3327e-01, 5.6636e-01,  ..., 4.7054e-01,
           2.6452e-01, 2.2412e-01],
          ...,
          [3.6106e-01, 9.4653e-01, 6.3909e-01,  ..., 8.9801e-01,
           9.1660e-01, 8.4893e-01],
          [9.8730e-01, 5.3343e-02, 2.0426e-01,  ..., 3.1138e-01,
           4.1381e-01, 8.5392e-01],
          [9.9084e-01, 9.6417e-01, 2.0714e-01,  ..., 7.4690e-01,
           4.5103e-01, 7.2521e-01]],

         [[2.3573e-01, 8.5446e-01, 2.7537e-01,  ..., 9.3239e-01,
           9.2067e-01, 8.4814e-01],
          [9.8718e-01, 2.6420e-01, 3.7434e-01,  ..., 7.0538e-01,
           5.0812e-01, 1.5916e-01],
          [1.6065e-01, 1.9802e-01, 3.8342e-01,  ..., 4.1615e-01,
           7.6145e-02, 7.3432e-01],
          ...,
          [2.0095e-01, 1.9025e-01, 1.5534e-01,  ..., 4.1130e-01,
           9.8135e-01, 4.4448e-01],
          [7.3790e-01, 5.7802e-01, 6.1066e-01,  ..., 8.5360e-01,
           3.6717e-01, 1.5214e-01],
          [3.4794e-01, 3.1437e-01, 6.0152e-01,  ..., 7.2161e-01,
           2.6157e-01, 1.2687e-01]],

         [[8.9483e-01, 5.4754e-01, 6.2796e-01,  ..., 2.3578e-01,
           1.4793e-01, 1.9591e-01],
          [3.7039e-01, 1.5847e-01, 3.7764e-02,  ..., 2.0812e-01,
           2.1572e-01, 3.8168e-01],
          [5.4440e-01, 8.7356e-01, 2.2869e-02,  ..., 2.8468e-01,
           4.8954e-01, 4.7120e-01],
          ...,
          [9.7327e-02, 1.8608e-01, 9.3747e-01,  ..., 6.3288e-01,
           9.6994e-01, 6.7742e-01],
          [8.5000e-01, 6.1576e-01, 7.9185e-01,  ..., 9.5808e-01,
           4.9305e-02, 2.5540e-01],
          [7.6013e-01, 4.9709e-01, 4.5667e-01,  ..., 9.6825e-01,
           2.5711e-01, 6.6540e-01]],

         ...,

         [[6.1002e-01, 5.9848e-01, 1.3612e-01,  ..., 8.6913e-02,
           7.4927e-01, 4.3500e-01],
          [3.7503e-01, 1.3483e-01, 9.0260e-02,  ..., 4.3679e-01,
           8.1603e-01, 4.7956e-01],
          [5.7070e-01, 2.1190e-01, 2.6878e-01,  ..., 2.9144e-01,
           7.9692e-01, 6.9449e-01],
          ...,
          [5.3356e-02, 7.6564e-01, 4.4056e-01,  ..., 7.6320e-01,
           7.6800e-01, 7.1657e-01],
          [8.4588e-01, 5.8851e-01, 8.8412e-01,  ..., 9.0444e-01,
           9.0104e-01, 9.4476e-01],
          [7.1772e-02, 1.3161e-01, 1.1050e-01,  ..., 8.5497e-01,
           4.7446e-01, 5.1442e-01]],

         [[7.5676e-01, 3.4099e-01, 1.7830e-01,  ..., 7.2676e-01,
           5.8641e-01, 9.5577e-01],
          [7.8659e-01, 7.6800e-01, 1.9023e-01,  ..., 1.8560e-01,
           4.5964e-01, 9.4598e-01],
          [1.7974e-02, 1.6413e-01, 3.9179e-01,  ..., 3.5702e-01,
           4.7665e-01, 3.3496e-01],
          ...,
          [7.8995e-01, 9.0445e-01, 6.8140e-02,  ..., 5.5171e-01,
           5.9715e-01, 8.6879e-01],
          [7.4084e-01, 9.9109e-01, 3.9886e-01,  ..., 7.2530e-01,
           5.1934e-01, 7.8661e-01],
          [5.2113e-01, 3.4971e-01, 3.6155e-01,  ..., 6.5630e-01,
           1.6668e-01, 7.3856e-01]],

         [[7.3655e-01, 5.3025e-01, 9.4944e-01,  ..., 1.1337e-01,
           2.3777e-03, 8.7918e-01],
          [5.2678e-01, 2.2693e-01, 3.1593e-01,  ..., 2.5671e-01,
           5.8487e-01, 9.5215e-01],
          [5.7764e-01, 1.1835e-01, 7.6065e-01,  ..., 1.9306e-01,
           9.9873e-01, 4.4650e-01],
          ...,
          [2.1318e-01, 4.8692e-01, 9.6986e-01,  ..., 9.8429e-01,
           7.7975e-01, 7.3254e-01],
          [4.6784e-01, 8.8121e-03, 5.3749e-01,  ..., 8.3163e-01,
           9.2263e-01, 8.4741e-01],
          [3.7920e-01, 9.7030e-02, 1.9180e-01,  ..., 7.2914e-01,
           8.5808e-01, 7.6554e-02]]],


        [[[9.4507e-01, 3.2400e-01, 8.1952e-01,  ..., 5.0090e-01,
           2.0115e-01, 1.2573e-01],
          [5.0605e-01, 1.8170e-01, 3.4033e-01,  ..., 3.3474e-01,
           3.0235e-01, 8.2079e-02],
          [3.3728e-01, 4.6974e-01, 7.3364e-01,  ..., 4.4553e-01,
           3.4932e-01, 4.7026e-01],
          ...,
          [8.9129e-01, 7.8110e-01, 1.6670e-01,  ..., 9.9058e-01,
           6.1232e-01, 2.3958e-01],
          [6.1460e-01, 7.3793e-01, 4.4802e-01,  ..., 6.1402e-01,
           8.2509e-01, 8.8180e-01],
          [5.8825e-01, 2.9053e-01, 7.7613e-01,  ..., 8.4753e-01,
           4.8690e-01, 7.1103e-01]],

         [[1.5655e-01, 1.6791e-01, 9.2321e-01,  ..., 2.0140e-01,
           8.4883e-04, 3.0370e-01],
          [9.6033e-01, 1.5426e-01, 8.5370e-01,  ..., 2.5243e-01,
           9.8958e-01, 3.4550e-01],
          [3.9957e-01, 7.6685e-01, 6.2548e-01,  ..., 9.4687e-01,
           3.6706e-01, 3.6009e-01],
          ...,
          [4.4488e-01, 7.6366e-01, 3.2495e-01,  ..., 7.2286e-01,
           6.4838e-01, 2.6214e-01],
          [7.2987e-01, 5.5217e-01, 8.8864e-01,  ..., 7.0742e-01,
           2.7256e-01, 9.5640e-01],
          [3.1414e-01, 7.7840e-01, 9.0754e-01,  ..., 4.4432e-01,
           6.3877e-01, 3.6968e-01]],

         [[5.8661e-02, 9.2233e-01, 5.5397e-01,  ..., 2.7483e-01,
           6.2938e-01, 2.4623e-01],
          [7.8769e-01, 7.0294e-01, 6.2197e-01,  ..., 1.6920e-01,
           2.1034e-02, 6.5183e-01],
          [1.8693e-01, 3.5796e-01, 1.4171e-01,  ..., 6.8436e-01,
           3.1788e-01, 1.4780e-01],
          ...,
          [1.3729e-01, 7.9148e-01, 7.8113e-01,  ..., 1.2652e-01,
           3.5019e-01, 4.1854e-01],
          [6.6545e-01, 6.9643e-01, 8.4690e-01,  ..., 4.9152e-01,
           4.9896e-01, 2.4325e-02],
          [1.2505e-01, 2.4498e-01, 6.3355e-01,  ..., 6.3091e-02,
           4.6388e-01, 7.0921e-02]],

         ...,

         [[1.4188e-01, 7.4263e-01, 9.7972e-01,  ..., 6.9745e-01,
           8.8987e-02, 9.6917e-01],
          [3.7378e-01, 8.3286e-01, 9.2207e-01,  ..., 4.5650e-01,
           8.4579e-01, 8.1718e-01],
          [1.6978e-03, 6.5048e-01, 8.7712e-01,  ..., 9.6794e-01,
           3.2101e-01, 7.3337e-01],
          ...,
          [4.0047e-02, 1.7535e-02, 8.4015e-01,  ..., 3.8021e-01,
           1.0000e+00, 9.2147e-02],
          [5.5308e-01, 1.4247e-01, 1.1383e-01,  ..., 2.3205e-01,
           2.3068e-01, 2.8284e-03],
          [1.1190e-01, 7.5853e-01, 2.0533e-01,  ..., 9.2301e-01,
           1.2657e-01, 6.2648e-02]],

         [[3.0686e-01, 1.8638e-01, 1.7654e-01,  ..., 4.7089e-01,
           1.4270e-01, 6.6309e-01],
          [1.5606e-01, 2.6660e-01, 6.4821e-01,  ..., 3.9971e-01,
           4.8428e-01, 8.0596e-01],
          [8.0071e-01, 6.1932e-01, 6.3831e-01,  ..., 8.2999e-01,
           3.2392e-01, 1.1034e-02],
          ...,
          [4.3629e-01, 4.8297e-01, 9.1003e-01,  ..., 7.8511e-01,
           7.6498e-01, 6.4257e-01],
          [8.6984e-01, 3.8012e-01, 1.6768e-01,  ..., 9.3048e-01,
           4.6257e-01, 5.4055e-01],
          [8.7262e-01, 5.7097e-01, 5.0460e-01,  ..., 6.1202e-01,
           6.0670e-03, 5.8867e-01]],

         [[5.2520e-01, 7.7938e-01, 1.6946e-01,  ..., 6.8322e-01,
           9.4000e-01, 9.3980e-01],
          [9.5736e-01, 7.6445e-01, 2.8017e-01,  ..., 6.3571e-01,
           8.0972e-02, 5.3241e-01],
          [5.5188e-01, 9.9426e-01, 9.9391e-02,  ..., 8.5035e-01,
           2.8403e-01, 5.9082e-01],
          ...,
          [9.6395e-01, 1.3619e-01, 5.8480e-01,  ..., 9.3495e-02,
           6.6705e-01, 7.2776e-02],
          [6.1467e-02, 5.0442e-01, 5.1843e-02,  ..., 5.8520e-01,
           2.8387e-02, 7.3980e-01],
          [2.2128e-01, 4.8675e-01, 7.2698e-01,  ..., 7.3670e-02,
           6.2682e-01, 6.6200e-01]]]])
