tensor([[[[0.2792, 0.4136, 0.4294,  ..., 0.6197, 0.0213, 0.2533],
          [0.4896, 0.7102, 0.4363,  ..., 0.4894, 0.9560, 0.9693],
          [0.3011, 0.0073, 0.7744,  ..., 0.7774, 0.2121, 0.7786],
          ...,
          [0.7567, 0.5332, 0.4310,  ..., 0.4704, 0.1816, 0.9855],
          [0.6715, 0.6386, 0.4140,  ..., 0.9208, 0.4512, 0.5484],
          [0.2300, 0.9871, 0.0684,  ..., 0.1217, 0.1676, 0.8998]],

         [[0.4901, 0.5943, 0.1007,  ..., 0.3660, 0.4104, 0.2536],
          [0.6004, 0.0996, 0.5671,  ..., 0.2496, 0.5119, 0.2675],
          [0.5166, 0.1224, 0.8687,  ..., 0.4512, 0.8449, 0.4103],
          ...,
          [0.0860, 0.6300, 0.0706,  ..., 0.4407, 0.6764, 0.6548],
          [0.9503, 0.2655, 0.2413,  ..., 0.5250, 0.0059, 0.2054],
          [0.3064, 0.9485, 0.2375,  ..., 0.5484, 0.0723, 0.3347]],

         [[0.5351, 0.8805, 0.8047,  ..., 0.3137, 0.8114, 0.8674],
          [0.0783, 0.2585, 0.2579,  ..., 0.9507, 0.9726, 0.8205],
          [0.8247, 0.8937, 0.2982,  ..., 0.6178, 0.2648, 0.6326],
          ...,
          [0.9368, 0.4970, 0.5019,  ..., 0.7853, 0.5025, 0.2868],
          [0.0245, 0.9331, 0.2322,  ..., 0.4919, 0.5030, 0.9964],
          [0.1921, 0.6902, 0.4906,  ..., 0.7907, 0.4404, 0.7928]],

         ...,

         [[0.7518, 0.1650, 0.7181,  ..., 0.3658, 0.0695, 0.1807],
          [0.4687, 0.3472, 0.0622,  ..., 0.1167, 0.6289, 0.5999],
          [0.2733, 0.9864, 0.3148,  ..., 0.1624, 0.0717, 0.9951],
          ...,
          [0.5716, 0.4366, 0.8880,  ..., 0.2120, 0.9536, 0.8148],
          [0.3588, 0.9071, 0.1688,  ..., 0.6414, 0.0160, 0.2633],
          [0.1035, 0.4525, 0.6406,  ..., 0.2075, 0.8890, 0.3261]],

         [[0.1532, 0.4750, 0.3348,  ..., 0.5551, 0.8030, 0.2155],
          [0.7034, 0.0640, 0.0420,  ..., 0.8176, 0.4104, 0.2056],
          [0.3248, 0.1416, 0.2137,  ..., 0.8117, 0.9322, 0.7313],
          ...,
          [0.9317, 0.6592, 0.7975,  ..., 0.6301, 0.8600, 0.2307],
          [0.0635, 0.4123, 0.4833,  ..., 0.4010, 0.1144, 0.2092],
          [0.7473, 0.8747, 0.7426,  ..., 0.6596, 0.1764, 0.9617]],

         [[0.2483, 0.1226, 0.2213,  ..., 0.1553, 0.0058, 0.8163],
          [0.7313, 0.9629, 0.7771,  ..., 0.6491, 0.2374, 0.6755],
          [0.4070, 0.9074, 0.5949,  ..., 0.7450, 0.2967, 0.6746],
          ...,
          [0.0251, 0.0612, 0.7496,  ..., 0.0352, 0.5184, 0.6874],
          [0.0276, 0.6480, 0.4392,  ..., 0.2371, 0.1577, 0.3916],
          [0.8256, 0.0215, 0.8888,  ..., 0.2419, 0.7217, 0.5959]]],


        [[[0.4583, 0.0759, 0.6539,  ..., 0.9981, 0.6885, 0.5587],
          [0.3038, 0.0969, 0.6346,  ..., 0.9486, 0.7066, 0.6561],
          [0.2446, 0.4348, 0.1448,  ..., 0.4088, 0.0036, 0.3703],
          ...,
          [0.9724, 0.0035, 0.1790,  ..., 0.9728, 0.5379, 0.0772],
          [0.8475, 0.9549, 0.6126,  ..., 0.4488, 0.4162, 0.5728],
          [0.1895, 0.1399, 0.0161,  ..., 0.3233, 0.3311, 0.4374]],

         [[0.1246, 0.7507, 0.1371,  ..., 0.4577, 0.6906, 0.9574],
          [0.3347, 0.2514, 0.9302,  ..., 0.3578, 0.7350, 0.4569],
          [0.7015, 0.0607, 0.5559,  ..., 0.1086, 0.4260, 0.4598],
          ...,
          [0.4870, 0.9651, 0.2907,  ..., 0.2998, 0.5977, 0.1653],
          [0.2020, 0.8914, 0.5277,  ..., 0.1728, 0.0191, 0.6562],
          [0.3198, 0.9390, 0.0088,  ..., 0.2904, 0.4926, 0.1493]],

         [[0.9949, 0.4811, 0.7095,  ..., 0.0448, 0.6269, 0.2265],
          [0.4229, 0.1480, 0.4715,  ..., 0.5617, 0.7645, 0.6587],
          [0.3490, 0.9024, 0.3317,  ..., 0.9113, 0.2329, 0.5908],
          ...,
          [0.4717, 0.1190, 0.1461,  ..., 0.5900, 0.0545, 0.8720],
          [0.6065, 0.5360, 0.2395,  ..., 0.7293, 0.1266, 0.4932],
          [0.7787, 0.0577, 0.8265,  ..., 0.8023, 0.7400, 0.5696]],

         ...,

         [[0.8600, 0.4953, 0.6847,  ..., 0.5809, 0.9286, 0.4978],
          [0.6806, 0.1819, 0.1426,  ..., 0.8160, 0.8519, 0.8668],
          [0.5927, 0.1178, 0.5381,  ..., 0.6151, 0.4236, 0.0200],
          ...,
          [0.7571, 0.1782, 0.6980,  ..., 0.4717, 0.0228, 0.6236],
          [0.7615, 0.0492, 0.3312,  ..., 0.4835, 0.1906, 0.2501],
          [0.7285, 0.5498, 0.8866,  ..., 0.5186, 0.4556, 0.3676]],

         [[0.2869, 0.8581, 0.0173,  ..., 0.3735, 0.8655, 0.9003],
          [0.4552, 0.6683, 0.7484,  ..., 0.0383, 0.7033, 0.4962],
          [0.4447, 0.4871, 0.6235,  ..., 0.3189, 0.6626, 0.8801],
          ...,
          [0.1059, 0.8718, 0.5126,  ..., 0.8618, 0.6286, 0.6722],
          [0.2770, 0.0996, 0.7494,  ..., 0.1596, 0.4885, 0.4342],
          [0.2861, 0.0739, 0.1282,  ..., 0.1502, 0.5941, 0.9673]],

         [[0.7417, 0.7058, 0.9901,  ..., 0.4196, 0.5677, 0.5948],
          [0.1095, 0.3007, 0.7414,  ..., 0.9319, 0.9776, 0.9090],
          [0.5105, 0.8868, 0.8501,  ..., 0.9827, 0.7705, 0.7221],
          ...,
          [0.9188, 0.7671, 0.2032,  ..., 0.6118, 0.8687, 0.0856],
          [0.8134, 0.3177, 0.3447,  ..., 0.0285, 0.6791, 0.9331],
          [0.7692, 0.5237, 0.8118,  ..., 0.4616, 0.5480, 0.5588]]],


        [[[0.8485, 0.9810, 0.4527,  ..., 0.4893, 0.4630, 0.7118],
          [0.8221, 0.4025, 0.1159,  ..., 0.4178, 0.5084, 0.8000],
          [0.2002, 0.4815, 0.1606,  ..., 0.4720, 0.5162, 0.2769],
          ...,
          [0.5599, 0.9711, 0.6656,  ..., 0.6936, 0.5220, 0.3767],
          [0.5791, 0.9950, 0.2798,  ..., 0.6169, 0.7841, 0.1898],
          [0.3674, 0.3917, 0.5033,  ..., 0.4558, 0.1479, 0.1784]],

         [[0.6296, 0.2815, 0.2116,  ..., 0.2186, 0.2765, 0.1255],
          [0.5317, 0.3251, 0.5488,  ..., 0.4803, 0.2456, 0.7537],
          [0.9965, 0.9949, 0.2886,  ..., 0.6004, 0.1144, 0.8239],
          ...,
          [0.1958, 0.3963, 0.3104,  ..., 0.3231, 0.9535, 0.4549],
          [0.4994, 0.4029, 0.3527,  ..., 0.9477, 0.7036, 0.3362],
          [0.5037, 0.8445, 0.1722,  ..., 0.2918, 0.1577, 0.1926]],

         [[0.3445, 0.1870, 0.9639,  ..., 0.1307, 0.2404, 0.5436],
          [0.3280, 0.7487, 0.0402,  ..., 0.7080, 0.6433, 0.8476],
          [0.4676, 0.8172, 0.1594,  ..., 0.6484, 0.9555, 0.2042],
          ...,
          [0.7661, 0.5180, 0.4701,  ..., 0.7290, 0.2789, 0.2351],
          [0.9357, 0.2849, 0.1653,  ..., 0.6505, 0.0876, 0.5858],
          [0.7831, 0.8449, 0.7590,  ..., 0.0628, 0.5323, 0.9019]],

         ...,

         [[0.5919, 0.0382, 0.9819,  ..., 0.1365, 0.4403, 0.3634],
          [0.9713, 0.5160, 0.2516,  ..., 0.4325, 0.4737, 0.8074],
          [0.7584, 0.9324, 0.5017,  ..., 0.1164, 0.2492, 0.6773],
          ...,
          [0.6027, 0.8641, 0.8088,  ..., 0.6928, 0.5758, 0.6401],
          [0.2642, 0.3068, 0.5057,  ..., 0.8751, 0.2768, 0.6577],
          [0.8045, 0.3519, 0.0049,  ..., 0.0616, 0.7738, 0.4241]],

         [[0.8792, 0.8053, 0.2617,  ..., 0.5462, 0.9296, 0.2579],
          [0.0284, 0.5679, 0.9936,  ..., 0.2047, 0.4370, 0.6628],
          [0.1620, 0.3397, 0.1601,  ..., 0.2074, 0.9535, 0.1983],
          ...,
          [0.9921, 0.1442, 0.2696,  ..., 0.9137, 0.5247, 0.3528],
          [0.2925, 0.0615, 0.2890,  ..., 0.2899, 0.4294, 0.7158],
          [0.6120, 0.7792, 0.7551,  ..., 0.6632, 0.6380, 0.3142]],

         [[0.8607, 0.3114, 0.1463,  ..., 0.1668, 0.3303, 0.0525],
          [0.4781, 0.9805, 0.9900,  ..., 0.6007, 0.3780, 0.5316],
          [0.9397, 0.8431, 0.2064,  ..., 0.6059, 0.2620, 0.5202],
          ...,
          [0.2330, 0.9547, 0.5606,  ..., 0.5805, 0.9403, 0.9074],
          [0.1424, 0.9624, 0.9703,  ..., 0.4767, 0.0091, 0.7011],
          [0.7442, 0.1252, 0.3132,  ..., 0.9666, 0.8886, 0.9029]]],


        ...,


        [[[0.3310, 0.4973, 0.7623,  ..., 0.1031, 0.1265, 0.2470],
          [0.7094, 0.9702, 0.9547,  ..., 0.0552, 0.1183, 0.3692],
          [0.0453, 0.1650, 0.3418,  ..., 0.3816, 0.6654, 0.9238],
          ...,
          [0.7573, 0.2037, 0.7191,  ..., 0.5628, 0.7223, 0.2981],
          [0.3304, 0.0994, 0.3311,  ..., 0.6488, 0.9980, 0.8284],
          [0.4648, 0.9768, 0.7592,  ..., 0.0164, 0.5659, 0.2720]],

         [[0.0452, 0.2687, 0.8493,  ..., 0.2493, 0.0328, 0.6877],
          [0.7220, 0.3842, 0.7675,  ..., 0.2310, 0.9728, 0.0542],
          [0.0404, 0.7842, 0.4632,  ..., 0.5542, 0.3800, 0.2364],
          ...,
          [0.2023, 0.5138, 0.1700,  ..., 0.7984, 0.8293, 0.1785],
          [0.2977, 0.2102, 0.0381,  ..., 0.2705, 0.6416, 0.7719],
          [0.0279, 0.4939, 0.5650,  ..., 0.9183, 0.9281, 0.5351]],

         [[0.4245, 0.0278, 0.8560,  ..., 0.6282, 0.4694, 0.6082],
          [0.8870, 0.8871, 0.1796,  ..., 0.8459, 0.7627, 0.4251],
          [0.7894, 0.7086, 0.4122,  ..., 0.5408, 0.6080, 0.5668],
          ...,
          [0.1959, 0.6245, 0.8223,  ..., 0.9065, 0.0582, 0.7689],
          [0.4306, 0.8885, 0.1384,  ..., 0.1204, 0.6909, 0.1476],
          [0.8209, 0.9190, 0.2601,  ..., 0.6769, 0.8740, 0.7534]],

         ...,

         [[0.4616, 0.9751, 0.0072,  ..., 0.0013, 0.9459, 0.2204],
          [0.2396, 0.9354, 0.1948,  ..., 0.9427, 0.2607, 0.9947],
          [0.6651, 0.5345, 0.5283,  ..., 0.4254, 0.5920, 0.0918],
          ...,
          [0.0473, 0.3998, 0.3113,  ..., 0.6990, 0.8788, 0.8671],
          [0.6282, 0.3200, 0.2388,  ..., 0.0379, 0.7381, 0.4736],
          [0.3591, 0.4639, 0.5834,  ..., 0.2436, 0.1009, 0.4621]],

         [[0.4180, 0.8389, 0.3944,  ..., 0.1127, 0.4191, 0.7871],
          [0.2178, 0.7285, 0.3683,  ..., 0.8711, 0.1531, 0.6784],
          [0.6855, 0.4099, 0.5712,  ..., 0.2123, 0.6931, 0.3051],
          ...,
          [0.7668, 0.2000, 0.1126,  ..., 0.7486, 0.0845, 0.5967],
          [0.1682, 0.4266, 0.0398,  ..., 0.4690, 0.8387, 0.3709],
          [0.2565, 0.0818, 0.0235,  ..., 0.3884, 0.2412, 0.1612]],

         [[0.2454, 0.7035, 0.5163,  ..., 0.2919, 0.9140, 0.4184],
          [0.2003, 0.6147, 0.8785,  ..., 0.3819, 0.7975, 0.8842],
          [0.5627, 0.9356, 0.4537,  ..., 0.6717, 0.4642, 0.4636],
          ...,
          [0.8975, 0.6330, 0.5974,  ..., 0.5658, 0.1259, 0.1223],
          [0.2310, 0.8040, 0.4700,  ..., 0.5847, 0.9553, 0.8636],
          [0.3459, 0.9205, 0.5097,  ..., 0.8886, 0.1528, 0.8877]]],


        [[[0.1502, 0.8333, 0.0175,  ..., 0.9147, 0.5157, 0.2151],
          [0.1269, 0.6472, 0.0923,  ..., 0.8196, 0.1629, 0.0934],
          [0.3884, 0.0020, 0.2656,  ..., 0.7484, 0.2539, 0.2906],
          ...,
          [0.6205, 0.5628, 0.3537,  ..., 0.6283, 0.5570, 0.9211],
          [0.6177, 0.3794, 0.9235,  ..., 0.9259, 0.5374, 0.1979],
          [0.3949, 0.1987, 0.2942,  ..., 0.7697, 0.4685, 0.6087]],

         [[0.7381, 0.3248, 0.2975,  ..., 0.5968, 0.1731, 0.8712],
          [0.0733, 0.2175, 0.8460,  ..., 0.7686, 0.0705, 0.7201],
          [0.2797, 0.8947, 0.6709,  ..., 0.1821, 0.1741, 0.6668],
          ...,
          [0.0925, 0.0495, 0.8019,  ..., 0.9359, 0.9895, 0.5542],
          [0.9050, 0.6267, 0.3354,  ..., 0.8395, 0.0347, 0.6777],
          [0.1642, 0.7589, 0.2592,  ..., 0.1463, 0.1078, 0.2694]],

         [[0.5964, 0.9138, 0.0911,  ..., 0.3477, 0.5646, 0.1024],
          [0.1360, 0.1475, 0.3585,  ..., 0.2743, 0.1442, 0.3131],
          [0.1941, 0.8841, 0.3794,  ..., 0.8728, 0.4469, 0.9228],
          ...,
          [0.1856, 0.5622, 0.4807,  ..., 0.6049, 0.3323, 0.6360],
          [0.7749, 0.6510, 0.1867,  ..., 0.6190, 0.6905, 0.6334],
          [0.8180, 0.7261, 0.7233,  ..., 0.4225, 0.9217, 0.3176]],

         ...,

         [[0.0911, 0.7851, 0.1130,  ..., 0.8035, 0.9350, 0.6500],
          [0.5926, 0.1981, 0.4889,  ..., 0.5162, 0.2953, 0.7682],
          [0.3576, 0.2159, 0.7984,  ..., 0.3523, 0.7522, 0.2491],
          ...,
          [0.7013, 0.1716, 0.7102,  ..., 0.7566, 0.9276, 0.8890],
          [0.2271, 0.6937, 0.0292,  ..., 0.0231, 0.3445, 0.3299],
          [0.9817, 0.0304, 0.1925,  ..., 0.3530, 0.2564, 0.6400]],

         [[0.3275, 0.5448, 0.4489,  ..., 0.7636, 0.9042, 0.8080],
          [0.5506, 0.5369, 0.5428,  ..., 0.8510, 0.0638, 0.3172],
          [0.3948, 0.2845, 0.5939,  ..., 0.6768, 0.3364, 0.8788],
          ...,
          [0.2334, 0.0733, 0.7370,  ..., 0.3674, 0.0126, 0.4790],
          [0.3317, 0.0733, 0.7281,  ..., 0.1783, 0.2419, 0.9115],
          [0.4499, 0.3415, 0.3619,  ..., 0.9994, 0.9330, 0.0234]],

         [[0.2999, 0.3166, 0.3029,  ..., 0.1011, 0.5070, 0.6823],
          [0.8573, 0.7801, 0.0558,  ..., 0.4625, 0.9308, 0.4796],
          [0.7149, 0.9153, 0.1937,  ..., 0.8791, 0.1524, 0.6623],
          ...,
          [0.2761, 0.1403, 0.4066,  ..., 0.6842, 0.6908, 0.0043],
          [0.6202, 0.2196, 0.9870,  ..., 0.6304, 0.2050, 0.0868],
          [0.7917, 0.1390, 0.7137,  ..., 0.8605, 0.0351, 0.1268]]],


        [[[0.8230, 0.9820, 0.2336,  ..., 0.8953, 0.9048, 0.9793],
          [0.3929, 0.4800, 0.3917,  ..., 0.2710, 0.5632, 0.0927],
          [0.7949, 0.2614, 0.5796,  ..., 0.2057, 0.2866, 0.8772],
          ...,
          [0.1338, 0.3112, 0.2368,  ..., 0.3984, 0.7930, 0.7714],
          [0.8552, 0.1996, 0.8702,  ..., 0.0273, 0.2378, 0.5093],
          [0.2589, 0.1154, 0.5917,  ..., 0.1619, 0.5772, 0.6505]],

         [[0.4483, 0.3012, 0.9475,  ..., 0.2383, 0.7507, 0.6109],
          [0.1997, 0.1904, 0.6421,  ..., 0.2550, 0.4651, 0.2027],
          [0.8746, 0.3735, 0.0502,  ..., 0.3847, 0.2617, 0.8721],
          ...,
          [0.3822, 0.2265, 0.2040,  ..., 0.2184, 0.2459, 0.1360],
          [0.2668, 0.9571, 0.3841,  ..., 0.3301, 0.6853, 0.1350],
          [0.9148, 0.4268, 0.8636,  ..., 0.7732, 0.6990, 0.5256]],

         [[0.7340, 0.0188, 0.7511,  ..., 0.3294, 0.3807, 0.0149],
          [0.2598, 0.7556, 0.0435,  ..., 0.6441, 0.9616, 0.2102],
          [0.0862, 0.7699, 0.3747,  ..., 0.9045, 0.0282, 0.5095],
          ...,
          [0.3851, 0.0878, 0.1368,  ..., 0.7520, 0.0025, 0.1490],
          [0.1863, 0.5801, 0.4728,  ..., 0.1145, 0.6079, 0.8905],
          [0.7592, 0.4197, 0.9288,  ..., 0.0038, 0.9191, 0.9081]],

         ...,

         [[0.8661, 0.1260, 0.5467,  ..., 0.6969, 0.9702, 0.8299],
          [0.0591, 0.6912, 0.0199,  ..., 0.4481, 0.3445, 0.0934],
          [0.8498, 0.4993, 0.3101,  ..., 0.9251, 0.4817, 0.3653],
          ...,
          [0.0662, 0.8284, 0.3521,  ..., 0.8270, 0.5103, 0.7915],
          [0.5835, 0.2800, 0.9472,  ..., 0.7922, 0.4870, 0.4965],
          [0.9031, 0.1401, 0.9867,  ..., 0.4613, 0.5545, 0.3192]],

         [[0.0443, 0.2305, 0.0786,  ..., 0.0306, 0.6048, 0.7171],
          [0.6917, 0.1607, 0.7398,  ..., 0.8794, 0.5376, 0.2851],
          [0.4939, 0.3041, 0.5171,  ..., 0.7306, 0.2049, 0.2092],
          ...,
          [0.6516, 0.8314, 0.9630,  ..., 0.9027, 0.3520, 0.6622],
          [0.6298, 0.5546, 0.7140,  ..., 0.9788, 0.6630, 0.1629],
          [0.3581, 0.7009, 0.8754,  ..., 0.8343, 0.3143, 0.8359]],

         [[0.7445, 0.5112, 0.2213,  ..., 0.9769, 0.3976, 0.6956],
          [0.0226, 0.9886, 0.4337,  ..., 0.2407, 0.4893, 0.0460],
          [0.5207, 0.0072, 0.9176,  ..., 0.1664, 0.4142, 0.5945],
          ...,
          [0.0640, 0.7396, 0.4214,  ..., 0.3552, 0.5601, 0.9543],
          [0.5132, 0.2218, 0.9282,  ..., 0.3749, 0.7643, 0.9665],
          [0.9607, 0.8103, 0.1537,  ..., 0.5714, 0.1183, 0.8212]]]])
