tensor([[[[3.8112e-01, 7.2821e-01, 6.3921e-01,  ..., 3.4470e-01,
           7.0430e-02, 9.9288e-01],
          [1.2966e-01, 7.2106e-01, 1.4216e-01,  ..., 5.1962e-01,
           8.4363e-01, 5.2399e-01],
          [2.6197e-02, 6.0513e-01, 1.7999e-01,  ..., 5.1607e-01,
           5.7785e-02, 7.6498e-01],
          ...,
          [5.3617e-01, 3.9998e-01, 5.3592e-01,  ..., 4.6638e-01,
           2.8278e-01, 1.2597e-01],
          [8.4753e-01, 2.8492e-01, 4.7705e-01,  ..., 6.4814e-01,
           6.4213e-01, 9.5850e-01],
          [3.3954e-01, 8.4969e-01, 7.1096e-01,  ..., 3.8730e-01,
           6.9289e-01, 5.2969e-01]],

         [[6.1306e-01, 7.3386e-02, 7.1120e-01,  ..., 6.0653e-01,
           2.1387e-02, 7.0695e-01],
          [3.9471e-01, 2.5766e-01, 9.3131e-01,  ..., 6.4706e-01,
           1.0553e-01, 2.9648e-01],
          [7.1360e-01, 9.2053e-01, 8.1175e-01,  ..., 1.8700e-01,
           9.7650e-01, 3.2189e-01],
          ...,
          [2.5799e-01, 4.0114e-02, 6.3565e-01,  ..., 3.6996e-01,
           6.4048e-02, 5.5106e-01],
          [3.8784e-01, 7.7093e-01, 2.6006e-01,  ..., 6.5664e-01,
           8.2313e-01, 2.2325e-01],
          [4.6764e-01, 6.7147e-01, 4.7394e-01,  ..., 6.2170e-01,
           2.6819e-01, 1.2592e-01]],

         [[8.1912e-01, 8.5496e-01, 6.8021e-01,  ..., 9.3619e-01,
           2.9721e-01, 1.1908e-01],
          [9.3752e-01, 2.7840e-01, 9.1415e-02,  ..., 9.6554e-01,
           4.8208e-01, 6.3053e-01],
          [6.6336e-01, 6.4699e-01, 6.2159e-01,  ..., 1.0814e-01,
           1.1051e-01, 8.9520e-01],
          ...,
          [4.4665e-01, 8.6918e-02, 8.1234e-01,  ..., 8.2358e-01,
           6.9231e-01, 8.5094e-01],
          [8.1169e-01, 5.6548e-01, 6.5825e-01,  ..., 1.2846e-01,
           8.0803e-01, 9.0235e-01],
          [4.5533e-02, 2.2263e-01, 3.5594e-01,  ..., 6.8625e-01,
           3.5377e-01, 2.3996e-01]],

         ...,

         [[9.5698e-01, 5.1829e-01, 7.1411e-01,  ..., 1.0954e-01,
           9.4142e-01, 3.0749e-01],
          [1.9889e-02, 3.6097e-01, 9.5392e-01,  ..., 9.4853e-01,
           3.0350e-01, 6.5909e-01],
          [3.1894e-01, 1.4468e-01, 5.8051e-01,  ..., 2.8423e-02,
           9.0152e-04, 8.0785e-01],
          ...,
          [4.0828e-01, 5.1892e-01, 8.8230e-01,  ..., 3.5945e-01,
           3.4146e-01, 6.8831e-01],
          [4.9262e-01, 7.6510e-01, 4.6240e-01,  ..., 8.8273e-01,
           8.7975e-01, 4.1683e-01],
          [8.1493e-01, 9.4099e-01, 9.4548e-01,  ..., 7.9815e-01,
           7.6968e-01, 8.8790e-02]],

         [[7.6690e-01, 4.2698e-01, 2.4476e-01,  ..., 2.9537e-01,
           4.7901e-01, 4.6178e-01],
          [8.6272e-01, 1.7204e-01, 4.2874e-01,  ..., 2.7701e-01,
           7.3105e-01, 2.5205e-01],
          [5.2961e-01, 1.7117e-01, 1.1464e-01,  ..., 2.8432e-01,
           2.1802e-01, 2.2107e-01],
          ...,
          [6.7167e-01, 3.6341e-01, 8.0201e-01,  ..., 8.5737e-02,
           8.5247e-01, 2.8343e-01],
          [5.8017e-01, 6.2132e-01, 3.1082e-01,  ..., 6.0634e-01,
           9.7815e-01, 3.2981e-02],
          [1.6258e-01, 9.3008e-01, 8.2756e-01,  ..., 8.4136e-01,
           2.7366e-02, 9.9218e-01]],

         [[2.7672e-01, 4.7952e-01, 6.8221e-01,  ..., 5.8313e-01,
           8.7765e-01, 1.9407e-01],
          [9.5605e-01, 4.1078e-01, 7.8600e-01,  ..., 3.8814e-01,
           1.0833e-01, 2.5307e-01],
          [6.4896e-01, 6.5586e-01, 7.7266e-01,  ..., 2.2027e-01,
           6.0894e-01, 6.4355e-01],
          ...,
          [1.3127e-01, 1.8281e-02, 7.2594e-01,  ..., 4.6698e-01,
           5.8195e-01, 9.9114e-01],
          [5.2148e-01, 5.4940e-02, 6.4611e-04,  ..., 8.0395e-01,
           4.7055e-01, 5.2213e-01],
          [6.3534e-01, 3.8836e-01, 8.4474e-01,  ..., 4.8923e-03,
           3.5347e-01, 3.2617e-01]]],


        [[[2.7309e-01, 8.7125e-02, 1.6425e-01,  ..., 3.1973e-01,
           1.2793e-01, 9.3021e-01],
          [7.7186e-01, 7.9899e-01, 7.7729e-01,  ..., 3.0884e-01,
           2.1172e-02, 7.2712e-01],
          [1.6473e-01, 6.9261e-01, 3.6977e-01,  ..., 3.7962e-01,
           8.5539e-01, 4.3954e-01],
          ...,
          [2.2485e-01, 6.9358e-01, 7.6231e-01,  ..., 2.0077e-02,
           9.6062e-02, 3.3299e-01],
          [9.4087e-01, 6.2153e-01, 8.5533e-01,  ..., 9.2638e-01,
           2.0121e-01, 4.0157e-01],
          [9.4226e-01, 8.6713e-01, 6.4600e-01,  ..., 5.1281e-01,
           4.1169e-02, 2.8242e-01]],

         [[1.6595e-01, 8.9368e-01, 7.7840e-01,  ..., 6.3456e-01,
           8.2589e-01, 4.0517e-01],
          [9.1684e-01, 3.0823e-01, 2.0368e-01,  ..., 6.0219e-01,
           5.5752e-01, 4.7037e-01],
          [5.5345e-01, 4.5934e-01, 5.7040e-01,  ..., 4.1443e-01,
           8.3667e-01, 7.2881e-01],
          ...,
          [8.4510e-01, 4.7547e-01, 4.2588e-02,  ..., 6.5609e-01,
           4.7530e-01, 6.3562e-01],
          [3.4443e-01, 1.2632e-01, 4.0445e-01,  ..., 1.4049e-01,
           5.7260e-01, 5.9186e-01],
          [2.7061e-01, 5.2237e-01, 1.9778e-01,  ..., 4.0364e-01,
           7.9252e-01, 6.6463e-02]],

         [[8.1171e-01, 5.0578e-01, 7.6996e-01,  ..., 1.1763e-01,
           6.6426e-01, 9.7346e-02],
          [2.8602e-03, 7.6246e-02, 3.6453e-02,  ..., 4.1501e-01,
           4.0164e-01, 1.0435e-01],
          [7.6081e-01, 2.2877e-01, 5.8593e-01,  ..., 9.6214e-01,
           8.8377e-01, 7.7682e-01],
          ...,
          [9.1170e-01, 6.1806e-01, 3.8996e-01,  ..., 6.5960e-01,
           6.8247e-01, 1.7402e-01],
          [6.5477e-01, 4.4272e-01, 4.5202e-01,  ..., 2.7067e-01,
           6.0244e-01, 7.4423e-01],
          [1.5357e-01, 5.7269e-02, 4.1360e-01,  ..., 9.0324e-01,
           9.8743e-01, 6.6345e-01]],

         ...,

         [[9.2147e-01, 1.4222e-01, 5.8523e-01,  ..., 7.6552e-01,
           2.0984e-01, 1.3871e-01],
          [8.9210e-01, 8.6454e-01, 3.2253e-01,  ..., 1.6270e-01,
           3.5150e-01, 8.8675e-01],
          [7.1046e-01, 2.9882e-01, 2.5255e-01,  ..., 5.7575e-01,
           6.8029e-01, 6.9634e-01],
          ...,
          [1.1538e-01, 9.9144e-01, 3.5231e-01,  ..., 8.1149e-01,
           8.0331e-01, 1.3689e-01],
          [4.9451e-02, 4.8175e-01, 9.9543e-01,  ..., 8.3489e-01,
           9.4389e-01, 2.3936e-01],
          [1.4343e-01, 8.4056e-01, 4.9804e-01,  ..., 3.8796e-01,
           3.1943e-01, 2.1862e-02]],

         [[7.2794e-01, 5.7216e-01, 6.6320e-01,  ..., 7.6640e-01,
           1.3865e-02, 5.7539e-01],
          [4.2931e-01, 5.8948e-01, 7.8672e-02,  ..., 9.6083e-01,
           6.2097e-01, 8.7872e-01],
          [3.2464e-02, 7.7961e-02, 2.0740e-01,  ..., 1.7570e-01,
           3.5956e-01, 9.7437e-01],
          ...,
          [5.3393e-01, 8.0142e-01, 7.9044e-01,  ..., 3.5912e-01,
           5.8880e-01, 1.2493e-01],
          [8.7888e-01, 5.9014e-02, 9.8374e-01,  ..., 2.8775e-01,
           1.4326e-01, 7.6704e-01],
          [2.4537e-01, 2.2751e-01, 4.8476e-01,  ..., 2.6504e-03,
           9.0171e-01, 6.8982e-01]],

         [[3.3533e-01, 1.8812e-01, 1.4558e-01,  ..., 2.7148e-01,
           1.6685e-03, 7.7290e-01],
          [5.0966e-01, 3.5018e-01, 9.3790e-01,  ..., 7.9794e-01,
           9.5987e-01, 5.6185e-01],
          [3.6917e-02, 9.9861e-01, 2.3058e-01,  ..., 3.6546e-01,
           7.1038e-01, 5.0907e-02],
          ...,
          [1.7609e-02, 6.1871e-01, 1.0680e-01,  ..., 8.2804e-01,
           2.1111e-01, 4.1242e-01],
          [6.7616e-01, 2.0012e-01, 2.8059e-01,  ..., 4.3266e-02,
           1.4232e-01, 7.4789e-01],
          [2.8712e-01, 7.9766e-01, 5.2110e-01,  ..., 3.5342e-01,
           4.3279e-01, 8.9990e-01]]],


        [[[4.4596e-01, 8.9840e-01, 1.5653e-01,  ..., 3.7074e-01,
           3.8499e-01, 4.7885e-01],
          [2.2122e-01, 4.9144e-01, 4.3084e-02,  ..., 5.6501e-01,
           2.5793e-01, 4.5716e-01],
          [7.3184e-01, 7.9735e-01, 1.3743e-01,  ..., 5.0514e-01,
           8.7069e-01, 2.6248e-01],
          ...,
          [6.1621e-02, 8.0042e-01, 2.2168e-01,  ..., 1.5349e-01,
           4.9245e-01, 8.6130e-01],
          [8.5180e-01, 2.8029e-01, 6.5394e-01,  ..., 1.0184e-01,
           6.2080e-01, 7.1629e-01],
          [8.1273e-01, 8.7693e-01, 3.7099e-01,  ..., 2.1676e-01,
           2.0257e-01, 5.4501e-02]],

         [[1.1206e-01, 5.9354e-01, 2.1932e-01,  ..., 7.2363e-01,
           3.1617e-01, 1.3872e-01],
          [5.2959e-01, 9.7269e-01, 8.3097e-01,  ..., 8.8635e-01,
           3.0747e-01, 1.2786e-01],
          [1.2464e-01, 5.6239e-01, 8.2007e-02,  ..., 1.5759e-01,
           1.9032e-01, 1.0262e-02],
          ...,
          [6.1246e-01, 3.8378e-01, 1.7238e-02,  ..., 8.7454e-01,
           9.6632e-01, 5.2414e-01],
          [9.8985e-01, 8.4358e-01, 8.7239e-01,  ..., 2.6572e-01,
           3.4039e-01, 8.2395e-01],
          [2.5600e-01, 7.3330e-01, 8.5764e-01,  ..., 4.6559e-02,
           7.7297e-01, 7.2424e-01]],

         [[6.3365e-01, 6.5584e-01, 3.2193e-02,  ..., 9.9317e-01,
           4.1739e-01, 5.8455e-02],
          [5.2641e-01, 1.2360e-01, 3.5148e-01,  ..., 8.7817e-01,
           9.0517e-01, 4.7639e-01],
          [1.4035e-01, 4.6202e-01, 7.4480e-01,  ..., 6.6634e-01,
           5.8322e-01, 5.6122e-01],
          ...,
          [5.0928e-01, 6.8382e-01, 6.5941e-01,  ..., 4.5858e-01,
           1.2207e-01, 7.1270e-01],
          [4.8422e-01, 6.8562e-01, 5.5679e-01,  ..., 5.7375e-01,
           8.9271e-01, 7.1093e-01],
          [7.0707e-01, 3.8830e-01, 8.2934e-01,  ..., 4.4791e-01,
           2.8161e-01, 5.6526e-01]],

         ...,

         [[7.9753e-01, 3.0133e-01, 7.9515e-01,  ..., 4.4829e-01,
           5.9467e-01, 1.8367e-01],
          [5.6253e-01, 1.5912e-01, 8.2685e-01,  ..., 5.6199e-01,
           8.8547e-01, 2.4897e-02],
          [7.5869e-01, 7.4050e-01, 9.1095e-01,  ..., 4.8406e-01,
           8.8918e-01, 5.5140e-01],
          ...,
          [4.2643e-01, 1.7798e-02, 5.7015e-01,  ..., 8.0242e-01,
           3.8321e-01, 6.4321e-01],
          [6.4652e-01, 5.4373e-01, 6.0016e-01,  ..., 5.1874e-01,
           3.1067e-01, 2.5913e-01],
          [3.0316e-02, 4.1911e-01, 9.0777e-01,  ..., 8.7187e-01,
           5.4403e-01, 7.4434e-01]],

         [[5.9938e-01, 9.1227e-01, 7.4121e-01,  ..., 5.9909e-01,
           3.2107e-01, 6.0279e-01],
          [4.9756e-02, 2.4825e-01, 6.0205e-01,  ..., 2.7011e-01,
           6.3846e-01, 8.3936e-02],
          [2.2804e-01, 7.0222e-01, 2.5196e-01,  ..., 4.8098e-01,
           9.9085e-02, 2.7019e-01],
          ...,
          [3.5296e-01, 1.5997e-01, 3.2080e-01,  ..., 1.3786e-01,
           7.5706e-01, 9.6560e-01],
          [5.9834e-01, 1.0630e-01, 6.8913e-01,  ..., 9.9787e-01,
           2.9819e-01, 2.6054e-01],
          [9.1327e-01, 2.9607e-01, 6.0651e-01,  ..., 1.4447e-01,
           5.2743e-01, 1.5846e-02]],

         [[9.4156e-02, 3.8695e-01, 2.8301e-01,  ..., 7.3970e-01,
           8.1795e-01, 8.5873e-01],
          [2.5051e-01, 7.0346e-01, 5.0690e-01,  ..., 1.1241e-01,
           8.0444e-01, 9.9536e-01],
          [2.5260e-01, 4.8382e-02, 1.8277e-01,  ..., 7.7297e-01,
           7.0603e-01, 6.7745e-01],
          ...,
          [1.3476e-01, 1.5521e-01, 8.4357e-01,  ..., 9.3160e-01,
           5.7402e-01, 5.7788e-01],
          [5.3201e-01, 1.9327e-01, 4.2223e-01,  ..., 1.0613e-01,
           5.1459e-01, 7.1042e-02],
          [9.3557e-01, 7.6488e-01, 6.9007e-01,  ..., 9.9086e-01,
           6.3009e-01, 3.1887e-01]]],


        ...,


        [[[2.3030e-01, 7.3189e-01, 3.8838e-01,  ..., 2.0218e-02,
           4.5273e-01, 8.9758e-01],
          [1.9504e-02, 1.2082e-01, 7.6827e-01,  ..., 2.6138e-01,
           9.5542e-01, 9.7451e-01],
          [5.9217e-01, 6.8060e-02, 2.6827e-01,  ..., 6.0568e-01,
           6.0906e-01, 3.4635e-01],
          ...,
          [5.9653e-01, 2.5007e-02, 9.3431e-02,  ..., 7.1813e-01,
           7.2131e-01, 6.6051e-01],
          [2.8164e-01, 1.1147e-01, 1.9090e-01,  ..., 1.7260e-01,
           4.6224e-01, 2.3258e-02],
          [5.7803e-01, 9.6441e-01, 6.8150e-01,  ..., 8.8407e-01,
           1.9851e-01, 4.4558e-01]],

         [[2.4197e-01, 2.6657e-01, 1.4313e-01,  ..., 8.5327e-02,
           4.2388e-01, 1.4379e-02],
          [7.9373e-01, 9.3230e-01, 2.2089e-02,  ..., 2.9783e-01,
           1.3668e-01, 2.5677e-01],
          [4.4413e-01, 5.5142e-01, 9.5829e-01,  ..., 5.0915e-01,
           4.1372e-01, 4.8266e-01],
          ...,
          [9.0581e-01, 8.5076e-01, 4.1451e-01,  ..., 6.2035e-01,
           1.8667e-01, 7.1016e-02],
          [4.1469e-01, 3.7583e-01, 2.6917e-01,  ..., 8.6526e-01,
           3.5448e-01, 5.4405e-01],
          [1.2435e-01, 4.8866e-01, 1.4082e-01,  ..., 8.9910e-01,
           3.8831e-01, 3.8776e-01]],

         [[6.6450e-01, 5.0959e-01, 9.3695e-01,  ..., 5.9938e-01,
           7.0203e-01, 3.9923e-01],
          [9.1635e-01, 9.2766e-01, 1.2968e-01,  ..., 1.3458e-01,
           9.7538e-01, 6.8696e-02],
          [6.8972e-01, 3.5118e-01, 7.0727e-01,  ..., 1.4760e-01,
           6.2168e-04, 4.1921e-01],
          ...,
          [6.7458e-01, 8.5991e-01, 5.2245e-01,  ..., 5.0544e-01,
           5.4335e-01, 2.1081e-01],
          [8.6057e-01, 8.3991e-01, 9.8517e-01,  ..., 1.6964e-01,
           7.6850e-01, 4.7316e-01],
          [8.2699e-01, 4.9022e-01, 6.1248e-02,  ..., 6.1658e-01,
           2.6284e-01, 6.3872e-01]],

         ...,

         [[8.7727e-01, 4.4840e-01, 5.5900e-01,  ..., 4.6244e-01,
           4.1763e-01, 7.4068e-02],
          [7.3409e-01, 3.9981e-01, 8.9578e-01,  ..., 3.7554e-01,
           9.1113e-01, 6.2476e-01],
          [7.5954e-01, 6.8336e-01, 8.6068e-01,  ..., 6.9186e-02,
           1.3796e-02, 5.0487e-01],
          ...,
          [1.7725e-01, 4.2140e-01, 6.1090e-01,  ..., 4.0681e-01,
           6.2863e-01, 1.7611e-01],
          [5.7436e-01, 7.1713e-01, 9.0059e-01,  ..., 6.1856e-01,
           6.2329e-02, 7.5031e-01],
          [1.7065e-01, 3.5409e-01, 2.8191e-01,  ..., 9.2364e-01,
           1.4983e-01, 3.9758e-01]],

         [[7.2051e-01, 5.6702e-01, 1.5424e-01,  ..., 9.0827e-02,
           9.6281e-01, 7.0936e-01],
          [1.5312e-01, 4.0757e-01, 4.9569e-01,  ..., 2.6067e-02,
           3.4126e-01, 8.6302e-01],
          [9.3518e-01, 3.6317e-01, 2.7169e-01,  ..., 3.7873e-01,
           6.1699e-01, 5.6215e-01],
          ...,
          [3.5554e-01, 3.7054e-01, 3.5120e-01,  ..., 8.9452e-01,
           3.8344e-01, 7.3957e-01],
          [3.0934e-01, 7.1426e-02, 3.6700e-01,  ..., 6.4297e-01,
           5.2222e-01, 3.4737e-01],
          [7.2909e-02, 9.9431e-01, 7.2160e-01,  ..., 7.4990e-01,
           6.4695e-01, 1.1824e-01]],

         [[5.9256e-02, 1.5839e-01, 1.0641e-01,  ..., 7.6814e-01,
           3.6430e-02, 8.5069e-01],
          [2.2370e-01, 4.6575e-01, 2.1031e-01,  ..., 1.2680e-01,
           2.7560e-01, 8.8656e-01],
          [3.5300e-01, 7.9984e-01, 1.8552e-01,  ..., 8.8379e-01,
           3.2570e-01, 4.2657e-01],
          ...,
          [1.3591e-01, 5.2757e-01, 6.5004e-01,  ..., 9.6467e-02,
           2.6727e-01, 6.0907e-02],
          [2.4468e-01, 7.7991e-02, 9.1253e-01,  ..., 4.0465e-01,
           3.2816e-01, 6.9335e-01],
          [7.9957e-01, 8.8639e-01, 6.1982e-01,  ..., 2.2214e-01,
           2.2427e-01, 6.8442e-01]]],


        [[[8.1141e-01, 5.9361e-02, 3.2269e-01,  ..., 3.2408e-01,
           9.6552e-03, 6.7878e-01],
          [1.2186e-01, 1.2930e-02, 9.2973e-01,  ..., 4.9980e-01,
           7.6123e-02, 4.5168e-01],
          [1.1022e-01, 4.7721e-01, 6.5641e-01,  ..., 5.8771e-01,
           4.2811e-01, 2.3166e-01],
          ...,
          [2.9909e-01, 9.2016e-01, 4.5290e-01,  ..., 6.1137e-01,
           3.5322e-01, 2.0097e-01],
          [4.5508e-01, 9.2601e-01, 2.0196e-01,  ..., 3.1665e-01,
           7.0025e-01, 5.8518e-01],
          [5.0255e-02, 7.0238e-01, 9.5908e-01,  ..., 7.1176e-01,
           2.8356e-01, 3.6829e-01]],

         [[4.4299e-01, 9.9060e-01, 4.7565e-01,  ..., 3.7049e-01,
           1.3331e-01, 2.7999e-01],
          [1.3459e-01, 1.3515e-01, 3.3455e-01,  ..., 1.5244e-01,
           8.7232e-01, 3.3163e-01],
          [7.9031e-01, 1.7494e-01, 5.0921e-01,  ..., 9.5938e-01,
           6.2065e-01, 6.9779e-02],
          ...,
          [9.9748e-01, 9.2560e-01, 2.2471e-01,  ..., 1.4183e-01,
           6.3778e-01, 3.2197e-01],
          [4.3096e-01, 4.2870e-01, 7.7619e-01,  ..., 9.1263e-01,
           8.3177e-01, 2.7724e-01],
          [4.4674e-01, 6.7101e-01, 5.1767e-01,  ..., 8.0200e-01,
           1.2576e-01, 4.2910e-02]],

         [[8.7695e-01, 6.4969e-01, 9.5318e-01,  ..., 3.7163e-01,
           5.0374e-01, 8.0395e-01],
          [2.5140e-01, 7.0486e-01, 7.6557e-01,  ..., 4.7501e-01,
           8.4691e-01, 5.2506e-03],
          [1.1028e-01, 9.6888e-01, 5.3777e-01,  ..., 1.8577e-01,
           8.8648e-01, 2.7779e-01],
          ...,
          [7.1206e-01, 7.0836e-01, 4.8333e-01,  ..., 2.5384e-01,
           7.1733e-01, 6.0926e-01],
          [8.6563e-01, 2.6028e-01, 7.9241e-01,  ..., 9.8238e-01,
           1.9189e-01, 3.9510e-01],
          [5.0386e-01, 6.3067e-01, 3.9962e-01,  ..., 6.2676e-01,
           5.4813e-01, 8.0137e-01]],

         ...,

         [[1.0348e-01, 7.8408e-01, 8.9884e-01,  ..., 2.2021e-01,
           8.0437e-01, 9.9968e-01],
          [7.9883e-01, 9.7621e-01, 8.3208e-01,  ..., 4.8338e-01,
           4.2750e-02, 7.3747e-01],
          [6.0133e-01, 1.9264e-01, 9.3551e-01,  ..., 8.6393e-02,
           4.9905e-01, 1.0350e-01],
          ...,
          [9.7122e-01, 8.5645e-01, 9.0281e-01,  ..., 5.4671e-01,
           9.5066e-01, 9.8634e-01],
          [2.0763e-01, 1.8537e-01, 2.5251e-01,  ..., 8.4563e-01,
           1.0976e-01, 2.5596e-01],
          [6.5804e-01, 8.8179e-01, 6.4694e-01,  ..., 9.9274e-01,
           5.2326e-01, 7.3034e-01]],

         [[1.8672e-01, 9.8943e-02, 6.4537e-02,  ..., 6.2492e-01,
           6.3830e-01, 4.4205e-01],
          [4.5398e-02, 4.3600e-01, 6.8040e-01,  ..., 3.7490e-01,
           2.2648e-01, 5.4299e-01],
          [4.4704e-01, 4.5835e-01, 3.2630e-01,  ..., 4.2167e-01,
           9.1388e-01, 4.4894e-01],
          ...,
          [9.1887e-01, 1.3325e-01, 8.1456e-01,  ..., 1.4665e-01,
           5.7765e-01, 7.7792e-01],
          [6.4440e-01, 5.8668e-01, 1.1681e-01,  ..., 9.8298e-01,
           3.5312e-01, 7.7800e-02],
          [7.5560e-01, 4.8472e-02, 3.0509e-01,  ..., 7.8595e-01,
           8.5538e-01, 6.1729e-01]],

         [[3.2146e-01, 2.8455e-01, 4.0406e-01,  ..., 9.5701e-01,
           7.9026e-01, 9.5494e-01],
          [9.4517e-02, 7.0939e-01, 1.7184e-01,  ..., 3.1465e-01,
           1.4387e-01, 9.3262e-01],
          [7.2608e-01, 4.9374e-01, 6.7852e-01,  ..., 5.8502e-01,
           3.7389e-01, 4.6072e-01],
          ...,
          [7.5851e-01, 8.4036e-01, 5.7598e-01,  ..., 7.0992e-01,
           8.3095e-01, 5.9067e-01],
          [6.1566e-01, 5.2204e-01, 4.6714e-01,  ..., 3.9538e-01,
           3.3495e-02, 2.1540e-01],
          [4.2039e-01, 5.3737e-01, 7.1730e-01,  ..., 2.3410e-01,
           7.0680e-01, 8.5561e-01]]],


        [[[6.8004e-01, 4.5657e-02, 7.0449e-01,  ..., 1.6596e-01,
           4.9977e-01, 7.9402e-01],
          [5.9581e-01, 7.2119e-01, 7.5930e-01,  ..., 4.7793e-01,
           1.6395e-01, 3.4960e-01],
          [9.7182e-01, 5.9403e-01, 3.0631e-01,  ..., 3.8897e-01,
           9.9271e-01, 4.9010e-01],
          ...,
          [9.7236e-01, 2.6654e-01, 5.3074e-01,  ..., 3.8385e-01,
           3.2367e-02, 4.1181e-01],
          [4.0428e-01, 7.6120e-01, 8.1469e-01,  ..., 6.4824e-01,
           3.1956e-01, 3.0774e-01],
          [9.1193e-01, 4.2093e-01, 6.0514e-01,  ..., 6.1393e-01,
           4.8767e-01, 3.7395e-01]],

         [[2.8519e-01, 5.9977e-01, 1.0066e-01,  ..., 2.5055e-01,
           1.3131e-01, 2.4157e-01],
          [4.4361e-01, 4.6991e-01, 9.2096e-01,  ..., 1.1584e-01,
           1.8451e-03, 4.0552e-01],
          [6.3993e-01, 8.4581e-01, 1.4679e-01,  ..., 4.4712e-01,
           2.1872e-01, 5.0731e-01],
          ...,
          [7.8701e-01, 2.5572e-01, 4.4381e-01,  ..., 9.4066e-01,
           1.6511e-02, 2.0694e-01],
          [6.7757e-01, 3.2218e-01, 6.2989e-01,  ..., 3.2483e-02,
           9.4304e-01, 7.4215e-01],
          [7.9666e-01, 9.6350e-01, 8.8404e-01,  ..., 8.1496e-01,
           2.3529e-01, 1.6617e-01]],

         [[7.0330e-01, 2.1882e-01, 9.9116e-01,  ..., 7.0281e-01,
           7.4444e-01, 3.3553e-02],
          [9.4152e-01, 3.2460e-01, 9.6076e-01,  ..., 1.8936e-01,
           9.6840e-01, 9.3714e-01],
          [5.5063e-02, 9.4518e-02, 1.0344e-01,  ..., 7.5689e-01,
           5.2570e-01, 2.7051e-01],
          ...,
          [3.9905e-01, 8.3979e-01, 8.0553e-01,  ..., 3.5662e-01,
           6.8540e-01, 1.4435e-01],
          [5.9353e-01, 1.5487e-02, 6.8395e-01,  ..., 2.6215e-01,
           4.1858e-01, 9.3206e-02],
          [2.4379e-01, 2.8963e-01, 8.8264e-01,  ..., 4.8256e-01,
           8.0789e-01, 2.9412e-01]],

         ...,

         [[3.5045e-01, 3.0198e-01, 8.7335e-01,  ..., 8.6806e-01,
           5.5063e-01, 6.0467e-01],
          [8.5840e-01, 6.9438e-01, 1.0345e-01,  ..., 7.4628e-01,
           7.5141e-01, 6.6728e-01],
          [2.5012e-01, 3.1769e-01, 6.2695e-02,  ..., 2.1690e-01,
           8.4009e-01, 4.0024e-02],
          ...,
          [7.1900e-01, 6.0426e-01, 1.2108e-01,  ..., 6.7997e-01,
           1.9325e-02, 1.7335e-01],
          [2.0059e-02, 9.1905e-01, 5.2998e-01,  ..., 3.5274e-01,
           7.1271e-01, 8.4624e-01],
          [6.2462e-01, 2.6269e-01, 9.7471e-01,  ..., 3.1277e-01,
           9.3286e-01, 2.4778e-01]],

         [[1.4332e-01, 9.4183e-01, 1.0231e-01,  ..., 8.9884e-01,
           7.2159e-01, 6.5789e-01],
          [8.0122e-01, 7.8339e-01, 3.1154e-01,  ..., 9.7854e-01,
           1.4632e-01, 9.2563e-01],
          [5.1104e-01, 5.1282e-01, 4.0427e-01,  ..., 6.1400e-01,
           1.9434e-01, 9.1403e-01],
          ...,
          [9.1019e-02, 1.0552e-01, 7.3671e-01,  ..., 5.8577e-01,
           1.6053e-01, 8.3984e-01],
          [9.0709e-01, 4.7027e-01, 2.3716e-01,  ..., 5.0032e-01,
           1.8696e-01, 6.9479e-01],
          [8.9634e-01, 8.8106e-02, 4.9301e-02,  ..., 4.5197e-01,
           5.9354e-01, 5.0353e-01]],

         [[8.5234e-01, 6.1574e-01, 6.5512e-01,  ..., 9.3087e-01,
           7.2206e-01, 1.6334e-01],
          [8.2622e-01, 9.9294e-01, 9.8022e-01,  ..., 4.5296e-01,
           6.0190e-01, 8.0321e-02],
          [5.8351e-02, 1.1350e-02, 1.9688e-02,  ..., 9.6246e-01,
           4.7790e-01, 9.2662e-01],
          ...,
          [9.0569e-01, 9.1293e-01, 3.6759e-01,  ..., 7.6503e-01,
           8.5491e-01, 6.7904e-01],
          [4.2661e-01, 3.7282e-01, 3.1437e-01,  ..., 9.2955e-01,
           2.9851e-01, 3.7848e-01],
          [1.6768e-01, 4.9959e-01, 4.7205e-01,  ..., 4.2669e-01,
           3.0365e-01, 9.6762e-01]]]])
