tensor([[[[3.5622e-01, 2.1685e-01, 1.6061e-01,  ..., 2.2963e-01,
           8.3932e-01, 3.7015e-01],
          [5.8113e-01, 9.9949e-01, 8.4336e-01,  ..., 8.9468e-01,
           2.0760e-01, 5.9658e-01],
          [1.2104e-01, 5.8255e-01, 2.0392e-01,  ..., 1.7035e-01,
           9.0596e-01, 9.1003e-01],
          ...,
          [9.7139e-01, 7.7205e-01, 2.1725e-01,  ..., 7.0226e-02,
           2.7642e-01, 3.3326e-01],
          [6.2988e-01, 2.7775e-01, 5.4013e-01,  ..., 7.2319e-01,
           5.2636e-01, 1.9586e-01],
          [7.3153e-01, 1.0075e-01, 7.0091e-01,  ..., 2.6994e-02,
           5.2169e-01, 8.5544e-02]],

         [[3.9515e-02, 6.7019e-01, 8.4299e-01,  ..., 9.7787e-02,
           5.9134e-01, 3.6591e-01],
          [1.4266e-01, 8.4278e-01, 5.9000e-01,  ..., 1.2771e-01,
           1.1015e-01, 3.7954e-01],
          [3.5755e-01, 3.1023e-01, 9.7762e-01,  ..., 8.7742e-01,
           7.9231e-01, 5.6641e-01],
          ...,
          [3.1023e-01, 5.3930e-01, 1.0339e-01,  ..., 2.1175e-01,
           3.3447e-02, 3.4003e-01],
          [3.0808e-01, 6.8354e-01, 3.2471e-02,  ..., 1.9093e-01,
           6.6009e-01, 1.1236e-01],
          [8.4542e-01, 4.5634e-01, 4.6307e-02,  ..., 1.9816e-01,
           7.7909e-01, 3.0102e-01]],

         [[6.6356e-01, 1.9397e-01, 4.1270e-01,  ..., 4.3760e-01,
           8.1858e-01, 2.1790e-01],
          [4.1355e-01, 2.1617e-01, 2.3320e-01,  ..., 9.0275e-02,
           6.5236e-03, 9.3591e-01],
          [6.4541e-01, 8.5157e-01, 4.1547e-01,  ..., 5.1758e-01,
           1.4787e-01, 9.9022e-01],
          ...,
          [9.2903e-01, 4.5054e-01, 7.4897e-01,  ..., 2.8373e-01,
           2.9442e-01, 8.4125e-01],
          [4.7825e-01, 8.3464e-01, 7.3999e-01,  ..., 4.6097e-01,
           6.6542e-01, 7.1011e-01],
          [5.3594e-01, 7.6827e-01, 7.5619e-01,  ..., 1.0504e-01,
           8.7174e-01, 7.8122e-01]],

         ...,

         [[8.0427e-01, 7.3981e-01, 9.5439e-01,  ..., 4.8293e-01,
           1.0115e-01, 1.4214e-01],
          [9.7973e-01, 6.8834e-01, 9.6005e-01,  ..., 7.7809e-01,
           1.7270e-01, 7.6677e-01],
          [1.1846e-01, 7.1207e-01, 7.7934e-01,  ..., 1.0786e-01,
           3.6807e-03, 4.2394e-01],
          ...,
          [2.5251e-01, 4.2602e-02, 8.5133e-01,  ..., 6.8191e-01,
           1.1805e-01, 9.5873e-01],
          [1.6636e-01, 5.4857e-01, 8.1133e-01,  ..., 5.0095e-01,
           3.8180e-01, 6.8946e-01],
          [7.4091e-01, 2.6422e-01, 6.5119e-01,  ..., 5.1589e-02,
           8.1617e-01, 3.0444e-01]],

         [[3.1477e-01, 1.9534e-01, 4.2220e-01,  ..., 5.1197e-01,
           6.2466e-01, 2.5532e-01],
          [5.8352e-01, 7.7147e-01, 1.1542e-01,  ..., 1.8820e-01,
           3.2082e-02, 6.2316e-01],
          [9.4565e-01, 2.2735e-01, 4.4179e-01,  ..., 9.7672e-01,
           5.3968e-01, 3.8270e-01],
          ...,
          [6.0900e-01, 6.9921e-01, 5.4537e-01,  ..., 4.0979e-01,
           8.7372e-01, 4.6957e-01],
          [6.4621e-01, 7.2297e-01, 8.0411e-01,  ..., 5.1171e-01,
           3.1158e-01, 3.1068e-01],
          [7.6107e-02, 5.3766e-01, 9.7070e-01,  ..., 2.5346e-01,
           2.7687e-01, 8.3119e-01]],

         [[2.0250e-02, 8.9684e-01, 4.4920e-01,  ..., 2.2949e-01,
           4.3424e-01, 5.6986e-01],
          [9.2975e-01, 4.9931e-01, 1.1397e-01,  ..., 8.0962e-01,
           7.6662e-01, 2.0950e-01],
          [5.0623e-01, 9.6293e-01, 3.4099e-01,  ..., 3.2740e-01,
           4.0716e-01, 6.6533e-01],
          ...,
          [8.7384e-01, 3.5273e-01, 4.8930e-01,  ..., 9.0981e-01,
           3.2942e-01, 6.4246e-01],
          [9.4233e-01, 6.8215e-01, 4.2085e-01,  ..., 9.8271e-02,
           8.5119e-01, 5.7472e-01],
          [8.2458e-01, 7.7321e-01, 9.6260e-01,  ..., 2.4310e-01,
           7.9986e-01, 3.5538e-02]]],


        [[[3.6711e-01, 7.1676e-02, 2.2136e-01,  ..., 5.7600e-01,
           2.8232e-01, 8.8870e-01],
          [5.2099e-01, 6.0469e-01, 9.1940e-01,  ..., 2.4139e-01,
           3.2554e-01, 5.2714e-01],
          [2.3918e-01, 9.5681e-01, 2.7142e-01,  ..., 7.6281e-01,
           1.3614e-01, 7.2455e-01],
          ...,
          [9.2400e-01, 3.2979e-01, 7.7581e-01,  ..., 8.5346e-01,
           7.0841e-01, 5.0045e-01],
          [7.7456e-01, 2.2835e-01, 3.6774e-01,  ..., 3.6138e-01,
           3.3456e-01, 5.0766e-01],
          [1.6445e-02, 5.2711e-01, 9.8236e-01,  ..., 7.3862e-01,
           1.4224e-02, 2.4306e-01]],

         [[5.5495e-01, 6.4091e-01, 4.4276e-01,  ..., 8.7091e-02,
           4.9340e-01, 7.8512e-01],
          [8.1207e-01, 4.3757e-01, 7.2925e-02,  ..., 4.3091e-01,
           5.8313e-01, 8.6820e-04],
          [6.3911e-01, 4.8683e-01, 2.9675e-01,  ..., 9.4558e-01,
           5.6578e-01, 2.4839e-01],
          ...,
          [7.3064e-01, 3.0616e-01, 5.3220e-01,  ..., 3.5603e-01,
           4.4361e-01, 8.6846e-01],
          [7.4122e-01, 4.2622e-01, 2.1544e-01,  ..., 6.5081e-01,
           5.3387e-01, 1.3820e-01],
          [9.7150e-01, 4.5903e-01, 3.0890e-01,  ..., 6.6740e-01,
           3.5997e-01, 7.4674e-01]],

         [[2.6874e-01, 4.7925e-01, 1.0656e-03,  ..., 5.4077e-01,
           9.8584e-01, 7.2773e-01],
          [7.7069e-01, 9.8977e-01, 5.8749e-01,  ..., 4.4234e-01,
           8.4101e-01, 6.5548e-01],
          [5.5422e-01, 6.7024e-01, 2.8884e-01,  ..., 2.6983e-01,
           2.9416e-01, 3.0816e-01],
          ...,
          [2.5972e-01, 2.3956e-01, 9.2327e-01,  ..., 9.5301e-01,
           4.0205e-01, 3.6023e-01],
          [7.5724e-01, 3.8476e-02, 8.1297e-01,  ..., 2.3840e-02,
           2.1953e-01, 7.3059e-01],
          [8.7984e-01, 6.4950e-01, 4.2367e-01,  ..., 4.5787e-01,
           8.0184e-01, 8.7366e-01]],

         ...,

         [[3.1544e-01, 6.5006e-01, 1.1630e-01,  ..., 5.2481e-03,
           3.0058e-01, 4.2015e-02],
          [5.2742e-01, 7.2600e-01, 4.4139e-01,  ..., 2.5245e-01,
           4.6461e-01, 7.5099e-01],
          [8.4843e-01, 1.6762e-01, 4.1501e-01,  ..., 2.8878e-01,
           6.6991e-01, 7.1321e-01],
          ...,
          [6.3168e-01, 1.5210e-01, 8.5924e-01,  ..., 2.6806e-01,
           9.8502e-01, 3.8551e-01],
          [1.0226e-01, 7.7426e-01, 3.8165e-01,  ..., 5.7888e-02,
           1.2770e-01, 3.2284e-01],
          [8.8038e-02, 7.6415e-01, 4.7958e-01,  ..., 7.6243e-01,
           8.2325e-01, 3.6575e-01]],

         [[2.8682e-01, 6.3416e-02, 6.1492e-01,  ..., 1.6217e-01,
           8.8659e-01, 5.3287e-01],
          [7.4347e-01, 7.0235e-01, 4.1503e-01,  ..., 3.9912e-01,
           5.3901e-02, 8.6591e-01],
          [8.3325e-01, 3.7760e-01, 8.7939e-01,  ..., 2.9366e-01,
           3.8131e-01, 5.7191e-01],
          ...,
          [6.0536e-01, 3.0553e-01, 4.6620e-01,  ..., 5.0056e-01,
           7.1656e-01, 7.7725e-01],
          [7.1760e-01, 5.1998e-01, 4.1917e-01,  ..., 8.3776e-01,
           9.6651e-01, 4.3449e-01],
          [5.0211e-01, 2.9757e-01, 7.3804e-01,  ..., 6.1774e-01,
           7.1360e-01, 9.5374e-02]],

         [[9.3967e-01, 9.1988e-01, 5.6500e-01,  ..., 9.5820e-01,
           3.1519e-01, 5.8506e-01],
          [1.6753e-01, 1.9923e-01, 9.5181e-01,  ..., 2.3059e-01,
           9.3504e-01, 5.3550e-01],
          [5.6336e-01, 9.9130e-01, 9.8569e-01,  ..., 4.5573e-01,
           7.3545e-01, 5.9595e-01],
          ...,
          [2.6342e-01, 4.7332e-01, 2.2117e-01,  ..., 8.5667e-01,
           1.4137e-01, 2.0544e-01],
          [6.3568e-02, 3.8337e-01, 6.6406e-01,  ..., 7.4947e-01,
           3.3488e-01, 7.6183e-01],
          [6.7445e-01, 8.5906e-02, 7.0507e-01,  ..., 6.5682e-01,
           3.4550e-01, 7.7390e-01]]],


        [[[5.1309e-01, 4.0567e-01, 8.3550e-01,  ..., 7.5797e-01,
           2.1296e-01, 5.8427e-01],
          [4.5677e-01, 3.9468e-01, 2.6375e-01,  ..., 2.8153e-01,
           1.7052e-01, 2.5597e-01],
          [6.1060e-01, 2.9132e-01, 5.2022e-01,  ..., 5.6993e-01,
           9.1211e-01, 6.3852e-01],
          ...,
          [2.7581e-01, 1.3409e-01, 7.6199e-01,  ..., 8.9125e-01,
           9.3237e-01, 9.1822e-01],
          [2.2121e-01, 6.7698e-01, 4.8510e-01,  ..., 8.8859e-01,
           1.0288e-01, 6.5122e-01],
          [9.5878e-01, 7.0860e-01, 7.1228e-03,  ..., 3.5239e-02,
           7.0637e-01, 1.7595e-03]],

         [[4.0906e-01, 8.8215e-01, 6.8446e-01,  ..., 1.1574e-01,
           5.5931e-01, 4.7168e-01],
          [3.5711e-01, 9.0626e-01, 9.1206e-01,  ..., 8.0158e-03,
           9.6590e-01, 1.8023e-01],
          [4.2910e-01, 2.4078e-01, 4.9261e-01,  ..., 2.1123e-01,
           5.1797e-01, 6.4293e-01],
          ...,
          [2.6982e-01, 7.7354e-01, 2.7353e-01,  ..., 2.5237e-01,
           7.6306e-01, 8.3558e-01],
          [2.9383e-01, 7.1843e-01, 3.6071e-01,  ..., 2.7573e-01,
           2.0001e-01, 6.5932e-01],
          [6.1598e-01, 9.8957e-03, 2.9896e-01,  ..., 1.3776e-01,
           6.5364e-01, 4.1375e-01]],

         [[2.8231e-01, 9.6740e-01, 6.1086e-01,  ..., 5.8118e-01,
           7.0657e-01, 3.7388e-01],
          [5.7550e-01, 2.3777e-01, 3.9946e-01,  ..., 9.5712e-01,
           3.5009e-01, 7.9078e-02],
          [1.9205e-01, 8.0410e-01, 3.3610e-01,  ..., 1.7406e-01,
           1.8505e-01, 4.5959e-01],
          ...,
          [2.6608e-02, 8.1870e-01, 5.8527e-01,  ..., 1.1173e-01,
           2.5189e-01, 8.4262e-01],
          [5.6627e-01, 7.9498e-01, 7.3055e-01,  ..., 9.3631e-01,
           1.3679e-01, 5.4246e-01],
          [6.1793e-01, 1.7021e-01, 6.5199e-01,  ..., 9.6902e-01,
           8.6301e-01, 1.8243e-01]],

         ...,

         [[2.3471e-02, 8.1344e-02, 2.5474e-01,  ..., 9.6309e-01,
           5.9463e-01, 8.5310e-01],
          [4.3247e-01, 9.3365e-01, 8.3166e-04,  ..., 2.1906e-03,
           4.4870e-01, 9.2288e-01],
          [1.9534e-01, 8.9090e-01, 8.7532e-01,  ..., 2.7389e-01,
           1.5761e-01, 7.4290e-01],
          ...,
          [9.0103e-01, 4.3259e-02, 1.3967e-02,  ..., 3.7764e-01,
           1.5638e-01, 2.8732e-01],
          [2.0057e-01, 1.7263e-02, 1.8596e-01,  ..., 3.0571e-01,
           3.6399e-01, 5.1570e-01],
          [3.2556e-01, 5.3313e-01, 4.2053e-01,  ..., 1.1329e-01,
           4.0678e-01, 1.0060e-01]],

         [[6.4387e-02, 7.1572e-01, 6.4618e-01,  ..., 6.3505e-01,
           5.2787e-01, 4.5110e-01],
          [6.8142e-01, 2.3359e-01, 6.6302e-01,  ..., 5.4733e-01,
           7.1589e-02, 7.2803e-01],
          [6.5000e-01, 2.9150e-02, 4.4124e-01,  ..., 9.8258e-01,
           9.8332e-01, 8.9943e-01],
          ...,
          [6.0523e-01, 7.4871e-01, 4.1611e-01,  ..., 1.5635e-01,
           9.7329e-01, 2.6746e-01],
          [2.1415e-01, 1.5541e-01, 7.3500e-01,  ..., 9.7313e-01,
           4.6201e-01, 7.4575e-01],
          [1.5921e-01, 4.8449e-01, 3.3901e-01,  ..., 4.4319e-01,
           7.0461e-01, 3.5617e-01]],

         [[2.7126e-01, 2.0942e-02, 4.9267e-01,  ..., 7.8946e-02,
           8.3713e-01, 2.2821e-01],
          [9.1682e-01, 5.5530e-01, 5.2654e-01,  ..., 1.1242e-01,
           5.7644e-01, 5.3104e-01],
          [9.0296e-01, 5.5577e-01, 8.4088e-01,  ..., 1.9521e-02,
           8.2707e-01, 3.9504e-01],
          ...,
          [7.7925e-01, 1.0754e-01, 9.1323e-02,  ..., 4.7140e-02,
           8.3144e-01, 6.6877e-02],
          [1.3058e-01, 1.9868e-01, 2.8759e-01,  ..., 4.7275e-02,
           1.4542e-01, 7.4949e-01],
          [3.9074e-01, 8.5830e-01, 4.0291e-02,  ..., 4.4998e-01,
           9.5287e-01, 1.5317e-01]]],


        ...,


        [[[1.2945e-01, 6.5738e-01, 2.5493e-01,  ..., 7.2483e-02,
           9.9989e-01, 6.5905e-02],
          [8.6950e-01, 4.9903e-01, 2.9319e-01,  ..., 2.3150e-01,
           6.8227e-01, 5.7024e-01],
          [3.1077e-01, 6.9294e-01, 1.1915e-01,  ..., 2.1182e-01,
           3.7178e-01, 9.5338e-02],
          ...,
          [6.6485e-01, 7.7766e-01, 9.6149e-01,  ..., 1.5915e-01,
           7.6448e-01, 7.0997e-01],
          [9.9924e-01, 1.8339e-01, 4.6222e-01,  ..., 4.0118e-01,
           3.1216e-01, 8.7853e-01],
          [8.4100e-01, 6.5711e-01, 9.4914e-01,  ..., 5.9413e-01,
           9.2737e-01, 5.2988e-01]],

         [[2.3129e-02, 2.3209e-01, 3.1577e-01,  ..., 6.6986e-01,
           5.8653e-02, 6.1243e-01],
          [4.5755e-01, 4.4107e-01, 2.3219e-01,  ..., 5.7887e-01,
           2.4920e-01, 7.7868e-01],
          [7.3354e-01, 3.7342e-01, 9.2373e-01,  ..., 8.5322e-01,
           8.6348e-01, 4.3269e-01],
          ...,
          [4.1552e-01, 2.4667e-02, 2.5704e-01,  ..., 8.6560e-01,
           4.7174e-01, 6.5486e-01],
          [7.7922e-01, 1.7480e-01, 5.7001e-01,  ..., 8.9473e-01,
           7.1711e-01, 7.6174e-01],
          [4.6785e-01, 3.7962e-01, 6.5490e-01,  ..., 8.1656e-01,
           9.7003e-01, 4.4218e-01]],

         [[4.2057e-02, 3.2594e-01, 5.0323e-01,  ..., 6.2914e-01,
           5.0187e-01, 3.2281e-01],
          [2.5504e-01, 3.3283e-01, 3.9891e-03,  ..., 1.3949e-01,
           7.0488e-01, 5.9606e-01],
          [3.7126e-01, 8.5161e-01, 3.2984e-01,  ..., 5.4128e-01,
           2.1367e-01, 2.9145e-01],
          ...,
          [9.2381e-01, 2.5563e-01, 6.2071e-01,  ..., 6.5266e-01,
           7.7812e-01, 8.7048e-01],
          [5.0894e-03, 8.1317e-01, 3.1726e-01,  ..., 5.4427e-01,
           5.0917e-01, 7.0407e-01],
          [5.2521e-01, 6.3011e-01, 1.5938e-01,  ..., 1.4274e-01,
           7.9764e-01, 4.7954e-01]],

         ...,

         [[8.9913e-02, 9.5515e-01, 8.5392e-01,  ..., 2.5068e-01,
           4.5852e-01, 8.7937e-01],
          [4.0681e-01, 4.3023e-01, 1.2163e-01,  ..., 8.8771e-01,
           4.4310e-01, 3.2789e-01],
          [8.1062e-01, 2.9634e-01, 9.3709e-01,  ..., 3.4206e-01,
           5.7299e-01, 4.5307e-01],
          ...,
          [7.8710e-01, 9.3807e-01, 8.5828e-01,  ..., 6.5353e-01,
           8.1610e-01, 9.3494e-01],
          [8.7220e-01, 9.2650e-01, 9.4095e-01,  ..., 5.7861e-01,
           7.2689e-01, 9.4353e-02],
          [5.9329e-01, 8.1510e-01, 2.4584e-01,  ..., 8.3525e-01,
           3.5450e-01, 4.5860e-01]],

         [[7.7097e-01, 5.3520e-01, 6.4859e-01,  ..., 8.2769e-01,
           2.0298e-02, 4.7003e-01],
          [7.8441e-01, 2.1359e-01, 6.9367e-01,  ..., 4.1990e-01,
           3.5834e-01, 1.2184e-01],
          [8.9998e-01, 4.7734e-01, 2.0830e-01,  ..., 7.5817e-02,
           8.9942e-01, 3.8800e-01],
          ...,
          [4.8448e-01, 1.2936e-01, 7.7052e-01,  ..., 4.5013e-01,
           2.5684e-01, 2.9803e-01],
          [7.1225e-01, 5.4673e-01, 1.9926e-01,  ..., 5.8692e-01,
           7.2045e-01, 4.4055e-01],
          [9.9820e-01, 7.7121e-01, 7.7007e-01,  ..., 2.5391e-01,
           6.6933e-01, 4.1777e-01]],

         [[9.8065e-01, 6.7099e-01, 3.6864e-01,  ..., 3.3023e-01,
           6.9682e-01, 4.2664e-01],
          [9.6580e-01, 8.0954e-01, 3.9387e-01,  ..., 1.9401e-01,
           5.0187e-01, 9.1233e-01],
          [2.0347e-01, 6.9073e-01, 7.9335e-01,  ..., 4.8002e-01,
           1.7195e-01, 5.4330e-01],
          ...,
          [1.1980e-01, 7.5087e-02, 7.2265e-01,  ..., 7.0227e-01,
           8.0809e-01, 6.8166e-01],
          [6.3079e-02, 4.4354e-01, 3.1271e-01,  ..., 7.9140e-01,
           7.7004e-01, 8.3181e-01],
          [4.3568e-01, 5.6146e-01, 2.2518e-01,  ..., 9.4515e-01,
           5.7586e-01, 9.3771e-01]]],


        [[[4.9252e-01, 4.3418e-02, 7.4288e-01,  ..., 5.8432e-01,
           9.2928e-01, 2.7781e-01],
          [4.1070e-01, 5.6122e-01, 1.4129e-01,  ..., 7.9846e-01,
           8.7646e-01, 2.0451e-01],
          [3.4576e-01, 6.2244e-01, 1.0449e-01,  ..., 8.3558e-01,
           6.9404e-01, 9.2182e-01],
          ...,
          [1.5263e-01, 1.7320e-01, 4.4441e-01,  ..., 9.2342e-01,
           5.7565e-01, 2.6632e-01],
          [1.4193e-01, 7.0765e-01, 9.5389e-01,  ..., 4.4882e-03,
           3.2580e-01, 8.9939e-01],
          [5.2246e-02, 7.2000e-01, 9.2734e-01,  ..., 1.2540e-02,
           8.4066e-01, 5.1330e-01]],

         [[1.0353e-01, 6.6417e-01, 9.4499e-01,  ..., 9.0349e-01,
           2.3179e-01, 8.3223e-01],
          [1.0206e-01, 4.4370e-01, 8.3477e-01,  ..., 5.0435e-02,
           2.8858e-01, 8.4113e-01],
          [6.5299e-02, 9.1541e-01, 7.8183e-01,  ..., 3.3238e-01,
           6.4976e-01, 6.3993e-01],
          ...,
          [6.3263e-01, 1.8811e-01, 5.1248e-01,  ..., 5.1492e-01,
           9.8382e-01, 3.0159e-01],
          [8.9588e-01, 7.1033e-01, 3.9682e-01,  ..., 9.2880e-01,
           4.4044e-01, 6.1481e-01],
          [6.9944e-01, 5.4580e-01, 5.2262e-01,  ..., 7.3324e-01,
           4.8922e-01, 5.6745e-01]],

         [[6.8195e-01, 4.2954e-01, 4.4490e-01,  ..., 6.6856e-01,
           1.6038e-01, 1.0143e-01],
          [5.7866e-01, 7.0263e-01, 3.2159e-01,  ..., 8.7797e-01,
           2.0094e-01, 9.2035e-01],
          [7.8280e-01, 3.2286e-02, 4.2035e-01,  ..., 9.7553e-01,
           5.9641e-01, 8.7060e-01],
          ...,
          [4.5003e-02, 5.8623e-01, 3.6325e-01,  ..., 8.5151e-01,
           7.5033e-01, 8.8560e-01],
          [8.4940e-01, 3.2359e-01, 1.2707e-01,  ..., 9.5686e-01,
           1.7841e-01, 4.6998e-01],
          [8.3445e-01, 1.4376e-01, 7.5320e-01,  ..., 1.8368e-01,
           3.1585e-02, 4.6449e-01]],

         ...,

         [[6.1515e-01, 6.9509e-01, 6.2686e-01,  ..., 6.0004e-01,
           9.3438e-01, 5.7568e-01],
          [5.4365e-01, 8.0469e-01, 4.2436e-01,  ..., 8.7507e-02,
           8.6354e-01, 7.9972e-01],
          [7.4385e-01, 7.9910e-01, 3.7921e-01,  ..., 5.0189e-01,
           6.0570e-01, 1.2545e-01],
          ...,
          [7.5047e-01, 6.1317e-01, 9.7461e-01,  ..., 2.8685e-01,
           9.7242e-01, 6.7347e-01],
          [4.9128e-01, 8.0459e-01, 6.4736e-01,  ..., 1.7003e-01,
           5.3054e-01, 4.2251e-01],
          [1.2389e-01, 3.2059e-01, 8.6513e-01,  ..., 6.8373e-01,
           5.6609e-01, 5.1241e-02]],

         [[7.4521e-01, 4.6529e-03, 4.1537e-02,  ..., 2.4764e-01,
           5.5337e-01, 7.9458e-01],
          [4.2224e-01, 9.6345e-02, 5.1268e-01,  ..., 3.1074e-01,
           4.6837e-01, 9.0684e-01],
          [6.2454e-01, 8.8923e-01, 6.5621e-01,  ..., 5.5601e-02,
           2.2216e-01, 4.4968e-01],
          ...,
          [7.8231e-01, 3.3110e-01, 5.0916e-01,  ..., 3.1826e-01,
           3.6292e-01, 6.2244e-01],
          [7.2890e-01, 2.9919e-01, 7.4025e-01,  ..., 1.7876e-01,
           5.5499e-01, 8.2626e-01],
          [5.9116e-01, 3.7877e-01, 2.0777e-01,  ..., 3.5785e-01,
           7.3902e-01, 1.9620e-01]],

         [[3.9648e-01, 1.8431e-01, 5.1600e-01,  ..., 4.3559e-01,
           5.9009e-01, 1.2315e-01],
          [6.9690e-01, 2.8068e-01, 9.5208e-01,  ..., 1.7896e-01,
           9.4556e-01, 5.4794e-01],
          [9.9342e-01, 2.0870e-01, 6.7518e-01,  ..., 3.6289e-01,
           2.7536e-01, 5.5980e-01],
          ...,
          [9.0124e-01, 6.8653e-01, 7.4677e-01,  ..., 7.7891e-01,
           8.6010e-01, 2.8416e-01],
          [3.4912e-01, 4.8763e-01, 4.8847e-01,  ..., 1.8322e-01,
           4.6925e-01, 1.2103e-01],
          [4.8534e-01, 8.3678e-01, 2.0146e-01,  ..., 7.7327e-01,
           7.4593e-01, 6.4346e-01]]],


        [[[3.9076e-01, 7.4333e-01, 9.7906e-01,  ..., 6.0628e-01,
           1.0324e-01, 4.1381e-01],
          [4.0508e-01, 1.0106e-01, 7.7003e-02,  ..., 4.7342e-01,
           9.4640e-01, 8.6924e-01],
          [4.9982e-01, 8.3953e-01, 3.9965e-01,  ..., 5.6729e-01,
           3.4252e-01, 3.8739e-01],
          ...,
          [9.2245e-01, 4.2648e-02, 6.9751e-01,  ..., 2.6686e-01,
           8.1325e-01, 1.8549e-01],
          [2.1205e-01, 4.6495e-01, 7.1923e-01,  ..., 1.4664e-01,
           6.8013e-01, 9.0398e-02],
          [3.7041e-01, 1.3565e-01, 6.0524e-01,  ..., 2.0038e-01,
           7.8798e-01, 5.6141e-01]],

         [[4.7952e-01, 3.3161e-01, 1.0420e-01,  ..., 9.6213e-01,
           7.8370e-01, 4.2846e-01],
          [4.9686e-01, 3.3785e-01, 2.2836e-01,  ..., 3.3696e-01,
           6.1343e-01, 8.7287e-01],
          [5.1385e-01, 9.5194e-02, 3.5724e-01,  ..., 4.0811e-01,
           6.7513e-01, 9.0468e-01],
          ...,
          [7.9649e-01, 4.0743e-01, 6.5548e-01,  ..., 8.9566e-01,
           6.0841e-01, 2.8504e-01],
          [2.7442e-01, 8.3936e-01, 9.1137e-01,  ..., 3.5787e-01,
           3.9303e-01, 6.9692e-01],
          [3.1836e-01, 2.8169e-01, 2.9506e-01,  ..., 4.3585e-01,
           6.2301e-01, 6.0161e-01]],

         [[9.3627e-01, 7.1264e-01, 1.3365e-01,  ..., 6.6895e-01,
           7.4705e-01, 7.0258e-01],
          [3.3463e-01, 8.1364e-01, 5.3191e-01,  ..., 3.6286e-02,
           5.0255e-01, 8.6553e-01],
          [1.4920e-01, 5.8845e-01, 5.2391e-01,  ..., 6.0209e-01,
           4.3024e-01, 7.2667e-03],
          ...,
          [8.4429e-01, 4.3565e-01, 4.4101e-01,  ..., 3.6634e-01,
           4.4556e-01, 1.6554e-01],
          [2.9738e-01, 2.0120e-01, 4.6060e-01,  ..., 7.0589e-01,
           3.7469e-01, 2.8710e-01],
          [9.8345e-01, 8.9167e-01, 1.7339e-01,  ..., 4.1704e-01,
           8.3133e-01, 2.3014e-01]],

         ...,

         [[7.5414e-01, 5.4938e-01, 8.9264e-01,  ..., 5.4473e-01,
           8.2989e-01, 6.0385e-01],
          [6.0784e-01, 6.6734e-01, 4.9226e-01,  ..., 6.0443e-02,
           8.4367e-01, 8.5208e-01],
          [9.3774e-01, 8.4562e-01, 8.9599e-01,  ..., 4.6726e-02,
           7.8100e-01, 3.9334e-01],
          ...,
          [5.1818e-01, 4.7332e-01, 6.5511e-01,  ..., 8.3172e-01,
           5.7702e-01, 6.3425e-02],
          [6.9492e-01, 3.3985e-01, 4.1607e-02,  ..., 4.0882e-01,
           1.3422e-01, 4.2165e-02],
          [7.5839e-01, 5.5296e-01, 7.6569e-01,  ..., 8.4546e-01,
           8.6229e-01, 8.7299e-01]],

         [[1.9400e-01, 9.7523e-01, 8.0078e-01,  ..., 3.9507e-01,
           7.8858e-01, 9.8770e-01],
          [8.9406e-01, 7.8184e-01, 1.2955e-01,  ..., 3.5870e-01,
           3.2217e-01, 3.7039e-01],
          [8.2357e-01, 5.9605e-01, 2.9941e-01,  ..., 4.9936e-01,
           4.8283e-01, 2.4097e-01],
          ...,
          [3.2134e-01, 5.7267e-01, 5.7847e-02,  ..., 3.5897e-01,
           7.9462e-01, 6.7397e-01],
          [5.2888e-01, 6.8258e-01, 2.6015e-01,  ..., 6.2035e-01,
           9.4130e-01, 1.5273e-01],
          [6.4893e-01, 1.6188e-01, 5.9344e-01,  ..., 6.1886e-01,
           6.3442e-01, 1.1846e-02]],

         [[8.6797e-01, 5.7767e-01, 2.2100e-01,  ..., 6.4026e-01,
           7.7617e-01, 3.9804e-02],
          [4.9799e-01, 5.0923e-01, 7.9831e-01,  ..., 3.6564e-01,
           9.5440e-01, 2.9291e-01],
          [1.8079e-01, 9.2766e-01, 9.8751e-01,  ..., 2.7341e-01,
           8.9086e-01, 1.9158e-02],
          ...,
          [6.7906e-01, 6.1801e-01, 2.7902e-01,  ..., 7.9566e-01,
           4.5200e-01, 5.7047e-01],
          [3.0278e-01, 8.4256e-01, 9.5329e-01,  ..., 3.9900e-02,
           7.9383e-01, 4.8205e-01],
          [1.9548e-01, 2.1800e-02, 3.8067e-01,  ..., 3.1611e-01,
           5.1055e-01, 3.1131e-01]]]])
