tensor([[[[0.9016, 0.3502, 0.4164,  ..., 0.1259, 0.1749, 0.5410],
          [0.1243, 0.7096, 0.0175,  ..., 0.6903, 0.3140, 0.3084],
          [0.8472, 0.6178, 0.5543,  ..., 0.8121, 0.0458, 0.4940],
          ...,
          [0.2386, 0.7718, 0.2993,  ..., 0.8548, 0.3601, 0.4003],
          [0.0347, 0.3920, 0.1935,  ..., 0.0217, 0.0594, 0.5669],
          [0.5555, 0.6224, 0.7993,  ..., 0.7277, 0.1247, 0.3569]],

         [[0.1938, 0.4393, 0.9051,  ..., 0.6586, 0.3217, 0.8127],
          [0.0236, 0.2557, 0.1301,  ..., 0.6865, 0.3909, 0.5306],
          [0.4907, 0.3631, 0.3598,  ..., 0.6115, 0.3958, 0.8833],
          ...,
          [0.6616, 0.2968, 0.5737,  ..., 0.8438, 0.2462, 0.2960],
          [0.5303, 0.5830, 0.1915,  ..., 0.8294, 0.7335, 0.5789],
          [0.2165, 0.3181, 0.4824,  ..., 0.3792, 0.5574, 0.2947]],

         [[0.3244, 0.1080, 0.0921,  ..., 0.4274, 0.7936, 0.6881],
          [0.1247, 0.8449, 0.5170,  ..., 0.0230, 0.5489, 0.4236],
          [0.0207, 0.3028, 0.0724,  ..., 0.3407, 0.8736, 0.3348],
          ...,
          [0.9992, 0.5312, 0.3848,  ..., 0.5701, 0.8421, 0.9332],
          [0.9024, 0.5450, 0.2005,  ..., 0.6394, 0.9569, 0.1771],
          [0.2150, 0.1664, 0.3289,  ..., 0.5797, 0.4446, 0.2876]],

         ...,

         [[0.1992, 0.9199, 0.8405,  ..., 0.5038, 0.6594, 0.5012],
          [0.6555, 0.5001, 0.6996,  ..., 0.6189, 0.6600, 0.9550],
          [0.2531, 0.7014, 0.0299,  ..., 0.8626, 0.6221, 0.2352],
          ...,
          [0.0703, 0.4903, 0.3431,  ..., 0.6108, 0.8058, 0.5115],
          [0.7722, 0.2379, 0.5663,  ..., 0.8162, 0.8479, 0.4027],
          [0.3711, 0.6384, 0.5677,  ..., 0.8238, 0.2449, 0.9910]],

         [[0.2401, 0.0943, 0.4959,  ..., 0.9732, 0.6465, 0.3345],
          [0.9815, 0.0532, 0.6447,  ..., 0.1378, 0.3039, 0.0891],
          [0.5223, 0.0454, 0.3739,  ..., 0.8826, 0.2098, 0.0532],
          ...,
          [0.2793, 0.5150, 0.2372,  ..., 0.1118, 0.0303, 0.8293],
          [0.0942, 0.2474, 0.2847,  ..., 0.4576, 0.5927, 0.5567],
          [0.8921, 0.7058, 0.1562,  ..., 0.4013, 0.3194, 0.1431]],

         [[0.3982, 0.9074, 0.6983,  ..., 0.0094, 0.8747, 0.5043],
          [0.9471, 0.7372, 0.2260,  ..., 0.3476, 0.4277, 0.8377],
          [0.0331, 0.2361, 0.8407,  ..., 0.1956, 0.8552, 0.1216],
          ...,
          [0.9218, 0.7157, 0.1841,  ..., 0.6486, 0.0067, 0.9953],
          [0.2953, 0.2862, 0.8795,  ..., 0.0788, 0.3668, 0.3695],
          [0.2555, 0.4723, 0.5358,  ..., 0.6143, 0.9593, 0.2096]]],


        [[[0.3666, 0.8175, 0.0293,  ..., 0.4083, 0.9115, 0.5101],
          [0.1637, 0.6469, 0.9565,  ..., 0.7077, 0.6239, 0.5213],
          [0.1566, 0.0538, 0.3194,  ..., 0.4971, 0.9489, 0.4805],
          ...,
          [0.9144, 0.9996, 0.8116,  ..., 0.0040, 0.7286, 0.9551],
          [0.2069, 0.4447, 0.4882,  ..., 0.6824, 0.6768, 0.8984],
          [0.3616, 0.5094, 0.2172,  ..., 0.0781, 0.0809, 0.2451]],

         [[0.2778, 0.3466, 0.8751,  ..., 0.8006, 0.9649, 0.4691],
          [0.5479, 0.3475, 0.1036,  ..., 0.7138, 0.4683, 0.1551],
          [0.5370, 0.8002, 0.8553,  ..., 0.3600, 0.5457, 0.8101],
          ...,
          [0.6040, 0.9242, 0.1053,  ..., 0.8147, 0.6720, 0.3931],
          [0.3988, 0.1698, 0.3403,  ..., 0.7251, 0.6881, 0.7751],
          [0.2779, 0.7743, 0.0980,  ..., 0.7172, 0.7206, 0.5531]],

         [[0.9312, 0.0654, 0.0996,  ..., 0.0314, 0.3785, 0.7248],
          [0.3699, 0.0597, 0.2804,  ..., 0.5349, 0.8924, 0.3602],
          [0.5105, 0.6491, 0.5006,  ..., 0.1525, 0.3314, 0.3707],
          ...,
          [0.9458, 0.3090, 0.3582,  ..., 0.1488, 0.2961, 0.0866],
          [0.2382, 0.1687, 0.7649,  ..., 0.9766, 0.6873, 0.5439],
          [0.6566, 0.7735, 0.5192,  ..., 0.7820, 0.5648, 0.4343]],

         ...,

         [[0.6237, 0.9396, 0.1301,  ..., 0.7911, 0.7607, 0.6070],
          [0.1752, 0.0149, 0.3148,  ..., 0.2576, 0.8802, 0.2268],
          [0.7101, 0.4676, 0.0856,  ..., 0.2713, 0.0935, 0.8385],
          ...,
          [0.7612, 0.0471, 0.4452,  ..., 0.7683, 0.8321, 0.4221],
          [0.2510, 0.4244, 0.2020,  ..., 0.1566, 0.5730, 0.7667],
          [0.2490, 0.3882, 0.9692,  ..., 0.5086, 0.2118, 0.9757]],

         [[0.1291, 0.5094, 0.1663,  ..., 0.8950, 0.2085, 0.1843],
          [0.2702, 0.6723, 0.7421,  ..., 0.7882, 0.3941, 0.9499],
          [0.6004, 0.6426, 0.2678,  ..., 0.7766, 0.2288, 0.0916],
          ...,
          [0.1198, 0.0147, 0.2157,  ..., 0.5674, 0.3582, 0.6902],
          [0.8726, 0.3546, 0.7389,  ..., 0.9308, 0.0615, 0.5844],
          [0.6615, 0.3350, 0.2061,  ..., 0.5208, 0.6830, 0.5988]],

         [[0.0986, 0.0212, 0.0596,  ..., 0.6882, 0.1646, 0.0703],
          [0.9850, 0.5159, 0.4318,  ..., 0.7519, 0.3660, 0.3567],
          [0.6166, 0.9876, 0.8271,  ..., 0.7969, 0.9869, 0.1399],
          ...,
          [0.1921, 0.1906, 0.2566,  ..., 0.7987, 0.0388, 0.4114],
          [0.1197, 0.4829, 0.6416,  ..., 0.5699, 0.2431, 0.0952],
          [0.4266, 0.2895, 0.1438,  ..., 0.8788, 0.1819, 0.0916]]],


        [[[0.6624, 0.0806, 0.5948,  ..., 0.4483, 0.3442, 0.7380],
          [0.5624, 0.9431, 0.1123,  ..., 0.7804, 0.2287, 0.1955],
          [0.7165, 0.4355, 0.2246,  ..., 0.6594, 0.5944, 0.1305],
          ...,
          [0.6347, 0.2056, 0.3596,  ..., 0.5247, 0.2757, 0.6715],
          [0.8797, 0.4598, 0.3215,  ..., 0.5069, 0.0252, 0.4296],
          [0.5309, 0.9164, 0.4280,  ..., 0.9606, 0.6116, 0.5601]],

         [[0.9310, 0.1553, 0.8640,  ..., 0.0216, 0.9494, 0.3695],
          [0.4745, 0.3249, 0.6989,  ..., 0.9641, 0.5141, 0.0129],
          [0.4302, 0.0425, 0.9591,  ..., 0.9619, 0.4330, 0.3524],
          ...,
          [0.5869, 0.6795, 0.4153,  ..., 0.8577, 0.6236, 0.0959],
          [0.2911, 0.7587, 0.2594,  ..., 0.1580, 0.0239, 0.1794],
          [0.3235, 0.9858, 0.0704,  ..., 0.4219, 0.9775, 0.2522]],

         [[0.3676, 0.3902, 0.4545,  ..., 0.4648, 0.6662, 0.1312],
          [0.2188, 0.6165, 0.3210,  ..., 0.9908, 0.9835, 0.3875],
          [0.7178, 0.8919, 0.5516,  ..., 0.6850, 0.5511, 0.4569],
          ...,
          [0.3845, 0.1915, 0.2311,  ..., 0.9554, 0.4524, 0.6981],
          [0.5982, 0.9175, 0.0477,  ..., 0.7237, 0.3453, 0.2977],
          [0.9487, 0.6608, 0.4303,  ..., 0.6561, 0.5032, 0.9838]],

         ...,

         [[0.9701, 0.5562, 0.6858,  ..., 0.5672, 0.4938, 0.1622],
          [0.6184, 0.6900, 0.1281,  ..., 0.9540, 0.6024, 0.6419],
          [0.2380, 0.4135, 0.1782,  ..., 0.8423, 0.8055, 0.5179],
          ...,
          [0.0861, 0.3189, 0.9229,  ..., 0.7044, 0.3464, 0.0787],
          [0.5370, 0.3458, 0.6582,  ..., 0.7013, 0.5243, 0.5690],
          [0.2046, 0.0316, 0.6859,  ..., 0.9962, 0.2485, 0.5775]],

         [[0.3019, 0.7815, 0.5274,  ..., 0.9562, 0.3921, 0.9525],
          [0.8559, 0.1560, 0.3336,  ..., 0.6113, 0.1256, 0.8188],
          [0.8255, 0.8226, 0.5986,  ..., 0.8852, 0.5379, 0.2780],
          ...,
          [0.3786, 0.5217, 0.0049,  ..., 0.4651, 0.6266, 0.3545],
          [0.5156, 0.1590, 0.2595,  ..., 0.7787, 0.4735, 0.1293],
          [0.1317, 0.1741, 0.9762,  ..., 0.3820, 0.7163, 0.8234]],

         [[0.2276, 0.5581, 0.1771,  ..., 0.3277, 0.8253, 0.0165],
          [0.1952, 0.3180, 0.9631,  ..., 0.9694, 0.1472, 0.1592],
          [0.9510, 0.6721, 0.7313,  ..., 0.4515, 0.8592, 0.8959],
          ...,
          [0.9340, 0.1120, 0.5194,  ..., 0.2915, 0.9948, 0.6540],
          [0.8858, 0.6412, 0.4465,  ..., 0.9524, 0.8967, 0.7597],
          [0.9853, 0.3058, 0.9393,  ..., 0.9522, 0.9557, 0.0952]]],


        ...,


        [[[0.0924, 0.4502, 0.5591,  ..., 0.5523, 0.8971, 0.0163],
          [0.4738, 0.7105, 0.4045,  ..., 0.0792, 0.4382, 0.0986],
          [0.2702, 0.0710, 0.9378,  ..., 0.4836, 0.2155, 0.6046],
          ...,
          [0.3122, 0.6747, 0.1282,  ..., 0.9491, 0.5864, 0.7666],
          [0.0055, 0.9395, 0.1953,  ..., 0.5968, 0.6312, 0.9945],
          [0.0119, 0.1462, 0.7570,  ..., 0.3567, 0.5949, 0.7496]],

         [[0.5610, 0.1534, 0.9972,  ..., 0.9941, 0.4332, 0.7126],
          [0.4542, 0.6483, 0.9910,  ..., 0.4957, 0.5011, 0.2924],
          [0.7471, 0.7558, 0.7531,  ..., 0.1492, 0.3210, 0.3474],
          ...,
          [0.4589, 0.9608, 0.5151,  ..., 0.8135, 0.0622, 0.2893],
          [0.7045, 0.4021, 0.4055,  ..., 0.4018, 0.9573, 0.5516],
          [0.0865, 0.4007, 0.3761,  ..., 0.2709, 0.9319, 0.6008]],

         [[0.3387, 0.5405, 0.5825,  ..., 0.3384, 0.2866, 0.4436],
          [0.2328, 0.0022, 0.9403,  ..., 0.6107, 0.1039, 0.7100],
          [0.8031, 0.6766, 0.6978,  ..., 0.5877, 0.0102, 0.7609],
          ...,
          [0.4762, 0.0565, 0.9235,  ..., 0.9487, 0.6779, 0.3878],
          [0.0931, 0.5931, 0.8075,  ..., 0.6246, 0.2561, 0.2476],
          [0.9922, 0.3377, 0.9960,  ..., 0.4876, 0.7487, 0.6548]],

         ...,

         [[0.3230, 0.6026, 0.8018,  ..., 0.5588, 0.4772, 0.2285],
          [0.8857, 0.6117, 0.1731,  ..., 0.5337, 0.0934, 0.8923],
          [0.1506, 0.0385, 0.3350,  ..., 0.1473, 0.6495, 0.2673],
          ...,
          [0.2885, 0.7079, 0.6287,  ..., 0.0391, 0.9217, 0.9520],
          [0.0465, 0.8166, 0.4448,  ..., 0.0999, 0.4825, 0.2786],
          [0.4014, 0.1571, 0.2398,  ..., 0.9333, 0.2692, 0.5678]],

         [[0.1981, 0.1463, 0.8479,  ..., 0.5185, 0.8967, 0.6267],
          [0.9143, 0.3450, 0.6011,  ..., 0.0644, 0.1769, 0.9319],
          [0.5866, 0.4466, 0.7594,  ..., 0.5200, 0.6725, 0.7896],
          ...,
          [0.1814, 0.4912, 0.3543,  ..., 0.8076, 0.1906, 0.4748],
          [0.3157, 0.9522, 0.4734,  ..., 0.5565, 0.3425, 0.4899],
          [0.3469, 0.1896, 0.1868,  ..., 0.1515, 0.3045, 0.2179]],

         [[0.1090, 0.5808, 0.0736,  ..., 0.1065, 0.9382, 0.2570],
          [0.6726, 0.1360, 0.5964,  ..., 0.7746, 0.9614, 0.5419],
          [0.7722, 0.2499, 0.4163,  ..., 0.4039, 0.3789, 0.5573],
          ...,
          [0.6748, 0.8182, 0.3782,  ..., 0.7314, 0.2576, 0.6848],
          [0.9460, 0.8179, 0.7619,  ..., 0.6036, 0.9018, 0.2817],
          [0.1173, 0.3748, 0.1348,  ..., 0.1512, 0.5327, 0.5287]]],


        [[[0.2397, 0.3665, 0.2809,  ..., 0.1534, 0.2666, 0.1665],
          [0.5175, 0.7950, 0.2816,  ..., 0.9229, 0.5663, 0.3461],
          [0.2989, 0.2147, 0.9100,  ..., 0.0124, 0.0447, 0.9774],
          ...,
          [0.7628, 0.3551, 0.6796,  ..., 0.5500, 0.4206, 0.9273],
          [0.0147, 0.6833, 0.8319,  ..., 0.1692, 0.9585, 0.7198],
          [0.3312, 0.8672, 0.7619,  ..., 0.3818, 0.6948, 0.0902]],

         [[0.4760, 0.0909, 0.6950,  ..., 0.6175, 0.9387, 0.4761],
          [0.0581, 0.7724, 0.0501,  ..., 0.8985, 0.3319, 0.7219],
          [0.1497, 0.8018, 0.0106,  ..., 0.5750, 0.4613, 0.3790],
          ...,
          [0.4954, 0.7398, 0.4031,  ..., 0.2766, 0.8525, 0.2837],
          [0.2769, 0.6464, 0.6432,  ..., 0.8904, 0.0059, 0.6781],
          [0.1385, 0.2605, 0.7512,  ..., 0.0318, 0.7982, 0.3443]],

         [[0.9864, 0.2022, 0.4721,  ..., 0.5274, 0.0803, 0.7617],
          [0.9730, 0.3099, 0.5937,  ..., 0.2058, 0.5006, 0.1766],
          [0.7973, 0.7290, 0.1574,  ..., 0.3079, 0.7461, 0.0770],
          ...,
          [0.7538, 0.5932, 0.1896,  ..., 0.5560, 0.2813, 0.6270],
          [0.2529, 0.0421, 0.6705,  ..., 0.1570, 0.2140, 0.2568],
          [0.7273, 0.2225, 0.8409,  ..., 0.6849, 0.7299, 0.6268]],

         ...,

         [[0.8072, 0.7034, 0.1344,  ..., 0.7834, 0.3721, 0.6736],
          [0.5536, 0.2025, 0.5949,  ..., 0.1665, 0.4815, 0.3420],
          [0.1780, 0.7327, 0.1344,  ..., 0.0217, 0.5422, 0.1950],
          ...,
          [0.4583, 0.3489, 0.5615,  ..., 0.1114, 0.4543, 0.0317],
          [0.5733, 0.7520, 0.5011,  ..., 0.1170, 0.3405, 0.2987],
          [0.3882, 0.3240, 0.2963,  ..., 0.1383, 0.8188, 0.3492]],

         [[0.6946, 0.8502, 0.5507,  ..., 0.9640, 0.3885, 0.5505],
          [0.9672, 0.6791, 0.8410,  ..., 0.8409, 0.0397, 0.3571],
          [0.3083, 0.3625, 0.2230,  ..., 0.7096, 0.2742, 0.2024],
          ...,
          [0.7176, 0.5528, 0.5934,  ..., 0.7844, 0.8869, 0.3242],
          [0.8829, 0.0937, 0.3581,  ..., 0.9207, 0.0284, 0.8996],
          [0.6859, 0.0440, 0.2547,  ..., 0.3220, 0.1526, 0.6222]],

         [[0.0450, 0.1512, 0.3674,  ..., 0.6691, 0.1947, 0.4637],
          [0.1473, 0.6001, 0.0504,  ..., 0.3319, 0.6883, 0.6473],
          [0.3046, 0.7657, 0.8218,  ..., 0.5726, 0.5045, 0.6641],
          ...,
          [0.5344, 0.4275, 0.9987,  ..., 0.7193, 0.5395, 0.2671],
          [0.2994, 0.6377, 0.8181,  ..., 0.3882, 0.6326, 0.6663],
          [0.5589, 0.8945, 0.1162,  ..., 0.4279, 0.6580, 0.7858]]],


        [[[0.3226, 0.6505, 0.4798,  ..., 0.9082, 0.7318, 0.0471],
          [0.0228, 0.1732, 0.4742,  ..., 0.8287, 0.6786, 0.1003],
          [0.2359, 0.7723, 0.2454,  ..., 0.1572, 0.6244, 0.2453],
          ...,
          [0.3313, 0.9834, 0.2300,  ..., 0.3947, 0.8452, 0.5876],
          [0.7867, 0.0707, 0.5681,  ..., 0.7841, 0.7738, 0.1494],
          [0.6125, 0.4908, 0.9016,  ..., 0.9473, 0.5397, 0.8810]],

         [[0.1491, 0.9644, 0.5382,  ..., 0.1492, 0.5384, 0.5314],
          [0.3344, 0.0402, 0.6671,  ..., 0.1907, 0.8969, 0.3418],
          [0.9554, 0.6979, 0.3741,  ..., 0.0641, 0.0861, 0.8413],
          ...,
          [0.7523, 0.6304, 0.5344,  ..., 0.2748, 0.2169, 0.9788],
          [0.3360, 0.4504, 0.1899,  ..., 0.0769, 0.7043, 0.6948],
          [0.0239, 0.3595, 0.9333,  ..., 0.7455, 0.5560, 0.0570]],

         [[0.9275, 0.9774, 0.0587,  ..., 0.7641, 0.0090, 0.3148],
          [0.6361, 0.0161, 0.7646,  ..., 0.0026, 0.3150, 0.4127],
          [0.5451, 0.5940, 0.2517,  ..., 0.8937, 0.7485, 0.0593],
          ...,
          [0.3484, 0.7500, 0.3265,  ..., 0.7157, 0.5151, 0.8537],
          [0.5269, 0.4515, 0.3358,  ..., 0.4636, 0.0670, 0.7632],
          [0.7024, 0.1075, 0.7625,  ..., 0.6234, 0.7979, 0.0615]],

         ...,

         [[0.8732, 0.7435, 0.0748,  ..., 0.5501, 0.4117, 0.5984],
          [0.2342, 0.7114, 0.4504,  ..., 0.6001, 0.1813, 0.0644],
          [0.4666, 0.9556, 0.0523,  ..., 0.0357, 0.5347, 0.9526],
          ...,
          [0.2509, 0.9814, 0.6157,  ..., 0.2608, 0.3902, 0.9126],
          [0.5147, 0.3812, 0.8220,  ..., 0.1898, 0.6095, 0.1308],
          [0.9669, 0.4004, 0.9459,  ..., 0.2598, 0.8695, 0.8570]],

         [[0.1467, 0.2993, 0.9751,  ..., 0.2412, 0.2518, 0.1535],
          [0.9703, 0.0968, 0.3728,  ..., 0.8430, 0.8729, 0.3969],
          [0.3777, 0.2840, 0.0685,  ..., 0.6639, 0.7150, 0.1733],
          ...,
          [0.9482, 0.2851, 0.2022,  ..., 0.8184, 0.8843, 0.7646],
          [0.2011, 0.5179, 0.2693,  ..., 0.5120, 0.1565, 0.8905],
          [0.7877, 0.9930, 0.7686,  ..., 0.8742, 0.0811, 0.5854]],

         [[0.2313, 0.1039, 0.6488,  ..., 0.2264, 0.9685, 0.5288],
          [0.2813, 0.4688, 0.8155,  ..., 0.4263, 0.3201, 0.5543],
          [0.6858, 0.0338, 0.4392,  ..., 0.4884, 0.2689, 0.6718],
          ...,
          [0.1168, 0.1845, 0.8286,  ..., 0.5489, 0.8507, 0.2999],
          [0.6693, 0.5156, 0.6392,  ..., 0.9914, 0.1210, 0.8377],
          [0.3283, 0.7651, 0.9263,  ..., 0.1249, 0.9206, 0.1614]]]])
