tensor([[[[9.6089e-01, 2.7374e-01, 6.5650e-01,  ..., 1.2159e-01,
           3.5998e-01, 6.3172e-02],
          [9.2248e-01, 5.9884e-01, 4.5945e-01,  ..., 8.5288e-01,
           7.2349e-01, 4.0680e-01],
          [1.9459e-03, 1.0682e-01, 4.6904e-01,  ..., 3.8012e-02,
           1.7324e-01, 7.9087e-01],
          ...,
          [6.9896e-01, 7.1646e-01, 7.6642e-01,  ..., 5.9016e-01,
           6.8171e-01, 5.3419e-01],
          [1.2330e-01, 4.2238e-01, 2.2961e-01,  ..., 7.3333e-01,
           3.7428e-01, 7.7088e-03],
          [8.4980e-01, 1.8043e-01, 1.1518e-01,  ..., 3.3450e-01,
           6.5683e-01, 3.4935e-01]],

         [[8.9309e-01, 4.9455e-01, 9.9326e-01,  ..., 9.5670e-01,
           7.2380e-02, 9.2956e-01],
          [6.4749e-02, 5.0054e-01, 7.9961e-01,  ..., 7.5464e-01,
           3.9114e-01, 9.6361e-01],
          [6.3336e-01, 7.8662e-02, 9.1903e-01,  ..., 5.8055e-01,
           8.0134e-02, 5.2459e-01],
          ...,
          [1.2203e-01, 4.7955e-01, 2.3145e-01,  ..., 8.8700e-01,
           5.9680e-01, 9.8794e-01],
          [3.8973e-01, 8.2201e-02, 9.9000e-01,  ..., 1.7879e-01,
           6.5693e-01, 4.3858e-01],
          [5.8863e-02, 5.8940e-01, 7.9452e-01,  ..., 7.8715e-01,
           4.0454e-01, 4.6013e-01]],

         [[2.4243e-02, 7.6123e-01, 9.7488e-01,  ..., 2.0014e-01,
           8.1183e-01, 1.5938e-01],
          [5.0662e-01, 2.2749e-01, 4.5849e-01,  ..., 9.3251e-01,
           9.3667e-01, 4.7619e-01],
          [1.9882e-01, 6.4942e-01, 7.9809e-01,  ..., 8.8872e-01,
           7.3470e-01, 7.3453e-01],
          ...,
          [5.8962e-01, 9.7686e-01, 3.9828e-01,  ..., 6.8928e-01,
           1.5848e-01, 4.6821e-01],
          [6.6815e-01, 7.5279e-01, 5.8530e-02,  ..., 8.6319e-01,
           8.9226e-01, 4.0930e-01],
          [7.4204e-01, 9.2922e-01, 6.3937e-01,  ..., 3.0700e-01,
           9.6971e-01, 6.5977e-01]],

         ...,

         [[5.8799e-01, 2.0337e-01, 6.5856e-01,  ..., 4.6915e-01,
           4.9540e-01, 2.9661e-01],
          [8.5333e-02, 3.2320e-01, 1.6247e-01,  ..., 3.9554e-01,
           9.7892e-01, 3.8440e-01],
          [3.6062e-01, 1.3513e-01, 7.8586e-01,  ..., 7.7832e-01,
           1.9831e-01, 3.0967e-01],
          ...,
          [5.3453e-01, 9.8534e-01, 6.9442e-01,  ..., 6.6532e-01,
           1.3831e-01, 5.4563e-02],
          [9.8196e-01, 9.1837e-01, 3.5127e-01,  ..., 5.5704e-01,
           5.2159e-01, 2.6976e-01],
          [8.8055e-01, 1.8515e-01, 1.5927e-01,  ..., 2.4660e-01,
           4.6461e-01, 9.7579e-01]],

         [[4.5474e-01, 9.6778e-01, 2.5708e-01,  ..., 4.3230e-01,
           7.6579e-01, 2.4776e-01],
          [9.4925e-01, 5.1685e-01, 2.3330e-02,  ..., 9.9792e-01,
           2.9240e-01, 8.6376e-01],
          [2.7185e-01, 8.6077e-01, 6.0468e-01,  ..., 9.0163e-01,
           8.8998e-02, 7.6059e-01],
          ...,
          [8.7070e-01, 4.6102e-01, 9.2380e-01,  ..., 4.2006e-01,
           4.5718e-01, 4.1452e-01],
          [9.7999e-01, 2.5409e-01, 5.9864e-01,  ..., 9.4585e-01,
           3.1443e-01, 8.2743e-02],
          [5.0262e-02, 2.7882e-01, 9.5539e-01,  ..., 1.9577e-01,
           9.8832e-01, 6.9451e-01]],

         [[3.6055e-01, 3.9048e-01, 1.7687e-01,  ..., 1.3772e-01,
           5.6945e-01, 2.3519e-01],
          [1.9251e-01, 7.1010e-01, 8.2985e-01,  ..., 4.4568e-01,
           5.0691e-01, 8.2613e-01],
          [5.9434e-01, 5.4286e-01, 5.6660e-01,  ..., 8.4558e-01,
           1.7613e-01, 4.8589e-01],
          ...,
          [4.8107e-01, 1.8548e-02, 3.7322e-01,  ..., 7.1090e-01,
           4.4595e-01, 7.5412e-01],
          [1.4770e-01, 1.9888e-01, 5.7498e-01,  ..., 9.4733e-01,
           8.5325e-01, 9.2152e-01],
          [5.7122e-01, 5.0424e-01, 9.7761e-01,  ..., 8.0905e-01,
           2.2482e-01, 2.2524e-01]]],


        [[[2.0816e-02, 2.2590e-01, 9.6066e-01,  ..., 9.1387e-01,
           1.7233e-01, 7.7870e-01],
          [6.2595e-01, 3.4043e-01, 7.4624e-01,  ..., 8.3950e-01,
           9.5354e-02, 2.6836e-01],
          [9.7096e-01, 6.3780e-01, 6.6944e-01,  ..., 8.8566e-01,
           2.6785e-01, 4.2272e-01],
          ...,
          [2.8525e-01, 3.3811e-02, 2.4366e-01,  ..., 9.1984e-01,
           6.7743e-01, 9.3119e-01],
          [2.5502e-01, 7.1138e-01, 5.8624e-01,  ..., 1.9666e-01,
           9.0375e-01, 6.4560e-01],
          [6.4395e-01, 2.1783e-01, 5.3595e-01,  ..., 2.8194e-01,
           9.9113e-01, 5.4488e-01]],

         [[1.3611e-02, 2.5007e-01, 9.7657e-01,  ..., 7.1126e-01,
           5.3335e-01, 7.2735e-01],
          [4.2390e-01, 9.2064e-01, 8.7062e-01,  ..., 1.1946e-01,
           8.0975e-01, 2.1118e-01],
          [4.7652e-01, 7.4179e-01, 3.8719e-01,  ..., 8.5735e-01,
           8.9500e-01, 1.8022e-01],
          ...,
          [7.4432e-01, 4.1460e-01, 8.1115e-01,  ..., 2.7940e-01,
           5.4713e-01, 4.5209e-01],
          [3.0007e-01, 5.4224e-01, 6.1725e-01,  ..., 6.9996e-01,
           4.0445e-01, 5.9797e-01],
          [9.3439e-01, 6.1297e-01, 1.5665e-02,  ..., 3.7101e-01,
           8.5359e-01, 8.9328e-02]],

         [[6.5172e-01, 8.3105e-01, 9.0138e-01,  ..., 4.9529e-01,
           8.0090e-01, 5.6102e-01],
          [3.0176e-01, 5.3799e-02, 3.8502e-01,  ..., 3.4584e-01,
           1.6444e-01, 6.5856e-01],
          [7.3082e-01, 6.9357e-01, 7.7149e-01,  ..., 4.7129e-01,
           6.3250e-01, 4.6627e-01],
          ...,
          [9.0667e-01, 4.2774e-01, 8.2119e-01,  ..., 5.5691e-01,
           9.7202e-01, 9.6329e-01],
          [6.7754e-01, 8.8256e-01, 8.4121e-01,  ..., 2.9466e-01,
           1.4086e-01, 6.4316e-03],
          [9.3846e-01, 8.3481e-01, 9.9185e-01,  ..., 1.0182e-01,
           2.0989e-01, 3.8016e-01]],

         ...,

         [[2.3087e-01, 4.3000e-01, 3.4324e-01,  ..., 8.4180e-01,
           2.2706e-01, 3.6407e-01],
          [7.3684e-01, 2.6339e-01, 2.7791e-01,  ..., 9.1498e-01,
           7.2722e-01, 3.6384e-01],
          [2.8123e-01, 2.4787e-03, 1.1539e-01,  ..., 3.2300e-01,
           1.2304e-01, 4.8238e-01],
          ...,
          [1.0680e-01, 8.8517e-02, 8.4587e-01,  ..., 6.0572e-01,
           6.0082e-01, 6.0946e-01],
          [6.8101e-01, 2.6703e-01, 1.5071e-01,  ..., 6.6520e-01,
           6.4322e-01, 9.3387e-01],
          [4.3122e-01, 8.9049e-01, 4.3460e-01,  ..., 9.0876e-01,
           8.3840e-01, 2.0421e-01]],

         [[6.6710e-01, 1.1627e-01, 5.8870e-01,  ..., 3.9587e-01,
           7.5387e-01, 7.5855e-01],
          [5.6624e-02, 5.6433e-01, 9.4570e-01,  ..., 8.0534e-01,
           2.4308e-02, 4.1593e-01],
          [5.8880e-01, 5.7686e-01, 2.9724e-01,  ..., 6.5481e-01,
           4.2011e-01, 1.6415e-01],
          ...,
          [3.5341e-01, 1.8585e-01, 9.7287e-01,  ..., 6.3888e-01,
           7.4573e-01, 4.3872e-02],
          [3.1170e-01, 2.2334e-04, 7.2220e-01,  ..., 7.1484e-01,
           1.7457e-01, 2.8782e-01],
          [4.0232e-01, 9.1224e-01, 3.9256e-02,  ..., 3.7084e-02,
           1.7284e-01, 4.9282e-01]],

         [[6.6821e-01, 2.8580e-01, 4.4996e-01,  ..., 3.0296e-01,
           2.8415e-01, 9.0686e-01],
          [8.2729e-01, 8.2444e-01, 4.3023e-01,  ..., 2.6492e-01,
           2.8899e-01, 7.2550e-01],
          [5.4708e-01, 9.2031e-01, 5.7927e-01,  ..., 9.6223e-01,
           4.8457e-01, 1.8231e-01],
          ...,
          [8.5731e-01, 7.1668e-01, 3.7094e-01,  ..., 9.5460e-01,
           8.5030e-02, 4.5233e-02],
          [7.9125e-01, 7.1007e-01, 8.0567e-01,  ..., 8.5049e-01,
           1.8767e-01, 4.0699e-02],
          [2.9116e-01, 6.5604e-01, 5.1656e-01,  ..., 9.8810e-01,
           5.7695e-01, 8.5436e-01]]],


        [[[2.3403e-01, 5.2748e-01, 4.1086e-01,  ..., 2.2406e-01,
           4.4524e-03, 8.4897e-01],
          [1.1182e-01, 4.1178e-01, 8.7072e-01,  ..., 1.4853e-01,
           8.5410e-03, 7.9259e-01],
          [2.9819e-01, 7.3231e-02, 7.0331e-02,  ..., 3.2005e-01,
           3.9992e-01, 2.6489e-01],
          ...,
          [5.5687e-01, 1.5803e-01, 4.2955e-01,  ..., 7.3089e-01,
           5.6614e-01, 2.4047e-01],
          [9.8146e-01, 4.8990e-01, 4.6479e-01,  ..., 3.1340e-01,
           2.7547e-02, 1.6306e-01],
          [6.5070e-01, 1.3033e-01, 8.9305e-01,  ..., 3.9987e-01,
           9.9307e-02, 2.4332e-01]],

         [[5.0249e-02, 8.2539e-01, 3.0217e-01,  ..., 3.9495e-01,
           4.9122e-01, 6.1420e-01],
          [5.3458e-01, 7.7427e-01, 7.9062e-01,  ..., 1.0687e-01,
           5.3669e-01, 8.8556e-01],
          [1.4206e-01, 9.3411e-02, 8.2264e-02,  ..., 8.6013e-01,
           1.8795e-02, 3.6530e-01],
          ...,
          [4.4080e-01, 9.3814e-01, 4.0169e-01,  ..., 4.9216e-01,
           3.8453e-01, 5.7279e-01],
          [1.5704e-01, 1.5381e-01, 9.3300e-01,  ..., 8.0500e-01,
           6.0782e-01, 2.6287e-01],
          [5.4123e-01, 7.6594e-01, 3.4278e-01,  ..., 2.0497e-01,
           8.7951e-01, 8.6496e-01]],

         [[9.6530e-01, 7.2740e-01, 6.5165e-01,  ..., 2.5217e-01,
           2.4785e-01, 8.6866e-01],
          [2.8022e-01, 5.2516e-01, 7.3301e-01,  ..., 1.7701e-02,
           1.5415e-01, 3.6186e-01],
          [3.3368e-01, 1.6765e-01, 8.9050e-01,  ..., 8.4150e-01,
           1.6418e-01, 4.8675e-01],
          ...,
          [3.7572e-01, 6.3516e-01, 9.3697e-02,  ..., 1.1967e-01,
           4.9421e-02, 4.4284e-01],
          [8.9386e-01, 9.1864e-01, 5.0342e-01,  ..., 5.7395e-03,
           5.1111e-01, 9.8641e-01],
          [2.7371e-01, 8.9469e-01, 5.7012e-01,  ..., 1.7067e-02,
           2.5224e-01, 8.0447e-01]],

         ...,

         [[1.2892e-01, 7.7812e-01, 3.6077e-01,  ..., 6.2199e-01,
           8.3636e-01, 5.3425e-01],
          [6.0773e-01, 1.2875e-01, 5.1437e-01,  ..., 6.5324e-01,
           2.5237e-02, 5.3532e-01],
          [3.0610e-01, 5.0900e-01, 8.7647e-01,  ..., 9.7880e-01,
           3.3689e-02, 2.3974e-01],
          ...,
          [1.4783e-02, 5.6074e-01, 1.2496e-01,  ..., 5.1455e-01,
           1.4467e-01, 1.8403e-01],
          [2.0779e-01, 7.8383e-01, 4.3638e-01,  ..., 2.4465e-01,
           1.4759e-01, 9.3220e-01],
          [1.5041e-02, 7.1501e-01, 6.7984e-01,  ..., 4.8595e-01,
           4.8595e-02, 6.7263e-01]],

         [[1.6649e-01, 3.4734e-01, 6.0705e-01,  ..., 3.4082e-02,
           4.8798e-01, 1.2647e-01],
          [7.0235e-01, 4.2158e-02, 7.0114e-01,  ..., 1.8751e-01,
           2.9691e-01, 1.3957e-01],
          [3.2085e-01, 1.5770e-01, 3.7177e-01,  ..., 1.0962e-01,
           1.6236e-01, 7.8983e-01],
          ...,
          [1.1019e-01, 6.6607e-02, 2.2413e-02,  ..., 1.9334e-01,
           7.8407e-01, 8.2037e-01],
          [8.0429e-01, 1.0605e-01, 8.2501e-01,  ..., 6.0487e-03,
           9.4566e-01, 1.5312e-01],
          [7.8116e-01, 7.1060e-01, 9.5555e-01,  ..., 4.1480e-01,
           5.6387e-01, 1.9775e-01]],

         [[9.2086e-01, 8.7593e-02, 6.9353e-01,  ..., 9.9534e-01,
           9.6796e-01, 8.5389e-01],
          [2.9937e-01, 8.7522e-01, 6.3346e-01,  ..., 8.5768e-01,
           2.3253e-01, 8.0625e-01],
          [5.0753e-01, 1.6641e-02, 1.9184e-01,  ..., 3.7703e-01,
           8.4419e-01, 5.0711e-01],
          ...,
          [1.7903e-01, 1.9777e-04, 2.9332e-02,  ..., 9.3347e-01,
           8.9815e-01, 9.0649e-01],
          [3.8514e-01, 2.4616e-01, 1.0710e-01,  ..., 9.8998e-01,
           2.3656e-02, 1.8601e-03],
          [7.9260e-02, 9.0676e-01, 9.0795e-01,  ..., 9.7692e-01,
           3.7688e-01, 2.9787e-01]]],


        ...,


        [[[1.9096e-01, 8.9794e-02, 1.0990e-01,  ..., 5.3841e-01,
           3.0890e-01, 8.7135e-02],
          [6.1252e-01, 2.3467e-01, 3.3179e-01,  ..., 1.2385e-01,
           2.3736e-01, 3.3673e-01],
          [5.0314e-01, 4.4720e-01, 3.9063e-01,  ..., 2.5935e-01,
           3.3649e-01, 8.0645e-01],
          ...,
          [8.5580e-01, 2.3782e-01, 6.1283e-01,  ..., 9.3187e-01,
           7.6973e-01, 4.5549e-02],
          [2.9604e-01, 7.2947e-01, 8.3343e-01,  ..., 6.6375e-01,
           4.3988e-01, 5.4134e-01],
          [7.1333e-02, 5.8438e-02, 3.0280e-01,  ..., 4.1646e-01,
           6.6666e-01, 7.0132e-01]],

         [[6.9141e-01, 6.7273e-01, 2.3698e-01,  ..., 3.4653e-01,
           7.7936e-01, 7.8212e-01],
          [9.5663e-01, 3.5416e-01, 1.7505e-01,  ..., 6.7618e-01,
           9.9479e-01, 1.5317e-01],
          [9.7621e-02, 3.9312e-01, 8.0794e-01,  ..., 3.0031e-01,
           3.1363e-01, 4.9355e-01],
          ...,
          [2.9923e-01, 9.1908e-01, 5.8079e-01,  ..., 2.4921e-01,
           4.4624e-01, 3.5917e-01],
          [6.7039e-02, 9.2216e-01, 2.2732e-01,  ..., 7.0497e-01,
           2.6444e-01, 4.3035e-01],
          [2.2550e-01, 7.5888e-01, 8.9954e-01,  ..., 2.0121e-01,
           4.4774e-01, 2.0297e-02]],

         [[8.2750e-02, 9.0144e-02, 2.3965e-01,  ..., 4.8823e-01,
           5.5478e-01, 1.0668e-01],
          [7.8886e-01, 2.1938e-02, 7.8235e-01,  ..., 9.9382e-01,
           8.7868e-01, 3.1032e-02],
          [5.3807e-01, 3.0829e-01, 7.9914e-01,  ..., 5.2634e-01,
           7.6861e-02, 8.3155e-01],
          ...,
          [4.6322e-01, 5.8958e-01, 7.0215e-01,  ..., 4.3934e-01,
           1.4052e-01, 8.8537e-01],
          [5.2125e-01, 4.8805e-01, 4.6969e-01,  ..., 3.3956e-01,
           6.1679e-01, 8.7159e-01],
          [2.6478e-01, 3.4542e-01, 5.2209e-01,  ..., 1.5293e-02,
           3.4649e-01, 4.6667e-01]],

         ...,

         [[5.1836e-01, 4.9436e-01, 4.1040e-01,  ..., 2.2685e-01,
           6.6178e-01, 7.0042e-01],
          [5.9226e-01, 2.6764e-01, 8.4767e-02,  ..., 3.9149e-01,
           4.1810e-01, 2.8297e-02],
          [6.0142e-01, 1.0604e-02, 9.8119e-01,  ..., 5.6493e-01,
           3.6780e-01, 7.2197e-01],
          ...,
          [6.4328e-01, 4.0084e-01, 8.7548e-01,  ..., 3.2903e-01,
           5.4347e-01, 9.5391e-01],
          [8.2902e-01, 5.5158e-01, 4.9165e-01,  ..., 6.2769e-01,
           2.6531e-01, 5.7673e-01],
          [1.3361e-01, 3.5475e-01, 4.0577e-01,  ..., 6.6580e-01,
           6.3168e-01, 8.9057e-02]],

         [[6.7258e-01, 7.0456e-01, 3.6546e-01,  ..., 8.2631e-01,
           5.3313e-01, 5.0515e-01],
          [2.5019e-01, 6.4659e-01, 3.4932e-01,  ..., 3.9461e-01,
           7.0791e-02, 1.7804e-01],
          [5.5425e-01, 3.9249e-02, 7.7697e-03,  ..., 9.9723e-01,
           8.0593e-01, 5.3561e-01],
          ...,
          [3.6652e-01, 8.6608e-01, 4.0751e-01,  ..., 2.7804e-01,
           5.6753e-01, 2.3882e-01],
          [4.4443e-01, 4.3334e-01, 5.1029e-01,  ..., 6.8542e-01,
           3.2115e-01, 1.5189e-01],
          [3.8846e-01, 9.8405e-01, 3.4821e-01,  ..., 8.3418e-01,
           8.8070e-01, 5.4700e-01]],

         [[4.6478e-01, 9.1051e-01, 3.4737e-01,  ..., 2.0684e-01,
           4.8053e-02, 2.4451e-01],
          [5.6236e-01, 8.0853e-01, 4.0177e-01,  ..., 3.1906e-01,
           9.2087e-01, 1.3148e-01],
          [8.4404e-02, 8.6107e-01, 1.0078e-02,  ..., 1.4115e-01,
           3.3443e-01, 3.0409e-01],
          ...,
          [6.3599e-01, 7.4391e-01, 1.6164e-01,  ..., 2.2445e-01,
           6.0521e-01, 9.6155e-01],
          [3.9092e-01, 9.6773e-01, 5.0434e-01,  ..., 2.6515e-01,
           7.2106e-01, 2.4602e-01],
          [7.9180e-01, 5.2450e-01, 4.2723e-01,  ..., 1.9454e-01,
           8.5873e-01, 5.8161e-02]]],


        [[[9.4174e-01, 3.1329e-01, 3.6061e-01,  ..., 3.0893e-01,
           2.9962e-01, 9.2210e-01],
          [7.4756e-01, 3.5343e-01, 5.5173e-01,  ..., 7.9196e-01,
           8.5150e-01, 3.8869e-02],
          [1.3207e-02, 7.2664e-01, 5.5234e-01,  ..., 1.1975e-01,
           2.0788e-01, 2.5442e-01],
          ...,
          [3.8899e-01, 9.3493e-01, 8.7206e-01,  ..., 1.7717e-01,
           4.9110e-01, 6.8955e-02],
          [1.5245e-01, 3.1890e-01, 8.3609e-01,  ..., 9.3178e-01,
           6.1474e-02, 8.6950e-01],
          [1.2361e-01, 4.0236e-01, 8.2686e-01,  ..., 1.9520e-01,
           2.6636e-01, 5.9817e-02]],

         [[8.7863e-01, 8.0260e-01, 7.3476e-01,  ..., 1.3035e-01,
           6.4700e-01, 8.9358e-01],
          [9.9804e-01, 6.6438e-01, 4.0475e-01,  ..., 7.4836e-01,
           5.6256e-01, 5.2437e-03],
          [3.6156e-01, 9.3358e-01, 5.8704e-01,  ..., 7.5680e-01,
           2.9642e-01, 8.2538e-01],
          ...,
          [3.0553e-01, 1.1016e-01, 8.2146e-02,  ..., 9.4603e-01,
           8.5122e-01, 3.4310e-01],
          [6.0316e-01, 2.8668e-01, 2.2723e-01,  ..., 5.7436e-01,
           5.0506e-01, 9.2124e-01],
          [3.2284e-01, 8.9462e-01, 1.4160e-01,  ..., 9.6295e-01,
           2.6505e-01, 2.6949e-01]],

         [[5.9841e-01, 1.0627e-01, 6.7037e-01,  ..., 2.1339e-01,
           3.7964e-01, 5.8893e-01],
          [9.8506e-01, 5.2476e-01, 7.1298e-01,  ..., 2.1496e-01,
           6.3469e-01, 1.1267e-01],
          [7.5190e-01, 5.1663e-01, 8.7046e-01,  ..., 1.9471e-01,
           5.8485e-01, 5.3935e-01],
          ...,
          [1.2515e-01, 8.4645e-02, 9.2444e-01,  ..., 6.8066e-01,
           9.6518e-02, 2.4439e-01],
          [1.4467e-01, 1.9585e-01, 1.6845e-01,  ..., 4.7398e-01,
           4.5611e-01, 9.0083e-01],
          [3.1159e-01, 3.2476e-01, 2.0299e-01,  ..., 6.6854e-01,
           7.4202e-01, 8.6210e-01]],

         ...,

         [[9.7141e-01, 1.9995e-01, 9.0980e-01,  ..., 4.3404e-02,
           3.4384e-01, 7.6237e-01],
          [4.1698e-01, 5.6633e-01, 4.2054e-01,  ..., 8.7280e-01,
           8.6234e-01, 6.1359e-01],
          [5.6368e-01, 3.2857e-01, 9.5498e-01,  ..., 6.5738e-01,
           4.2788e-01, 7.3564e-01],
          ...,
          [4.3428e-01, 7.0907e-01, 1.9126e-01,  ..., 9.7328e-01,
           7.7158e-02, 6.8341e-01],
          [3.4561e-01, 3.4970e-03, 2.4840e-01,  ..., 7.4283e-01,
           5.8972e-01, 8.3407e-02],
          [1.1666e-01, 2.4274e-01, 9.4241e-01,  ..., 3.9249e-02,
           4.1885e-01, 3.1637e-02]],

         [[5.1561e-01, 4.1597e-01, 9.2103e-01,  ..., 7.3905e-01,
           4.4263e-02, 2.2640e-01],
          [6.9825e-01, 2.5070e-01, 5.1060e-01,  ..., 8.6024e-01,
           6.8371e-01, 1.5743e-01],
          [1.1541e-01, 1.9428e-01, 9.4428e-01,  ..., 3.7098e-02,
           1.4853e-01, 7.4203e-01],
          ...,
          [1.1829e-01, 5.7544e-01, 7.9302e-01,  ..., 5.0327e-01,
           7.1866e-01, 9.6035e-01],
          [1.5202e-01, 5.0980e-01, 8.4319e-01,  ..., 4.1916e-01,
           3.4673e-02, 5.5409e-02],
          [4.0914e-01, 3.6662e-02, 2.2999e-01,  ..., 7.1118e-01,
           5.2577e-01, 3.1290e-01]],

         [[3.3525e-01, 9.3038e-01, 1.1493e-01,  ..., 7.5723e-01,
           5.0265e-01, 9.2284e-01],
          [5.9272e-01, 4.4705e-01, 8.6997e-01,  ..., 1.9662e-01,
           3.2692e-02, 4.6817e-01],
          [2.9130e-01, 5.3611e-01, 7.3975e-01,  ..., 6.4230e-01,
           6.4157e-01, 1.6531e-01],
          ...,
          [4.3201e-01, 7.3942e-01, 7.4348e-01,  ..., 2.8984e-01,
           7.9028e-02, 3.6574e-01],
          [9.7137e-01, 5.4708e-01, 7.0063e-01,  ..., 9.9875e-02,
           8.2438e-01, 7.9175e-01],
          [8.1991e-01, 2.1529e-01, 9.0060e-01,  ..., 9.3868e-01,
           6.5909e-01, 3.1320e-01]]],


        [[[2.4715e-01, 5.5037e-02, 9.6296e-01,  ..., 6.1384e-01,
           2.3997e-01, 7.7049e-01],
          [7.6010e-01, 5.9302e-01, 4.2086e-01,  ..., 9.1229e-01,
           3.2435e-01, 5.8732e-01],
          [8.9547e-01, 5.6630e-01, 7.3663e-01,  ..., 8.5318e-01,
           4.8417e-01, 4.9318e-01],
          ...,
          [1.2922e-01, 8.1292e-01, 1.9083e-01,  ..., 5.1494e-01,
           7.3643e-01, 8.8789e-01],
          [1.0022e-01, 6.8895e-01, 7.1640e-01,  ..., 7.6538e-01,
           6.4392e-01, 1.4961e-01],
          [8.9132e-01, 7.0020e-01, 2.2835e-01,  ..., 5.3180e-01,
           1.3511e-01, 4.5186e-01]],

         [[1.8235e-01, 4.5827e-01, 1.9307e-01,  ..., 5.8584e-01,
           8.5238e-01, 7.1807e-01],
          [1.1406e-01, 4.3235e-02, 5.3023e-01,  ..., 2.2571e-01,
           9.3004e-01, 4.7794e-01],
          [9.9015e-01, 3.3127e-01, 1.2702e-01,  ..., 4.7159e-01,
           9.2957e-01, 1.6575e-01],
          ...,
          [5.4114e-01, 6.4693e-01, 1.6464e-01,  ..., 3.8650e-01,
           4.9733e-01, 4.1050e-01],
          [7.6632e-01, 7.4748e-02, 6.3265e-01,  ..., 9.9438e-01,
           1.3090e-02, 8.1769e-01],
          [3.3255e-02, 5.6599e-01, 7.0680e-01,  ..., 5.2731e-01,
           2.5388e-01, 7.8023e-01]],

         [[7.3691e-01, 2.9004e-01, 1.4732e-01,  ..., 8.1268e-01,
           4.0381e-01, 8.0934e-01],
          [4.6454e-01, 2.8243e-01, 5.0455e-01,  ..., 7.4872e-01,
           6.0089e-01, 2.9086e-01],
          [4.5739e-01, 6.4549e-01, 7.6256e-01,  ..., 2.5958e-01,
           5.2077e-01, 1.4914e-03],
          ...,
          [2.8347e-01, 1.4611e-01, 6.9918e-01,  ..., 9.3759e-01,
           1.5387e-01, 1.8827e-01],
          [9.8263e-01, 3.8222e-01, 1.2617e-03,  ..., 1.3031e-01,
           4.5348e-01, 8.2478e-01],
          [8.0443e-01, 3.4689e-01, 7.6846e-01,  ..., 4.6098e-01,
           5.8842e-01, 8.9093e-01]],

         ...,

         [[5.8046e-01, 7.1373e-01, 8.3741e-01,  ..., 1.4299e-01,
           2.6116e-02, 9.6939e-01],
          [9.8391e-01, 2.2205e-01, 8.0450e-01,  ..., 7.8574e-02,
           1.8930e-01, 6.2620e-01],
          [9.0004e-01, 4.1194e-01, 9.0373e-01,  ..., 3.0804e-02,
           8.9700e-01, 1.0831e-01],
          ...,
          [5.9406e-01, 6.0556e-01, 8.6661e-01,  ..., 3.0432e-01,
           1.6916e-01, 9.6014e-01],
          [2.9892e-02, 3.4019e-01, 7.9443e-02,  ..., 6.4457e-01,
           5.7054e-01, 7.5263e-01],
          [4.0862e-01, 5.7085e-01, 9.3194e-01,  ..., 4.7755e-01,
           4.7729e-02, 6.1797e-01]],

         [[9.3892e-01, 9.0231e-01, 1.0481e-01,  ..., 8.9918e-01,
           8.4093e-01, 1.5983e-01],
          [2.8264e-01, 3.0939e-01, 2.3633e-01,  ..., 7.9123e-01,
           1.2994e-01, 9.8328e-01],
          [9.9445e-01, 5.9673e-01, 6.9214e-01,  ..., 9.1930e-01,
           1.3110e-02, 5.0147e-01],
          ...,
          [2.4388e-02, 6.2444e-01, 8.3570e-01,  ..., 3.7248e-02,
           3.6156e-01, 5.4719e-02],
          [8.0607e-01, 2.8349e-01, 7.8372e-01,  ..., 9.8781e-01,
           4.1335e-03, 9.4678e-01],
          [9.2075e-01, 2.7041e-01, 7.4921e-01,  ..., 3.4596e-02,
           4.7050e-02, 7.4170e-01]],

         [[6.0784e-01, 9.4465e-01, 6.8434e-01,  ..., 4.4097e-01,
           6.9172e-01, 6.1911e-01],
          [2.9834e-01, 9.7544e-01, 2.6250e-01,  ..., 2.9011e-01,
           9.4046e-01, 1.8480e-01],
          [4.1639e-01, 3.6304e-01, 1.1392e-01,  ..., 5.9047e-01,
           8.6310e-01, 5.3516e-01],
          ...,
          [7.4196e-01, 2.0693e-01, 8.0386e-01,  ..., 7.1718e-01,
           2.8907e-01, 9.2686e-01],
          [2.8580e-01, 4.5845e-01, 2.2458e-01,  ..., 3.1204e-01,
           4.2813e-01, 1.1570e-01],
          [8.1408e-01, 2.6052e-01, 6.1157e-01,  ..., 3.9768e-01,
           8.1883e-02, 4.3520e-01]]]])
