tensor([[[[5.7761e-01, 7.8193e-01, 4.3735e-02,  ..., 7.6732e-01,
           5.0508e-01, 4.3273e-01],
          [5.2353e-01, 5.3421e-01, 7.2338e-01,  ..., 7.8225e-03,
           7.5681e-01, 5.7158e-01],
          [9.0104e-01, 9.9732e-01, 6.9404e-01,  ..., 2.5868e-01,
           9.8779e-02, 6.3130e-01],
          ...,
          [1.7167e-01, 5.9162e-01, 4.7982e-01,  ..., 4.7142e-01,
           2.1429e-01, 4.3208e-01],
          [2.1277e-01, 2.9005e-01, 2.7243e-02,  ..., 3.6263e-01,
           9.6508e-01, 9.3502e-01],
          [9.8623e-01, 4.1586e-01, 9.3801e-01,  ..., 2.6178e-01,
           9.5152e-01, 7.6065e-02]],

         [[4.7955e-01, 2.3956e-01, 5.6867e-01,  ..., 6.4352e-01,
           5.4867e-01, 5.2408e-01],
          [9.2077e-01, 9.9856e-01, 8.1669e-01,  ..., 2.0932e-01,
           4.1925e-01, 4.8710e-01],
          [8.5302e-01, 3.2763e-01, 2.2759e-01,  ..., 4.2183e-01,
           1.0036e-01, 3.0457e-01],
          ...,
          [5.2892e-02, 2.0752e-01, 8.2350e-01,  ..., 9.0048e-01,
           4.7698e-01, 2.1987e-01],
          [7.7349e-02, 8.8993e-01, 1.3239e-01,  ..., 7.8478e-01,
           3.1555e-01, 4.9386e-01],
          [9.5988e-01, 4.1789e-01, 7.3657e-01,  ..., 4.6718e-01,
           6.6392e-01, 1.6135e-01]],

         [[2.3963e-01, 6.3133e-01, 7.5421e-01,  ..., 1.8912e-01,
           3.9110e-01, 2.6325e-01],
          [8.3248e-01, 5.2992e-01, 8.1999e-01,  ..., 4.5755e-01,
           8.3646e-01, 6.3829e-01],
          [5.0725e-01, 5.6483e-01, 3.6002e-01,  ..., 2.1196e-01,
           3.7052e-02, 6.4833e-01],
          ...,
          [7.8745e-01, 7.8997e-01, 9.1855e-01,  ..., 4.6661e-01,
           7.9058e-01, 6.4906e-01],
          [1.5457e-02, 1.6145e-01, 7.1768e-01,  ..., 8.6956e-01,
           3.9188e-01, 1.9981e-02],
          [9.8416e-01, 4.2272e-01, 6.7789e-01,  ..., 5.8641e-01,
           5.9194e-01, 8.4667e-01]],

         ...,

         [[9.8904e-01, 9.9264e-01, 6.3113e-01,  ..., 6.6997e-01,
           6.5998e-01, 9.5785e-01],
          [1.3560e-01, 5.6543e-02, 8.8808e-01,  ..., 7.0254e-01,
           1.8702e-01, 8.1987e-01],
          [7.4406e-01, 2.4203e-01, 1.6284e-01,  ..., 1.2542e-01,
           7.1457e-01, 1.6414e-01],
          ...,
          [5.1516e-01, 3.3083e-01, 2.1469e-01,  ..., 5.2485e-01,
           6.2126e-01, 2.8316e-01],
          [1.6972e-01, 2.0103e-01, 8.6341e-01,  ..., 5.5107e-01,
           3.9581e-01, 9.2608e-01],
          [9.1404e-01, 8.1750e-01, 6.6408e-01,  ..., 9.0007e-01,
           6.9831e-01, 6.6369e-01]],

         [[9.9834e-01, 8.9000e-01, 8.6666e-01,  ..., 5.0206e-01,
           2.5436e-01, 3.5802e-01],
          [1.7406e-01, 4.4413e-01, 8.8416e-01,  ..., 9.4357e-01,
           2.9604e-01, 8.4376e-01],
          [9.3011e-01, 3.8798e-01, 2.6080e-01,  ..., 1.3897e-03,
           5.1994e-01, 4.4940e-01],
          ...,
          [5.5362e-01, 1.9489e-01, 4.9148e-01,  ..., 3.9777e-01,
           2.6932e-02, 3.0439e-02],
          [3.2930e-02, 8.7441e-02, 4.2727e-01,  ..., 8.5035e-01,
           6.5210e-01, 8.7716e-01],
          [3.8792e-02, 6.8170e-02, 3.7284e-01,  ..., 6.2227e-01,
           1.2834e-01, 1.5897e-01]],

         [[9.2483e-02, 6.9480e-01, 7.7315e-01,  ..., 8.1317e-01,
           2.4686e-01, 5.0447e-01],
          [8.1241e-01, 8.8289e-01, 9.4038e-01,  ..., 2.6254e-01,
           1.8759e-01, 8.2715e-01],
          [7.7788e-01, 3.4496e-01, 3.9475e-01,  ..., 4.5302e-01,
           2.2768e-01, 6.8177e-01],
          ...,
          [5.3702e-01, 7.6760e-02, 5.9766e-01,  ..., 9.7445e-01,
           6.6873e-02, 3.8390e-01],
          [2.0899e-01, 5.6395e-01, 5.9119e-01,  ..., 4.4445e-01,
           8.2130e-01, 7.6106e-02],
          [3.8628e-01, 6.6679e-01, 5.7316e-01,  ..., 9.9626e-01,
           4.6935e-01, 7.2348e-01]]],


        [[[1.1771e-01, 7.4006e-01, 9.7477e-01,  ..., 6.5977e-01,
           3.4538e-01, 6.9625e-01],
          [4.3486e-01, 3.8228e-01, 7.5688e-01,  ..., 1.2963e-01,
           2.8465e-01, 3.8245e-01],
          [3.2861e-01, 5.3505e-01, 3.5136e-01,  ..., 1.4397e-01,
           8.5816e-01, 4.2288e-02],
          ...,
          [9.1024e-01, 5.6190e-01, 6.7457e-01,  ..., 4.4526e-01,
           3.8767e-01, 1.9913e-01],
          [5.9632e-01, 3.3140e-01, 9.6296e-01,  ..., 7.5536e-01,
           3.6979e-01, 1.1656e-01],
          [8.5679e-01, 3.7089e-01, 7.9866e-01,  ..., 2.4728e-01,
           2.5286e-01, 4.9308e-01]],

         [[3.3288e-01, 9.7217e-01, 6.8061e-01,  ..., 7.5334e-01,
           9.3290e-02, 1.4716e-01],
          [7.1235e-01, 9.7662e-02, 3.1993e-01,  ..., 3.0627e-01,
           8.3094e-01, 4.8898e-02],
          [4.6365e-01, 6.9408e-01, 4.9650e-01,  ..., 3.9884e-01,
           8.4047e-01, 9.3607e-01],
          ...,
          [8.6647e-01, 5.8544e-04, 6.3831e-01,  ..., 6.7367e-01,
           2.2638e-01, 7.3064e-01],
          [2.1699e-01, 2.0483e-02, 9.2458e-02,  ..., 1.5329e-01,
           8.8714e-01, 6.3237e-01],
          [6.4762e-01, 5.4665e-01, 7.6394e-01,  ..., 3.3433e-01,
           8.5172e-01, 3.2746e-01]],

         [[9.7569e-01, 4.3489e-01, 4.7682e-01,  ..., 6.5163e-01,
           4.3338e-01, 7.6496e-02],
          [6.8978e-02, 9.1190e-01, 2.3976e-01,  ..., 5.3223e-01,
           5.5604e-02, 2.3899e-01],
          [3.9428e-01, 9.5732e-01, 7.9902e-01,  ..., 7.0751e-01,
           1.2629e-01, 3.4910e-01],
          ...,
          [5.6921e-02, 2.3049e-01, 1.5004e-01,  ..., 2.7255e-01,
           7.2996e-01, 3.7821e-02],
          [8.0480e-01, 8.2214e-01, 7.8419e-01,  ..., 2.1713e-01,
           5.7502e-01, 3.1835e-01],
          [5.6596e-01, 2.9738e-01, 5.2674e-01,  ..., 3.8142e-01,
           3.9781e-01, 3.3259e-01]],

         ...,

         [[8.6898e-01, 1.1083e-01, 7.3592e-01,  ..., 5.0316e-01,
           6.2665e-01, 3.9455e-01],
          [6.3938e-01, 1.9881e-01, 3.9409e-01,  ..., 7.2160e-01,
           5.2884e-01, 4.9275e-01],
          [9.9565e-01, 5.6517e-01, 1.1856e-01,  ..., 6.6207e-01,
           7.7933e-01, 5.2483e-01],
          ...,
          [8.3833e-01, 2.2559e-01, 2.2894e-01,  ..., 3.5991e-01,
           5.0240e-02, 1.0948e-01],
          [7.4912e-01, 4.6030e-02, 3.2301e-01,  ..., 4.9515e-01,
           2.0151e-02, 7.9337e-01],
          [4.1662e-01, 1.4958e-01, 6.2997e-02,  ..., 2.0686e-01,
           2.4823e-01, 5.1689e-01]],

         [[4.0978e-01, 7.1921e-01, 7.0122e-01,  ..., 9.9565e-01,
           8.5998e-02, 1.4986e-01],
          [3.2496e-01, 5.1304e-01, 5.8685e-01,  ..., 5.2974e-02,
           6.8602e-01, 8.5803e-01],
          [3.9926e-01, 9.5162e-01, 6.6302e-01,  ..., 1.5344e-01,
           6.3028e-02, 4.6241e-01],
          ...,
          [1.0894e-01, 2.0330e-01, 4.7770e-01,  ..., 4.2979e-01,
           5.9483e-02, 5.0373e-01],
          [7.2738e-01, 4.8197e-01, 4.2664e-01,  ..., 5.7581e-01,
           1.4167e-01, 2.5123e-01],
          [8.1822e-01, 4.4803e-01, 3.7917e-01,  ..., 1.9898e-01,
           4.3481e-01, 2.8565e-01]],

         [[3.2634e-01, 5.8306e-01, 2.8094e-01,  ..., 1.7929e-01,
           3.6793e-01, 4.6197e-01],
          [5.1734e-01, 6.8947e-01, 9.3399e-01,  ..., 2.7018e-02,
           1.3599e-01, 2.7649e-02],
          [3.0155e-01, 4.0861e-01, 4.6181e-02,  ..., 9.1523e-01,
           8.7743e-03, 6.0537e-01],
          ...,
          [6.9093e-01, 6.3320e-01, 8.4098e-01,  ..., 2.5730e-01,
           5.9456e-01, 1.5659e-01],
          [3.6751e-01, 2.6179e-01, 6.2784e-01,  ..., 1.5871e-01,
           7.0802e-01, 8.3077e-01],
          [3.0518e-01, 1.7503e-01, 7.6619e-01,  ..., 5.8180e-02,
           6.9958e-01, 1.9907e-01]]],


        [[[1.5331e-02, 9.3872e-01, 2.9141e-02,  ..., 9.3811e-02,
           7.7771e-01, 9.8231e-01],
          [6.1724e-01, 7.9550e-01, 5.9613e-01,  ..., 6.5191e-02,
           6.9373e-01, 2.6750e-01],
          [7.4984e-01, 9.9922e-01, 5.2950e-01,  ..., 1.9204e-01,
           4.2719e-01, 2.7689e-01],
          ...,
          [1.7338e-01, 9.0043e-01, 1.3372e-02,  ..., 7.9307e-01,
           7.6247e-01, 9.5188e-01],
          [8.5903e-01, 3.0526e-02, 6.7678e-01,  ..., 8.0595e-01,
           2.6673e-01, 4.7289e-01],
          [6.0775e-02, 6.5750e-01, 5.5066e-03,  ..., 9.4350e-02,
           4.6594e-01, 6.8197e-01]],

         [[3.2027e-02, 1.0696e-01, 9.0637e-01,  ..., 4.7357e-01,
           3.4849e-01, 6.4618e-01],
          [2.4673e-01, 6.6026e-01, 9.8217e-02,  ..., 1.8231e-01,
           5.2616e-01, 8.3707e-02],
          [2.3848e-01, 7.6312e-01, 1.2066e-01,  ..., 2.3377e-01,
           7.7105e-01, 4.7638e-01],
          ...,
          [3.7728e-02, 5.5672e-01, 1.9819e-01,  ..., 8.5319e-01,
           1.7376e-01, 7.4531e-01],
          [2.5828e-01, 3.9420e-03, 8.6678e-01,  ..., 8.4724e-01,
           7.5684e-01, 3.6172e-01],
          [8.7100e-01, 5.1696e-03, 1.6680e-01,  ..., 8.1361e-01,
           6.4967e-01, 4.8701e-01]],

         [[6.6248e-01, 9.9162e-02, 1.0903e-01,  ..., 8.6444e-01,
           6.9686e-01, 7.6518e-02],
          [1.5149e-01, 4.0303e-01, 4.6292e-01,  ..., 6.6102e-01,
           4.7727e-01, 3.9173e-01],
          [2.9137e-01, 5.0961e-01, 6.2294e-01,  ..., 9.2414e-01,
           5.8516e-01, 6.5111e-01],
          ...,
          [4.1406e-01, 1.4328e-01, 4.8244e-03,  ..., 9.9138e-01,
           6.6774e-01, 3.3497e-01],
          [4.6905e-01, 2.2492e-01, 6.9312e-02,  ..., 2.1300e-01,
           5.7456e-01, 9.4068e-01],
          [7.3904e-01, 9.4679e-02, 5.4316e-01,  ..., 4.8239e-02,
           8.7893e-01, 7.5141e-01]],

         ...,

         [[3.4718e-01, 3.8408e-01, 6.0644e-01,  ..., 3.1721e-01,
           1.0605e-01, 3.0561e-01],
          [8.2367e-02, 7.0569e-02, 1.1600e-01,  ..., 3.6912e-02,
           5.9212e-01, 3.8675e-01],
          [1.0188e-01, 8.9549e-01, 1.3332e-01,  ..., 4.3128e-01,
           6.0799e-01, 3.6939e-01],
          ...,
          [4.9475e-01, 8.6760e-01, 5.2045e-01,  ..., 8.3033e-01,
           6.7904e-01, 2.5939e-01],
          [2.5141e-01, 2.1322e-01, 4.9034e-03,  ..., 8.5705e-01,
           2.6693e-01, 1.2252e-01],
          [4.5153e-01, 5.1364e-01, 7.7132e-01,  ..., 3.9066e-01,
           2.4887e-01, 1.8387e-01]],

         [[1.0834e-01, 4.2233e-01, 4.3310e-01,  ..., 9.5289e-01,
           8.2579e-01, 4.4787e-01],
          [4.6238e-01, 7.4231e-01, 7.1586e-01,  ..., 8.3511e-01,
           6.5995e-01, 9.9574e-01],
          [7.7834e-01, 9.1915e-01, 9.2078e-01,  ..., 6.8652e-01,
           5.7818e-01, 7.0291e-01],
          ...,
          [6.3163e-01, 7.0726e-01, 4.5541e-01,  ..., 5.0066e-01,
           6.5412e-01, 7.9864e-01],
          [4.5578e-01, 9.6048e-01, 9.4918e-01,  ..., 3.6181e-01,
           8.1087e-01, 9.2444e-02],
          [7.2690e-01, 1.5472e-01, 4.2571e-01,  ..., 3.9434e-01,
           9.1319e-01, 2.1148e-01]],

         [[2.1112e-02, 4.6914e-01, 1.4034e-01,  ..., 2.4399e-01,
           4.0724e-01, 9.9176e-01],
          [1.4948e-01, 3.0808e-01, 3.9889e-01,  ..., 4.0194e-01,
           3.1435e-01, 1.5897e-01],
          [9.2360e-01, 9.0730e-01, 1.3552e-01,  ..., 4.8209e-01,
           8.8991e-02, 5.4618e-02],
          ...,
          [2.5570e-01, 2.6275e-02, 9.8898e-01,  ..., 6.6219e-01,
           4.3412e-01, 4.2827e-01],
          [4.0456e-01, 4.9502e-01, 2.5778e-01,  ..., 4.2277e-01,
           3.5408e-01, 9.5834e-01],
          [8.5696e-01, 5.2054e-01, 2.5416e-01,  ..., 3.6746e-01,
           3.6988e-01, 8.4139e-01]]],


        ...,


        [[[4.2662e-01, 2.7834e-01, 9.5564e-01,  ..., 2.3230e-01,
           3.0153e-01, 4.6276e-01],
          [1.0435e-01, 8.9082e-01, 5.9615e-01,  ..., 1.4493e-01,
           9.9417e-01, 9.6051e-02],
          [1.8533e-01, 6.1550e-01, 1.1648e-01,  ..., 7.3031e-01,
           6.6075e-01, 5.7868e-01],
          ...,
          [3.4731e-01, 7.6012e-01, 8.6287e-01,  ..., 2.4304e-01,
           2.2481e-01, 3.4171e-01],
          [7.9263e-01, 6.9029e-01, 9.0378e-02,  ..., 6.7047e-01,
           9.3731e-01, 8.0805e-01],
          [6.9417e-01, 6.7670e-01, 1.7719e-01,  ..., 6.0624e-01,
           6.6246e-01, 7.2128e-01]],

         [[5.2512e-01, 3.1076e-01, 4.0496e-01,  ..., 5.8959e-01,
           7.3532e-01, 2.4412e-01],
          [8.1982e-02, 9.7642e-01, 9.9555e-01,  ..., 9.5803e-01,
           7.7649e-01, 7.0622e-01],
          [1.4212e-01, 5.0145e-03, 3.9067e-01,  ..., 4.3917e-01,
           9.8793e-01, 5.7312e-01],
          ...,
          [9.2879e-01, 6.6193e-02, 7.7846e-01,  ..., 1.6330e-02,
           5.5453e-01, 6.2819e-01],
          [3.9785e-01, 5.2405e-01, 3.1809e-01,  ..., 5.6265e-01,
           9.7855e-01, 4.7584e-01],
          [8.0334e-01, 6.6711e-01, 5.4745e-01,  ..., 7.9695e-01,
           1.5993e-01, 8.2298e-02]],

         [[6.3307e-01, 4.0081e-01, 7.5382e-01,  ..., 1.9863e-02,
           8.7229e-01, 2.8750e-02],
          [2.5798e-01, 7.5294e-02, 5.5458e-03,  ..., 8.2262e-01,
           6.6213e-01, 4.4872e-01],
          [9.5225e-01, 4.9530e-01, 9.6931e-01,  ..., 8.6225e-01,
           5.5100e-01, 7.6523e-02],
          ...,
          [6.8994e-02, 5.3414e-01, 5.6017e-01,  ..., 8.1352e-01,
           7.0382e-01, 1.7107e-03],
          [3.5606e-01, 4.2613e-01, 8.3243e-01,  ..., 8.4351e-01,
           9.2568e-01, 8.9119e-02],
          [6.6492e-01, 3.9465e-01, 7.6358e-01,  ..., 5.3576e-01,
           2.5655e-01, 3.9759e-01]],

         ...,

         [[6.2165e-01, 2.8811e-01, 4.8357e-01,  ..., 3.1010e-01,
           2.2193e-01, 3.9986e-01],
          [8.8919e-01, 9.2648e-01, 4.1900e-01,  ..., 4.1519e-01,
           1.6421e-01, 3.9779e-01],
          [2.1604e-01, 9.7601e-01, 3.7831e-01,  ..., 1.5487e-01,
           4.5153e-02, 1.2244e-01],
          ...,
          [5.6336e-01, 8.2491e-01, 6.3500e-01,  ..., 9.0043e-01,
           3.8847e-01, 5.2945e-01],
          [2.5311e-01, 6.6281e-01, 9.0701e-01,  ..., 9.5256e-01,
           2.1821e-02, 6.7772e-01],
          [6.3744e-01, 2.9690e-01, 5.3281e-01,  ..., 3.4158e-01,
           8.7046e-01, 4.4187e-01]],

         [[5.7851e-02, 7.1875e-01, 2.0961e-01,  ..., 3.1459e-01,
           4.1948e-01, 4.3946e-02],
          [1.3376e-01, 9.4206e-01, 4.2275e-01,  ..., 7.4143e-01,
           3.0812e-01, 7.8015e-01],
          [7.5157e-01, 2.3837e-02, 6.8505e-01,  ..., 1.7258e-01,
           6.6421e-01, 7.0098e-01],
          ...,
          [8.5506e-01, 6.2692e-01, 6.5733e-01,  ..., 5.9076e-01,
           7.9881e-01, 9.2077e-01],
          [2.0228e-01, 8.1055e-01, 9.4956e-01,  ..., 1.7173e-01,
           3.5608e-01, 3.2097e-01],
          [9.1034e-01, 2.1141e-01, 9.5589e-01,  ..., 4.3916e-01,
           4.8639e-01, 6.1161e-01]],

         [[7.4798e-01, 4.1661e-01, 7.4390e-01,  ..., 3.1335e-01,
           4.3632e-01, 4.6714e-01],
          [8.4659e-01, 9.8078e-01, 6.5251e-01,  ..., 8.3859e-01,
           3.6754e-01, 3.5348e-01],
          [5.8406e-01, 5.1878e-01, 4.1060e-01,  ..., 2.3500e-01,
           3.2512e-01, 5.5758e-01],
          ...,
          [9.2076e-01, 3.9493e-01, 4.8634e-01,  ..., 8.9558e-01,
           2.9969e-02, 5.9284e-01],
          [4.1885e-02, 7.4241e-01, 6.4184e-01,  ..., 7.1753e-01,
           2.2520e-01, 5.2981e-01],
          [8.0196e-02, 9.6060e-01, 1.0467e-01,  ..., 9.5554e-01,
           1.3607e-01, 8.0573e-01]]],


        [[[5.0565e-02, 7.3704e-01, 1.1564e-01,  ..., 9.4701e-01,
           7.2323e-01, 2.6139e-01],
          [5.6314e-01, 6.7004e-01, 8.6033e-01,  ..., 2.1083e-01,
           9.5234e-01, 2.7939e-01],
          [7.1245e-01, 5.1445e-01, 5.8254e-01,  ..., 5.8758e-01,
           7.8306e-01, 5.2018e-01],
          ...,
          [8.8499e-01, 4.7044e-01, 3.2752e-01,  ..., 5.0369e-01,
           5.2597e-01, 7.2430e-01],
          [5.7285e-01, 4.1518e-01, 3.8092e-01,  ..., 3.1487e-02,
           8.1753e-01, 4.3141e-01],
          [7.8009e-01, 5.3090e-01, 2.3443e-01,  ..., 1.7219e-01,
           4.1817e-01, 8.5825e-01]],

         [[4.0050e-01, 2.0504e-01, 5.6910e-02,  ..., 7.6671e-01,
           4.2836e-01, 8.3303e-01],
          [6.2581e-01, 7.8882e-01, 2.6292e-01,  ..., 1.2309e-01,
           9.0432e-01, 7.1681e-01],
          [9.5205e-01, 6.2334e-01, 6.9339e-01,  ..., 4.7236e-01,
           2.4729e-01, 8.6763e-01],
          ...,
          [9.4743e-01, 3.6258e-01, 9.1645e-01,  ..., 5.5070e-01,
           6.1364e-01, 4.2186e-01],
          [7.4269e-01, 1.5043e-01, 7.3543e-01,  ..., 9.6053e-01,
           7.7853e-01, 2.6242e-01],
          [5.6802e-01, 4.7226e-01, 5.4474e-01,  ..., 5.8020e-02,
           1.5324e-01, 4.2681e-01]],

         [[1.7734e-01, 9.9690e-01, 7.2098e-01,  ..., 2.0521e-01,
           3.1499e-01, 3.6517e-01],
          [6.3320e-01, 9.4870e-01, 2.8398e-01,  ..., 3.7652e-01,
           7.5854e-01, 2.6803e-01],
          [9.0047e-01, 1.3308e-01, 3.4546e-01,  ..., 6.7380e-01,
           9.0362e-01, 8.7102e-01],
          ...,
          [2.4131e-01, 2.9003e-01, 7.2351e-01,  ..., 8.6534e-02,
           2.2339e-01, 1.5233e-01],
          [9.4854e-01, 6.4650e-01, 3.9776e-01,  ..., 3.2805e-01,
           1.5545e-01, 3.0774e-01],
          [6.3429e-01, 4.5678e-01, 6.9076e-01,  ..., 8.1682e-01,
           6.3564e-01, 1.1713e-01]],

         ...,

         [[5.4895e-01, 7.6835e-01, 9.9438e-01,  ..., 8.9398e-02,
           1.2816e-01, 1.4857e-01],
          [7.1633e-01, 9.3650e-01, 8.5065e-01,  ..., 8.5256e-01,
           6.9382e-01, 1.0077e-01],
          [7.3814e-01, 1.6312e-01, 3.9381e-01,  ..., 7.2302e-01,
           3.5224e-03, 2.6482e-01],
          ...,
          [4.0417e-01, 5.7300e-01, 2.4698e-01,  ..., 6.4731e-01,
           1.5002e-02, 1.6478e-01],
          [2.6325e-01, 5.5227e-01, 1.9862e-01,  ..., 8.3201e-01,
           2.3407e-01, 8.3298e-01],
          [5.8223e-02, 5.1768e-01, 8.5145e-01,  ..., 3.3264e-01,
           1.7044e-01, 2.3325e-01]],

         [[5.5387e-01, 6.4823e-01, 2.2500e-01,  ..., 6.2874e-01,
           4.8798e-01, 1.7722e-02],
          [2.7893e-02, 4.4849e-01, 9.9707e-01,  ..., 2.2181e-01,
           6.0306e-01, 9.4697e-01],
          [7.7610e-01, 7.3481e-01, 7.8353e-01,  ..., 6.2794e-01,
           6.6381e-01, 1.3154e-01],
          ...,
          [5.2312e-01, 5.0418e-01, 6.7301e-03,  ..., 5.9764e-01,
           4.9507e-01, 7.4569e-01],
          [4.9980e-01, 8.9115e-01, 1.1369e-03,  ..., 6.6207e-02,
           3.7515e-01, 4.7672e-01],
          [7.0041e-01, 9.4768e-01, 2.0388e-01,  ..., 8.5506e-01,
           6.7420e-01, 1.5185e-01]],

         [[6.6381e-01, 8.0947e-01, 5.7066e-01,  ..., 5.5679e-01,
           9.0162e-01, 3.2175e-02],
          [7.5848e-01, 3.7071e-01, 5.8986e-01,  ..., 3.9452e-01,
           5.3295e-01, 4.9058e-01],
          [8.3875e-01, 2.5251e-01, 8.4489e-01,  ..., 7.8916e-01,
           9.0284e-01, 6.6206e-01],
          ...,
          [8.3603e-02, 4.9587e-01, 8.4347e-01,  ..., 4.8682e-01,
           1.0045e-01, 3.4794e-01],
          [9.4266e-01, 5.3509e-01, 5.4633e-01,  ..., 2.4052e-01,
           7.9513e-01, 5.7624e-01],
          [9.0891e-02, 6.6325e-01, 4.9506e-01,  ..., 3.8392e-01,
           9.7195e-01, 2.8090e-01]]],


        [[[6.1923e-01, 9.9168e-01, 1.0361e-01,  ..., 7.3117e-01,
           4.0694e-01, 8.1321e-01],
          [5.2569e-02, 8.0548e-01, 2.6095e-01,  ..., 7.5578e-01,
           6.4586e-03, 7.6650e-01],
          [6.3811e-01, 3.2949e-01, 8.4482e-01,  ..., 3.1596e-02,
           9.2285e-01, 7.3059e-01],
          ...,
          [4.8340e-01, 9.8818e-01, 3.1171e-01,  ..., 5.3418e-02,
           7.1685e-01, 5.5550e-02],
          [6.6745e-01, 2.7584e-01, 9.7832e-02,  ..., 4.8452e-01,
           5.1073e-01, 5.5159e-01],
          [1.5248e-01, 7.4145e-02, 7.8931e-01,  ..., 9.3268e-01,
           7.3959e-01, 9.8033e-01]],

         [[4.4196e-01, 4.9676e-01, 3.9576e-01,  ..., 6.1174e-01,
           9.0631e-01, 5.5870e-01],
          [7.8881e-01, 2.3125e-01, 1.5806e-02,  ..., 4.3139e-01,
           9.2708e-01, 9.0557e-01],
          [8.9380e-01, 3.8980e-01, 6.9357e-01,  ..., 4.0706e-01,
           4.1543e-01, 2.3042e-01],
          ...,
          [8.8246e-01, 2.8089e-01, 1.7079e-01,  ..., 5.7096e-01,
           9.0207e-03, 5.3310e-01],
          [9.8838e-01, 9.5752e-01, 8.4054e-01,  ..., 6.9346e-01,
           8.0739e-01, 4.2076e-01],
          [2.6820e-01, 6.1910e-01, 1.4288e-01,  ..., 2.4870e-01,
           9.6970e-01, 8.9639e-02]],

         [[6.7185e-01, 5.1071e-01, 5.2796e-01,  ..., 7.5819e-01,
           9.0903e-01, 1.7189e-01],
          [8.2545e-01, 1.3116e-01, 2.2464e-01,  ..., 1.0605e-01,
           4.2970e-01, 9.8738e-01],
          [7.8635e-01, 6.9383e-01, 2.6030e-01,  ..., 5.9991e-01,
           2.9762e-01, 5.1339e-01],
          ...,
          [1.0276e-01, 9.2904e-01, 4.5953e-01,  ..., 7.4554e-01,
           7.5288e-01, 6.0299e-01],
          [2.4662e-01, 3.6434e-01, 2.6084e-01,  ..., 5.6775e-01,
           1.6894e-01, 2.9267e-01],
          [6.8085e-01, 8.2375e-01, 1.0857e-01,  ..., 1.4397e-01,
           3.9010e-02, 3.4453e-01]],

         ...,

         [[7.4303e-02, 2.2654e-01, 8.7491e-01,  ..., 1.8779e-01,
           2.7621e-02, 6.6988e-01],
          [9.0241e-01, 1.6386e-01, 7.1353e-01,  ..., 1.9216e-01,
           3.9069e-01, 5.4182e-01],
          [2.2292e-01, 2.5674e-01, 1.1820e-01,  ..., 9.1229e-01,
           2.1087e-01, 5.5003e-01],
          ...,
          [4.5332e-01, 7.3231e-01, 1.4432e-01,  ..., 9.1479e-01,
           1.9968e-02, 5.4856e-01],
          [8.2392e-01, 5.3652e-01, 4.7944e-01,  ..., 8.5238e-01,
           3.5988e-01, 8.4656e-01],
          [9.0318e-01, 6.6032e-01, 5.1196e-01,  ..., 2.1497e-01,
           4.5944e-01, 9.3717e-01]],

         [[2.5384e-01, 5.9701e-01, 8.1143e-01,  ..., 3.9033e-01,
           7.9408e-01, 6.7511e-01],
          [4.6014e-01, 5.0160e-01, 1.6524e-01,  ..., 3.3400e-01,
           1.2392e-01, 7.8186e-02],
          [5.0954e-01, 3.4458e-01, 5.7575e-01,  ..., 4.1950e-01,
           4.0366e-01, 8.3976e-01],
          ...,
          [7.9755e-01, 8.7429e-01, 1.9236e-01,  ..., 1.8000e-01,
           4.0559e-01, 6.2515e-01],
          [5.5873e-01, 3.2481e-01, 8.3048e-01,  ..., 8.7244e-01,
           7.6787e-01, 3.9869e-01],
          [9.5594e-01, 1.8092e-01, 8.4725e-01,  ..., 4.9597e-01,
           2.3557e-01, 2.0165e-01]],

         [[9.7877e-01, 7.8134e-01, 6.4686e-01,  ..., 4.0574e-02,
           5.1786e-01, 7.5229e-01],
          [6.8977e-01, 2.7725e-01, 8.9862e-01,  ..., 9.6694e-01,
           8.5472e-02, 8.6414e-01],
          [2.7111e-01, 8.4999e-01, 9.8069e-01,  ..., 5.4690e-01,
           3.0578e-01, 5.1910e-01],
          ...,
          [5.1744e-01, 4.3383e-01, 5.5527e-01,  ..., 6.1273e-01,
           3.6923e-01, 7.5031e-01],
          [7.0336e-01, 8.2664e-01, 5.7299e-03,  ..., 4.9052e-01,
           7.8253e-01, 3.9446e-01],
          [2.8927e-01, 9.2811e-01, 5.9230e-01,  ..., 6.0808e-01,
           9.8883e-01, 7.1919e-01]]]])
