tensor([[[[7.3941e-01, 4.0163e-01, 1.4930e-01,  ..., 7.6999e-01,
           9.3248e-01, 9.3868e-03],
          [9.2746e-01, 1.8375e-01, 1.0954e-01,  ..., 9.5022e-01,
           6.4757e-01, 4.9229e-01],
          [2.7690e-01, 1.5879e-01, 8.0897e-01,  ..., 5.3801e-01,
           4.2933e-01, 1.8338e-01],
          ...,
          [8.4327e-01, 9.7659e-01, 3.4716e-01,  ..., 6.8904e-02,
           6.5953e-01, 3.7576e-01],
          [3.7863e-01, 1.2460e-01, 6.4319e-01,  ..., 5.9119e-01,
           1.6756e-01, 4.5141e-01],
          [7.7877e-01, 6.4054e-01, 7.5412e-01,  ..., 7.1818e-01,
           1.2185e-01, 9.1350e-01]],

         [[8.5531e-01, 5.7875e-02, 6.6051e-01,  ..., 1.9818e-01,
           6.4822e-01, 3.1622e-01],
          [2.7399e-01, 7.7973e-01, 8.8614e-01,  ..., 6.9328e-01,
           5.3306e-01, 6.7604e-01],
          [9.8688e-01, 3.5204e-01, 1.5024e-02,  ..., 1.8314e-01,
           5.2744e-01, 8.9522e-01],
          ...,
          [8.6381e-02, 3.0886e-01, 4.9664e-01,  ..., 6.3761e-01,
           6.1448e-01, 5.5841e-03],
          [1.5129e-01, 4.3791e-01, 1.4210e-01,  ..., 7.3605e-01,
           3.7977e-01, 3.5390e-01],
          [8.3404e-01, 5.1039e-01, 2.4685e-01,  ..., 9.4607e-01,
           3.7721e-01, 8.3349e-01]],

         [[4.2403e-01, 4.7583e-01, 2.3588e-01,  ..., 8.5457e-01,
           9.8304e-01, 6.9117e-01],
          [9.6666e-01, 7.3383e-01, 5.6919e-01,  ..., 2.5177e-01,
           7.3185e-01, 9.0707e-01],
          [7.0184e-01, 6.0045e-01, 7.8489e-01,  ..., 4.7725e-01,
           2.6267e-01, 7.1560e-01],
          ...,
          [6.0569e-01, 3.0855e-01, 7.4335e-01,  ..., 6.7059e-01,
           7.8068e-01, 7.1864e-01],
          [7.3274e-01, 6.1861e-01, 4.6764e-01,  ..., 8.5258e-01,
           5.7825e-01, 7.4389e-01],
          [3.0580e-01, 8.8427e-01, 6.3650e-01,  ..., 7.9384e-01,
           9.0418e-01, 4.9895e-01]],

         ...,

         [[7.1405e-01, 1.5286e-01, 1.0919e-01,  ..., 2.0507e-01,
           8.6874e-01, 8.6954e-02],
          [2.5841e-01, 9.3736e-01, 9.1889e-01,  ..., 8.0339e-01,
           7.4552e-01, 2.3994e-01],
          [9.0265e-01, 4.0084e-01, 6.3109e-01,  ..., 5.0933e-01,
           5.1247e-01, 8.5515e-01],
          ...,
          [7.4667e-01, 4.6904e-01, 8.2067e-01,  ..., 3.3754e-01,
           7.3196e-01, 3.5692e-02],
          [1.2773e-01, 4.9184e-01, 3.0331e-02,  ..., 8.4177e-02,
           6.1826e-01, 9.6482e-01],
          [9.8810e-01, 6.4043e-01, 5.0695e-01,  ..., 5.0473e-01,
           3.5884e-01, 4.4564e-01]],

         [[1.2741e-01, 1.8983e-01, 3.4349e-01,  ..., 1.2939e-01,
           9.7911e-01, 6.9421e-02],
          [9.4169e-01, 4.9654e-01, 3.2495e-02,  ..., 7.8976e-01,
           8.6497e-01, 3.4765e-01],
          [9.3683e-01, 1.3132e-01, 2.4535e-01,  ..., 5.5535e-01,
           9.0708e-01, 5.2576e-01],
          ...,
          [6.7062e-01, 4.9021e-01, 8.3495e-01,  ..., 4.6688e-01,
           3.1549e-03, 3.1632e-01],
          [1.4192e-02, 9.8944e-01, 1.7947e-01,  ..., 1.6720e-01,
           2.6986e-01, 5.1595e-01],
          [2.5083e-01, 9.8502e-01, 7.1783e-01,  ..., 7.2246e-01,
           3.4143e-01, 6.3192e-01]],

         [[3.1635e-02, 2.6954e-01, 6.4354e-01,  ..., 1.4552e-01,
           7.1202e-01, 6.0024e-01],
          [7.0667e-01, 6.3129e-01, 7.7676e-01,  ..., 2.0256e-01,
           9.6621e-01, 9.6874e-01],
          [1.1397e-01, 4.4953e-01, 8.9693e-02,  ..., 8.9923e-01,
           8.4985e-01, 4.5640e-01],
          ...,
          [1.5249e-01, 8.9290e-01, 4.9555e-01,  ..., 3.9380e-01,
           9.9095e-01, 5.0311e-01],
          [9.9218e-01, 1.7188e-01, 5.0334e-01,  ..., 8.0367e-01,
           7.6317e-01, 2.3503e-01],
          [4.8793e-01, 7.7881e-01, 7.0538e-01,  ..., 9.5032e-01,
           8.3723e-01, 9.9122e-01]]],


        [[[9.4929e-01, 5.9932e-01, 2.9670e-03,  ..., 6.9872e-01,
           7.6125e-01, 7.0988e-01],
          [4.3789e-01, 8.4051e-01, 2.1565e-02,  ..., 1.0658e-01,
           9.4732e-01, 3.1399e-01],
          [6.8215e-01, 4.6576e-01, 2.6110e-02,  ..., 7.1740e-01,
           8.9655e-01, 4.5386e-02],
          ...,
          [8.6805e-01, 2.9599e-01, 6.9357e-01,  ..., 4.3664e-01,
           7.0073e-01, 7.8700e-01],
          [6.3969e-01, 2.1632e-01, 1.4528e-02,  ..., 5.5944e-01,
           2.4807e-01, 8.2063e-01],
          [9.5881e-01, 6.5536e-01, 5.6881e-01,  ..., 2.4388e-01,
           8.3355e-01, 7.3452e-01]],

         [[4.5835e-01, 7.3328e-01, 7.0047e-02,  ..., 9.5355e-01,
           7.9032e-01, 4.0423e-02],
          [3.2308e-01, 1.8228e-01, 1.1239e-02,  ..., 6.7221e-01,
           6.6503e-01, 4.8855e-01],
          [5.6502e-01, 5.3292e-01, 8.3882e-01,  ..., 5.0619e-01,
           3.9283e-01, 6.1150e-02],
          ...,
          [1.6191e-01, 4.9736e-01, 3.5585e-01,  ..., 4.1762e-01,
           6.8340e-01, 4.7323e-01],
          [6.3250e-01, 3.4157e-01, 4.4557e-01,  ..., 5.0888e-01,
           4.3796e-01, 4.2858e-01],
          [5.6647e-02, 1.8703e-01, 6.7869e-01,  ..., 6.7526e-01,
           8.5619e-01, 2.7880e-01]],

         [[1.0026e-01, 6.5628e-01, 1.6789e-01,  ..., 5.4206e-01,
           4.6193e-01, 7.0969e-01],
          [3.2317e-01, 9.4071e-01, 9.2945e-01,  ..., 9.7728e-01,
           8.7493e-01, 6.4086e-01],
          [7.9751e-01, 3.6574e-01, 5.9852e-01,  ..., 3.1521e-01,
           5.4850e-01, 6.1480e-01],
          ...,
          [4.9381e-01, 4.0023e-01, 1.9006e-01,  ..., 6.4107e-03,
           9.2672e-02, 6.8807e-01],
          [4.8314e-01, 8.7406e-01, 8.8479e-01,  ..., 6.9948e-01,
           4.5860e-01, 9.3793e-01],
          [5.9489e-02, 3.3065e-01, 8.2790e-01,  ..., 1.9856e-01,
           1.1064e-01, 3.8071e-01]],

         ...,

         [[3.8868e-01, 2.8723e-01, 1.7288e-01,  ..., 1.8274e-01,
           9.7220e-01, 8.9988e-01],
          [1.5132e-02, 2.4197e-01, 3.5086e-01,  ..., 4.8509e-01,
           9.0239e-01, 9.3351e-01],
          [1.4073e-01, 1.7501e-01, 4.8738e-02,  ..., 2.1540e-01,
           9.0869e-01, 2.5502e-01],
          ...,
          [8.5100e-01, 5.4728e-01, 2.8182e-01,  ..., 5.1991e-01,
           5.0983e-01, 9.2570e-01],
          [7.0854e-01, 1.3954e-01, 3.0788e-01,  ..., 1.1617e-01,
           6.4215e-01, 8.6739e-01],
          [3.5824e-01, 7.1056e-01, 4.2532e-01,  ..., 2.5804e-01,
           8.3786e-01, 7.5138e-01]],

         [[9.8011e-01, 8.3529e-01, 1.3849e-01,  ..., 2.6573e-01,
           2.1331e-01, 3.2723e-01],
          [8.8011e-01, 7.5608e-01, 6.1925e-01,  ..., 3.3599e-01,
           5.9730e-01, 9.0255e-01],
          [9.3115e-01, 9.7847e-01, 7.9558e-01,  ..., 6.9712e-02,
           6.7690e-01, 2.7021e-02],
          ...,
          [7.3557e-01, 6.0445e-01, 3.4207e-02,  ..., 8.5876e-01,
           3.8400e-01, 1.6070e-01],
          [7.2512e-01, 9.8553e-02, 1.9997e-01,  ..., 9.1606e-01,
           6.3510e-02, 4.4562e-01],
          [8.0857e-01, 2.1756e-01, 4.7350e-01,  ..., 6.9203e-01,
           7.1330e-01, 9.5447e-01]],

         [[2.1223e-01, 8.1973e-01, 6.4555e-01,  ..., 6.6162e-01,
           9.1344e-01, 8.3981e-01],
          [6.5487e-01, 1.2061e-01, 2.1812e-01,  ..., 7.9034e-01,
           4.9564e-02, 2.9383e-02],
          [1.2867e-01, 5.3218e-01, 8.9686e-01,  ..., 3.8594e-01,
           6.7909e-01, 1.4968e-01],
          ...,
          [4.7565e-01, 4.6470e-01, 7.0610e-01,  ..., 9.7198e-01,
           6.6891e-02, 1.7858e-02],
          [3.3843e-02, 3.1695e-01, 1.4809e-02,  ..., 8.2700e-01,
           7.8232e-02, 2.6828e-01],
          [1.8926e-01, 3.9453e-01, 1.3795e-02,  ..., 2.7701e-01,
           6.2298e-02, 4.7379e-01]]],


        [[[2.1337e-01, 9.7847e-01, 7.3560e-01,  ..., 3.6324e-01,
           3.1187e-01, 4.9074e-02],
          [9.1900e-01, 2.0892e-01, 9.0491e-01,  ..., 9.9688e-01,
           7.4598e-01, 1.2797e-01],
          [3.9285e-01, 4.8042e-01, 4.4018e-01,  ..., 7.7273e-01,
           5.0618e-01, 4.3327e-02],
          ...,
          [2.7344e-01, 2.4198e-01, 5.8243e-01,  ..., 9.7771e-01,
           2.5198e-01, 3.2737e-01],
          [1.7423e-01, 4.9061e-01, 1.3038e-01,  ..., 9.3630e-01,
           2.6367e-02, 2.8566e-01],
          [1.4685e-01, 5.0151e-01, 8.5302e-01,  ..., 1.6477e-01,
           3.8330e-01, 4.3648e-01]],

         [[7.8234e-01, 6.5766e-02, 7.4305e-01,  ..., 8.1549e-01,
           6.1376e-01, 6.7550e-02],
          [3.2646e-01, 8.7607e-01, 5.6414e-01,  ..., 4.2358e-01,
           6.1921e-01, 6.4483e-02],
          [9.6643e-01, 7.4933e-01, 4.6842e-01,  ..., 7.7205e-01,
           3.8756e-01, 1.6454e-01],
          ...,
          [1.6141e-01, 7.5363e-01, 6.1910e-01,  ..., 5.9691e-02,
           2.1984e-02, 1.9553e-01],
          [5.9500e-01, 1.2138e-01, 3.7044e-01,  ..., 2.5568e-01,
           4.6035e-01, 2.1401e-01],
          [6.8580e-01, 2.8511e-01, 5.7870e-01,  ..., 6.6779e-01,
           6.2909e-01, 5.1946e-01]],

         [[5.0790e-01, 4.3728e-01, 6.7533e-01,  ..., 4.4653e-01,
           3.4651e-01, 5.5002e-01],
          [1.7857e-01, 2.9122e-02, 8.1919e-01,  ..., 4.7506e-01,
           7.1291e-01, 3.5355e-01],
          [1.0180e-01, 3.0369e-01, 2.1275e-01,  ..., 3.6538e-01,
           9.4209e-02, 4.4509e-01],
          ...,
          [8.3509e-01, 9.0271e-01, 2.7793e-01,  ..., 3.9522e-01,
           3.4311e-01, 7.3229e-01],
          [8.5501e-02, 5.4744e-01, 5.3030e-01,  ..., 8.3584e-01,
           9.3211e-01, 5.2434e-01],
          [1.8042e-02, 8.2825e-01, 8.0154e-01,  ..., 4.6824e-01,
           8.9479e-02, 1.7525e-02]],

         ...,

         [[9.8507e-03, 4.1589e-01, 9.1253e-01,  ..., 8.8602e-02,
           7.2082e-02, 9.7324e-01],
          [1.6151e-01, 3.7889e-01, 1.6470e-01,  ..., 9.3195e-02,
           9.9454e-01, 8.2638e-01],
          [4.5225e-01, 2.9558e-01, 7.3204e-01,  ..., 7.5326e-01,
           8.6386e-01, 4.0696e-01],
          ...,
          [6.3530e-01, 7.6830e-01, 6.0581e-01,  ..., 2.3727e-01,
           4.2536e-02, 3.4846e-01],
          [1.4463e-01, 3.4466e-01, 2.2960e-01,  ..., 5.8632e-01,
           1.9102e-01, 3.7543e-02],
          [4.2092e-01, 4.7536e-01, 5.6016e-02,  ..., 3.9501e-02,
           5.2154e-01, 2.0129e-01]],

         [[1.9799e-01, 7.6378e-02, 9.6269e-01,  ..., 8.8393e-01,
           4.9621e-01, 4.3646e-02],
          [4.9701e-01, 5.7711e-01, 6.9668e-01,  ..., 9.7201e-01,
           3.2757e-01, 6.9412e-01],
          [4.5277e-01, 2.2660e-02, 8.5484e-02,  ..., 9.6958e-02,
           1.8825e-02, 2.6068e-01],
          ...,
          [8.3285e-01, 5.1116e-01, 6.6174e-01,  ..., 6.6236e-01,
           1.6287e-01, 1.1235e-01],
          [9.2053e-01, 6.2915e-01, 6.4733e-01,  ..., 5.3534e-01,
           4.0662e-01, 8.2256e-01],
          [6.8860e-01, 3.9368e-01, 1.4035e-01,  ..., 1.9556e-01,
           4.5757e-02, 6.5083e-01]],

         [[8.1579e-01, 9.9349e-01, 4.1090e-01,  ..., 6.3427e-01,
           2.6470e-01, 3.4000e-01],
          [4.5358e-01, 3.5523e-01, 7.1324e-01,  ..., 4.3218e-02,
           8.9985e-01, 1.7033e-01],
          [9.0263e-01, 3.2879e-01, 8.7299e-01,  ..., 9.4812e-01,
           3.3017e-01, 3.4792e-01],
          ...,
          [6.4448e-01, 4.4532e-01, 2.8703e-01,  ..., 8.9382e-01,
           2.7144e-02, 5.5526e-01],
          [8.5902e-01, 3.1144e-01, 2.0385e-01,  ..., 5.8708e-01,
           4.7676e-01, 7.9823e-01],
          [4.2215e-01, 8.1955e-01, 7.1246e-01,  ..., 6.8676e-01,
           2.9211e-01, 5.3404e-01]]],


        ...,


        [[[5.8362e-01, 4.9499e-01, 7.9686e-01,  ..., 4.0771e-01,
           6.9741e-01, 7.2423e-01],
          [2.5919e-01, 2.3568e-01, 1.5758e-01,  ..., 8.7620e-02,
           2.4386e-01, 4.8844e-01],
          [2.6609e-01, 9.9164e-01, 8.0703e-01,  ..., 4.7760e-01,
           6.0834e-01, 2.4631e-01],
          ...,
          [6.1842e-01, 2.6396e-01, 4.1240e-01,  ..., 7.5081e-01,
           8.2085e-01, 6.3760e-01],
          [8.5104e-01, 5.9363e-01, 4.9545e-01,  ..., 1.6296e-01,
           6.1064e-01, 5.1763e-01],
          [5.2667e-01, 1.9676e-01, 3.8374e-01,  ..., 4.5847e-01,
           8.3044e-02, 8.4110e-02]],

         [[5.0134e-02, 9.7967e-01, 4.6953e-01,  ..., 5.8251e-01,
           8.0701e-01, 4.7599e-01],
          [2.5212e-01, 1.9521e-01, 1.4938e-01,  ..., 7.5167e-01,
           6.4991e-01, 3.6335e-01],
          [1.0140e-01, 6.8258e-01, 9.2010e-01,  ..., 2.3130e-01,
           3.0232e-01, 7.5127e-01],
          ...,
          [2.0511e-01, 7.8841e-01, 9.4217e-02,  ..., 9.0578e-01,
           7.8647e-01, 9.4649e-01],
          [7.6131e-01, 8.7437e-01, 6.6089e-02,  ..., 5.9001e-01,
           9.4573e-01, 5.3388e-01],
          [2.1426e-01, 4.0130e-01, 1.6358e-01,  ..., 9.7083e-01,
           7.1748e-02, 9.9656e-01]],

         [[9.9340e-01, 4.7169e-01, 1.2761e-02,  ..., 7.5452e-01,
           4.0233e-01, 7.2447e-02],
          [8.9313e-01, 4.7664e-01, 6.0055e-02,  ..., 1.0764e-01,
           6.0513e-01, 9.8364e-02],
          [7.1629e-01, 4.1026e-01, 9.4427e-01,  ..., 5.7873e-01,
           7.0483e-01, 1.3964e-01],
          ...,
          [6.5067e-01, 2.2281e-01, 5.6428e-01,  ..., 7.5395e-02,
           7.0536e-02, 4.8510e-01],
          [1.3710e-01, 7.7507e-01, 7.0582e-01,  ..., 5.3328e-01,
           8.1106e-01, 8.6911e-01],
          [7.5631e-01, 2.1861e-01, 9.9431e-01,  ..., 2.6271e-01,
           2.0373e-01, 5.5335e-02]],

         ...,

         [[7.8448e-01, 9.0911e-01, 3.2742e-01,  ..., 1.0132e-01,
           7.6427e-01, 2.1774e-01],
          [3.1909e-01, 3.4197e-01, 3.6677e-01,  ..., 2.4520e-01,
           4.7780e-01, 4.1756e-01],
          [5.9216e-01, 9.7386e-01, 9.3677e-01,  ..., 1.9244e-02,
           2.7292e-01, 5.8738e-02],
          ...,
          [6.5388e-01, 1.6913e-01, 7.2377e-01,  ..., 3.3619e-01,
           1.2914e-01, 3.1405e-02],
          [1.1255e-01, 5.6760e-01, 9.0072e-01,  ..., 5.8495e-01,
           2.4287e-01, 5.0974e-01],
          [7.9522e-01, 8.5763e-01, 6.4428e-01,  ..., 2.3060e-03,
           1.6334e-01, 5.3450e-01]],

         [[7.9509e-01, 9.3164e-01, 7.5358e-01,  ..., 6.1236e-01,
           8.3257e-01, 2.4867e-01],
          [1.4683e-01, 8.0566e-01, 2.5587e-01,  ..., 3.9162e-01,
           4.4788e-01, 2.4293e-01],
          [8.4386e-01, 3.2360e-01, 2.6804e-02,  ..., 6.7349e-01,
           6.7882e-01, 7.2055e-01],
          ...,
          [3.7225e-01, 4.7344e-01, 8.4248e-01,  ..., 8.5667e-01,
           6.7821e-01, 1.5373e-02],
          [6.5105e-01, 3.6911e-01, 9.8494e-01,  ..., 1.3026e-01,
           6.5363e-02, 9.7076e-01],
          [1.4787e-01, 2.2831e-01, 3.8878e-01,  ..., 2.9855e-01,
           2.8139e-02, 3.0152e-01]],

         [[7.1721e-01, 9.6961e-01, 4.4068e-01,  ..., 3.9829e-01,
           7.5066e-01, 6.3371e-01],
          [6.5417e-02, 3.6305e-02, 7.5816e-01,  ..., 5.4256e-01,
           4.4745e-01, 9.6788e-01],
          [1.2759e-01, 4.4587e-01, 5.0721e-01,  ..., 3.9748e-01,
           9.7603e-01, 2.1509e-01],
          ...,
          [1.6386e-01, 4.2250e-02, 6.3315e-01,  ..., 3.3269e-01,
           6.7629e-01, 3.7281e-01],
          [4.3621e-02, 3.9375e-01, 3.2741e-01,  ..., 5.4139e-01,
           2.6550e-01, 8.3228e-02],
          [7.3338e-01, 5.2466e-01, 6.7530e-03,  ..., 4.7698e-01,
           2.9500e-01, 7.9639e-01]]],


        [[[5.6400e-01, 8.4817e-02, 6.4675e-01,  ..., 1.8928e-01,
           9.2557e-01, 2.5464e-02],
          [7.7043e-01, 3.0347e-01, 4.1628e-01,  ..., 6.1847e-01,
           2.6497e-01, 2.0720e-01],
          [3.8553e-01, 3.5869e-02, 4.2311e-01,  ..., 7.1574e-01,
           1.4314e-01, 9.5446e-02],
          ...,
          [8.2932e-02, 6.2076e-01, 8.1464e-01,  ..., 6.0602e-01,
           1.7937e-01, 4.5238e-01],
          [2.5224e-01, 2.4411e-01, 7.9549e-01,  ..., 7.3292e-01,
           3.2855e-01, 4.0020e-01],
          [5.5913e-01, 7.2778e-01, 5.0279e-01,  ..., 3.8787e-01,
           4.2492e-01, 2.9826e-01]],

         [[9.6559e-01, 1.8852e-03, 1.1535e-01,  ..., 9.2505e-01,
           9.7269e-01, 4.6290e-01],
          [4.9686e-01, 1.6668e-01, 5.3915e-01,  ..., 3.0211e-01,
           3.2571e-01, 3.1370e-01],
          [5.7467e-01, 9.5467e-01, 1.7429e-01,  ..., 8.6447e-01,
           5.6681e-01, 4.8841e-01],
          ...,
          [7.9780e-01, 9.1607e-01, 1.5147e-01,  ..., 2.6485e-01,
           5.2384e-01, 5.1790e-01],
          [5.9960e-01, 1.0792e-01, 8.1086e-01,  ..., 3.7019e-01,
           3.7071e-01, 1.3428e-02],
          [2.2082e-01, 5.1029e-01, 7.4949e-02,  ..., 2.8593e-01,
           1.9594e-01, 5.1685e-01]],

         [[2.5204e-01, 5.8130e-01, 2.2721e-01,  ..., 8.4166e-01,
           2.1914e-01, 3.1648e-01],
          [4.8875e-01, 9.4459e-01, 9.5079e-02,  ..., 9.1768e-01,
           9.5790e-01, 4.8228e-01],
          [6.4300e-01, 1.8479e-01, 9.6469e-01,  ..., 8.0993e-01,
           6.2269e-01, 6.4461e-01],
          ...,
          [4.0632e-01, 3.0422e-01, 6.7617e-02,  ..., 5.0145e-01,
           4.0751e-02, 7.7844e-03],
          [5.7107e-01, 7.0201e-01, 5.9726e-01,  ..., 7.1348e-01,
           3.3165e-01, 4.2458e-01],
          [9.3103e-01, 3.0523e-01, 5.9623e-01,  ..., 9.9318e-01,
           5.9912e-01, 7.8884e-02]],

         ...,

         [[3.7681e-01, 6.0159e-01, 4.9292e-01,  ..., 7.6488e-01,
           9.7637e-01, 3.1707e-01],
          [3.2655e-01, 4.9149e-01, 5.2919e-01,  ..., 8.2253e-01,
           7.1929e-01, 5.1895e-01],
          [7.0520e-01, 3.9744e-01, 2.9386e-01,  ..., 4.0407e-01,
           4.4914e-01, 8.1133e-01],
          ...,
          [5.7341e-02, 6.4420e-01, 4.6810e-01,  ..., 7.0242e-01,
           8.5721e-01, 8.9767e-01],
          [5.8252e-01, 4.9445e-01, 2.4695e-01,  ..., 5.0331e-01,
           6.7824e-01, 7.0636e-01],
          [2.7210e-01, 1.7436e-01, 7.4810e-02,  ..., 7.1418e-01,
           3.4324e-01, 7.5013e-01]],

         [[2.5534e-02, 3.9470e-01, 5.7967e-01,  ..., 6.7686e-01,
           1.3379e-01, 1.7854e-01],
          [5.0631e-01, 9.8572e-01, 8.1922e-01,  ..., 2.7532e-01,
           1.7880e-01, 2.5955e-02],
          [8.9941e-01, 3.0545e-01, 7.4899e-04,  ..., 8.5401e-01,
           4.9872e-01, 7.5226e-01],
          ...,
          [4.3388e-01, 6.2511e-02, 8.6162e-01,  ..., 5.3441e-01,
           5.0796e-01, 3.6239e-01],
          [8.9172e-02, 7.2836e-01, 2.7905e-01,  ..., 5.4223e-01,
           2.2337e-01, 3.4242e-01],
          [2.9800e-01, 4.5947e-01, 8.5836e-01,  ..., 3.2153e-01,
           8.8423e-01, 8.4502e-02]],

         [[2.2571e-01, 1.4898e-01, 8.5101e-01,  ..., 5.3655e-01,
           7.8700e-01, 3.5623e-01],
          [4.3199e-01, 7.4377e-01, 6.9072e-01,  ..., 7.2286e-01,
           3.7867e-02, 7.4786e-01],
          [7.5191e-01, 5.7613e-01, 9.2161e-01,  ..., 8.1405e-01,
           5.5968e-01, 7.7804e-01],
          ...,
          [7.0624e-01, 3.2052e-01, 9.5837e-01,  ..., 8.5865e-01,
           9.9485e-01, 3.2341e-01],
          [4.0473e-01, 9.2036e-01, 2.1757e-01,  ..., 7.4225e-01,
           1.8141e-01, 6.9311e-01],
          [5.6321e-01, 3.8204e-01, 9.1976e-02,  ..., 4.0376e-01,
           1.0697e-01, 5.0077e-01]]],


        [[[4.8893e-01, 6.1275e-01, 1.0032e-01,  ..., 1.8426e-01,
           4.2796e-01, 4.8098e-01],
          [9.6295e-01, 8.7281e-01, 4.2412e-01,  ..., 5.5733e-01,
           6.3100e-01, 4.6340e-01],
          [1.3976e-01, 9.4907e-01, 9.3144e-01,  ..., 5.9740e-01,
           3.2112e-01, 1.7006e-01],
          ...,
          [8.8286e-01, 8.4260e-01, 6.0679e-01,  ..., 5.9709e-02,
           9.5208e-02, 3.9717e-01],
          [3.1381e-01, 2.8636e-01, 8.1438e-01,  ..., 7.5577e-01,
           9.9195e-01, 5.3066e-01],
          [4.0404e-01, 3.1310e-01, 3.1265e-01,  ..., 1.2922e-01,
           8.8624e-01, 5.9850e-01]],

         [[8.5040e-01, 6.3980e-01, 6.9521e-01,  ..., 7.3739e-01,
           6.4298e-01, 2.3273e-01],
          [7.8945e-01, 4.3389e-02, 9.7594e-01,  ..., 4.7799e-02,
           3.1792e-01, 9.3243e-01],
          [9.2617e-01, 4.4946e-01, 7.5416e-01,  ..., 3.1637e-01,
           7.1995e-01, 3.0399e-01],
          ...,
          [7.2270e-01, 3.8071e-01, 1.5718e-01,  ..., 4.1605e-01,
           7.2811e-01, 9.6741e-01],
          [5.8446e-02, 9.6034e-01, 8.0095e-01,  ..., 9.0410e-01,
           6.5300e-01, 8.1644e-01],
          [5.3755e-01, 2.0972e-01, 7.4169e-01,  ..., 6.7578e-01,
           2.0237e-01, 3.6108e-01]],

         [[6.4082e-01, 5.2710e-02, 2.6123e-01,  ..., 7.8820e-01,
           9.1427e-01, 3.3810e-01],
          [7.3749e-02, 8.1202e-01, 9.2094e-01,  ..., 8.1061e-01,
           3.1791e-02, 9.8074e-01],
          [8.5557e-01, 2.7476e-01, 9.1068e-02,  ..., 3.9713e-01,
           8.6967e-01, 5.4568e-01],
          ...,
          [1.6001e-01, 5.5273e-01, 8.1483e-01,  ..., 2.9464e-01,
           4.1676e-01, 3.9900e-01],
          [4.9434e-01, 7.8230e-01, 5.7984e-01,  ..., 3.8383e-02,
           4.0888e-01, 3.9984e-01],
          [3.5595e-01, 7.7106e-02, 1.9706e-02,  ..., 9.2152e-01,
           6.3431e-02, 9.8758e-02]],

         ...,

         [[8.5666e-01, 5.1143e-02, 2.7707e-01,  ..., 2.8788e-01,
           5.2859e-01, 8.2725e-01],
          [2.2618e-01, 6.8419e-01, 5.0449e-01,  ..., 6.9528e-01,
           9.9601e-01, 3.1746e-02],
          [1.5299e-01, 7.3309e-01, 1.2506e-01,  ..., 6.1469e-01,
           1.4261e-01, 5.5319e-01],
          ...,
          [6.2238e-01, 3.4120e-01, 9.0761e-01,  ..., 2.6474e-01,
           3.3918e-01, 3.1776e-01],
          [9.7027e-02, 8.9619e-01, 7.8346e-01,  ..., 2.1167e-01,
           8.2473e-01, 2.6267e-01],
          [9.7088e-01, 3.4014e-01, 7.0224e-01,  ..., 4.3760e-01,
           4.5367e-01, 2.2881e-01]],

         [[4.1405e-01, 4.5574e-03, 1.9508e-01,  ..., 5.4860e-01,
           2.4127e-01, 8.1948e-01],
          [1.0489e-01, 1.8543e-01, 7.6581e-01,  ..., 5.1285e-01,
           5.2423e-01, 2.6104e-01],
          [4.1434e-01, 6.4324e-01, 4.4830e-01,  ..., 1.9884e-01,
           5.8793e-01, 7.2458e-02],
          ...,
          [6.6698e-01, 3.6027e-01, 5.3760e-01,  ..., 7.2750e-01,
           6.2461e-02, 4.0478e-01],
          [5.1705e-01, 2.1870e-01, 8.6998e-02,  ..., 1.1304e-01,
           1.2999e-01, 8.0143e-01],
          [5.0707e-01, 8.4024e-01, 3.6684e-01,  ..., 2.3802e-01,
           7.5122e-01, 7.0484e-01]],

         [[3.1680e-01, 4.5914e-01, 5.0728e-01,  ..., 9.2847e-02,
           7.2893e-01, 2.4093e-01],
          [5.4352e-01, 1.9534e-01, 4.2153e-01,  ..., 9.7883e-01,
           4.7845e-01, 8.9114e-02],
          [6.5648e-01, 6.6377e-01, 6.4215e-01,  ..., 3.7840e-01,
           1.7919e-02, 4.5342e-01],
          ...,
          [7.9890e-03, 3.0235e-01, 3.6870e-01,  ..., 6.4381e-01,
           4.2494e-01, 1.2087e-01],
          [4.8556e-01, 5.3740e-02, 3.9063e-02,  ..., 2.0992e-01,
           1.5595e-01, 7.8863e-01],
          [6.3730e-01, 3.9684e-01, 8.8024e-01,  ..., 7.8033e-01,
           5.9374e-01, 3.3346e-01]]]])
