tensor([[[[4.3373e-01, 7.8400e-03, 2.7082e-01,  ..., 7.1733e-01,
           1.0786e-01, 9.3255e-01],
          [3.5525e-01, 5.2696e-01, 8.0115e-01,  ..., 1.5410e-01,
           5.0718e-01, 6.2786e-01],
          [4.7203e-01, 8.7320e-01, 9.4579e-01,  ..., 4.7282e-01,
           3.1764e-02, 6.6338e-01],
          ...,
          [4.9003e-01, 1.7127e-01, 9.7174e-01,  ..., 4.2158e-01,
           1.4422e-01, 9.5671e-01],
          [1.6580e-01, 1.6175e-01, 3.6867e-01,  ..., 7.9609e-01,
           1.1407e-01, 9.2598e-02],
          [6.7048e-01, 4.1487e-01, 2.4353e-01,  ..., 3.3096e-01,
           5.4439e-01, 8.2415e-01]],

         [[7.2201e-01, 8.7563e-01, 5.7967e-01,  ..., 5.7079e-01,
           9.3085e-01, 7.4599e-01],
          [6.4470e-01, 2.8408e-01, 7.2103e-01,  ..., 1.6190e-01,
           2.9720e-01, 6.0435e-01],
          [6.4340e-01, 9.1046e-01, 7.2384e-01,  ..., 1.1340e-01,
           1.3220e-01, 8.2557e-01],
          ...,
          [9.7812e-01, 3.0544e-01, 4.1412e-01,  ..., 7.7397e-01,
           9.9123e-01, 4.3400e-01],
          [5.4275e-01, 9.3574e-01, 1.1239e-01,  ..., 5.3124e-01,
           5.5520e-01, 4.3728e-01],
          [7.1565e-01, 5.9373e-02, 2.7459e-01,  ..., 2.2727e-01,
           8.7988e-01, 6.4577e-01]],

         [[5.8147e-03, 8.7915e-01, 6.3089e-01,  ..., 3.9107e-01,
           3.1452e-02, 9.8723e-01],
          [3.7297e-01, 4.9730e-01, 6.8704e-01,  ..., 4.3655e-01,
           8.8592e-01, 7.0561e-01],
          [2.5476e-01, 6.1063e-01, 9.7768e-02,  ..., 8.3092e-01,
           2.0799e-01, 6.1006e-01],
          ...,
          [1.8744e-01, 3.1457e-01, 1.5916e-02,  ..., 6.2557e-01,
           8.1205e-02, 5.5967e-01],
          [9.5496e-01, 4.7473e-01, 9.4823e-01,  ..., 8.5550e-01,
           1.5231e-01, 1.3518e-01],
          [1.6507e-01, 2.5023e-01, 1.4032e-01,  ..., 6.5629e-01,
           8.7079e-01, 6.7973e-01]],

         ...,

         [[6.8942e-01, 9.3233e-01, 9.5249e-01,  ..., 4.1003e-01,
           3.3657e-01, 4.9724e-01],
          [1.7923e-01, 4.3471e-01, 8.6663e-01,  ..., 2.2098e-01,
           6.5247e-01, 9.0661e-01],
          [5.8678e-02, 6.9610e-01, 7.3320e-01,  ..., 6.1649e-01,
           9.1587e-01, 6.2882e-01],
          ...,
          [3.4448e-01, 5.6287e-01, 1.8696e-01,  ..., 9.0696e-01,
           9.3314e-02, 7.9869e-01],
          [5.2068e-01, 8.7129e-01, 1.5375e-01,  ..., 1.0635e-01,
           3.0076e-01, 2.8045e-01],
          [6.4391e-01, 9.4378e-01, 7.3182e-01,  ..., 3.8636e-01,
           3.3512e-01, 7.9507e-01]],

         [[7.1226e-01, 7.9448e-03, 8.4366e-01,  ..., 9.6608e-02,
           3.9215e-01, 7.9310e-01],
          [7.7180e-01, 2.7486e-01, 7.7565e-01,  ..., 6.0470e-01,
           2.0093e-01, 3.6049e-01],
          [7.1876e-01, 4.9894e-02, 8.5391e-01,  ..., 4.7431e-01,
           3.9790e-01, 4.0666e-01],
          ...,
          [9.2614e-01, 5.4255e-02, 7.3458e-01,  ..., 3.7096e-01,
           7.5624e-01, 1.8784e-01],
          [3.8409e-01, 1.1596e-01, 2.0719e-01,  ..., 8.9953e-01,
           1.9195e-01, 9.6462e-01],
          [7.9116e-01, 8.3018e-02, 1.2325e-01,  ..., 7.7854e-01,
           4.6361e-01, 7.1984e-01]],

         [[6.6883e-01, 3.9037e-02, 1.9106e-01,  ..., 3.4980e-01,
           8.2497e-01, 5.5155e-01],
          [3.7048e-01, 3.2569e-01, 4.0017e-02,  ..., 7.4808e-01,
           7.6962e-01, 8.1927e-01],
          [5.1544e-01, 6.6183e-01, 1.9789e-01,  ..., 2.4568e-01,
           4.4883e-01, 3.2643e-01],
          ...,
          [2.3829e-01, 4.4815e-01, 5.5408e-02,  ..., 6.1890e-01,
           3.5499e-01, 1.6721e-01],
          [9.1247e-01, 7.5905e-01, 2.5394e-01,  ..., 6.3705e-01,
           8.3101e-02, 7.6127e-01],
          [1.8808e-01, 6.6114e-01, 5.1378e-01,  ..., 1.8632e-01,
           9.9786e-01, 6.3969e-01]]],


        [[[3.2149e-01, 9.4826e-01, 5.2429e-01,  ..., 1.0589e-02,
           1.9647e-01, 1.6996e-01],
          [3.2124e-01, 6.6327e-01, 4.9737e-01,  ..., 8.5364e-01,
           2.1592e-01, 3.3848e-01],
          [9.9405e-01, 2.7639e-01, 3.0651e-01,  ..., 1.1153e-01,
           6.5992e-01, 1.9948e-01],
          ...,
          [3.3677e-01, 8.3427e-02, 3.0491e-01,  ..., 1.5562e-01,
           9.1567e-02, 6.1043e-01],
          [4.3588e-01, 9.8179e-02, 5.1636e-01,  ..., 4.5181e-01,
           2.7204e-01, 4.8738e-01],
          [2.1692e-01, 2.4021e-01, 5.3256e-01,  ..., 8.3409e-01,
           3.4950e-02, 6.0455e-01]],

         [[7.8543e-01, 4.6471e-03, 9.0286e-01,  ..., 3.4043e-01,
           5.3986e-01, 5.9865e-02],
          [1.9602e-01, 2.3631e-01, 4.0180e-01,  ..., 6.3885e-01,
           2.3288e-01, 6.9035e-02],
          [1.3353e-01, 9.5780e-01, 3.1937e-02,  ..., 9.1259e-01,
           9.7750e-01, 1.2168e-01],
          ...,
          [4.1238e-01, 7.1144e-01, 3.5113e-01,  ..., 6.7481e-01,
           2.1942e-01, 5.7300e-01],
          [2.5061e-01, 2.6214e-01, 4.2010e-01,  ..., 3.4803e-01,
           7.6646e-01, 1.3000e-01],
          [9.9775e-01, 7.0356e-02, 1.7944e-01,  ..., 3.8846e-01,
           4.8323e-01, 1.2915e-01]],

         [[5.9417e-01, 6.4178e-01, 2.2670e-01,  ..., 1.0271e-01,
           4.9600e-01, 5.4771e-01],
          [8.6175e-01, 9.8901e-01, 7.3860e-02,  ..., 3.0252e-01,
           8.6507e-01, 5.9925e-01],
          [3.4084e-01, 3.8221e-01, 8.6890e-01,  ..., 4.1272e-01,
           1.2120e-01, 9.0434e-01],
          ...,
          [2.5246e-02, 5.6787e-01, 2.7421e-01,  ..., 7.8427e-01,
           8.1636e-01, 9.6199e-01],
          [2.3331e-02, 5.0382e-02, 2.4399e-02,  ..., 2.2946e-01,
           5.4387e-01, 9.1252e-01],
          [7.6940e-01, 9.6780e-01, 6.5741e-01,  ..., 7.5876e-02,
           9.4729e-01, 7.7680e-01]],

         ...,

         [[3.4646e-01, 7.1302e-01, 9.8497e-01,  ..., 6.0559e-01,
           4.9610e-01, 4.3062e-01],
          [6.2631e-01, 6.3503e-01, 9.0187e-01,  ..., 7.6883e-01,
           7.1016e-01, 7.5458e-01],
          [3.2789e-01, 3.0049e-01, 4.7797e-01,  ..., 3.5430e-01,
           1.3967e-01, 3.0357e-01],
          ...,
          [6.0207e-01, 8.7342e-01, 1.3756e-01,  ..., 8.4519e-02,
           1.8295e-01, 5.1836e-01],
          [2.0779e-02, 5.9490e-01, 7.0343e-02,  ..., 6.2484e-02,
           5.4310e-01, 5.4590e-01],
          [2.0417e-01, 8.4039e-01, 4.6355e-01,  ..., 6.9161e-02,
           4.6091e-01, 3.9425e-01]],

         [[9.3114e-01, 4.6716e-02, 2.7602e-01,  ..., 7.2024e-01,
           5.7453e-04, 2.5963e-02],
          [7.9317e-03, 7.8056e-01, 4.8357e-01,  ..., 4.0699e-02,
           3.4165e-01, 1.2406e-01],
          [5.0652e-01, 1.0237e-01, 5.6975e-01,  ..., 4.9029e-01,
           8.0780e-01, 8.3929e-01],
          ...,
          [7.1912e-01, 8.9256e-01, 2.2152e-01,  ..., 4.9977e-01,
           5.5678e-01, 4.1564e-01],
          [9.0176e-01, 1.5305e-01, 3.1591e-01,  ..., 9.1878e-02,
           5.6698e-02, 2.2870e-02],
          [4.5300e-01, 1.3726e-01, 4.3254e-01,  ..., 1.6999e-01,
           6.1477e-01, 1.1823e-02]],

         [[4.2293e-01, 7.2915e-01, 7.1002e-01,  ..., 9.0348e-01,
           7.4624e-01, 4.9602e-01],
          [6.0563e-01, 9.4779e-01, 6.0125e-01,  ..., 1.9015e-01,
           2.2411e-01, 7.0162e-01],
          [5.1382e-02, 8.2462e-01, 1.1400e-01,  ..., 7.6620e-01,
           4.1165e-01, 5.4718e-02],
          ...,
          [7.8212e-02, 5.4326e-02, 7.5216e-01,  ..., 4.1081e-01,
           6.0453e-01, 7.9943e-02],
          [4.3952e-01, 4.9822e-01, 5.1710e-01,  ..., 5.8034e-02,
           3.2286e-01, 4.1037e-01],
          [7.6046e-02, 2.5849e-02, 2.7222e-02,  ..., 4.2859e-01,
           1.1029e-01, 2.9812e-01]]],


        [[[6.6004e-02, 6.5448e-01, 7.5757e-01,  ..., 1.1957e-01,
           8.9388e-01, 7.4006e-01],
          [5.4631e-01, 4.2963e-01, 6.9007e-01,  ..., 2.7863e-01,
           1.1479e-02, 7.7352e-01],
          [6.3541e-01, 9.3092e-02, 8.3621e-01,  ..., 9.6120e-02,
           2.6754e-01, 8.9297e-01],
          ...,
          [9.1122e-01, 3.7365e-01, 3.1274e-01,  ..., 6.4970e-01,
           3.1417e-01, 7.7425e-01],
          [2.2047e-01, 1.0652e-01, 9.5222e-01,  ..., 2.1804e-01,
           4.9872e-01, 3.1920e-01],
          [5.3896e-01, 3.8442e-01, 2.3988e-01,  ..., 8.2377e-01,
           2.2527e-01, 7.8497e-01]],

         [[6.0116e-01, 6.7678e-01, 9.4860e-01,  ..., 9.2217e-01,
           7.0058e-01, 5.7438e-02],
          [3.8012e-02, 4.6966e-01, 8.5774e-01,  ..., 9.2047e-02,
           6.7081e-01, 8.6519e-01],
          [1.6311e-01, 8.2370e-01, 8.7188e-01,  ..., 7.7862e-01,
           4.2130e-01, 4.6183e-01],
          ...,
          [6.7480e-01, 7.7377e-01, 3.3271e-01,  ..., 7.1804e-01,
           4.5506e-02, 7.7405e-02],
          [3.9424e-01, 2.5667e-01, 3.1170e-01,  ..., 6.1836e-01,
           7.9868e-01, 4.4265e-01],
          [2.4628e-01, 7.7783e-01, 6.1465e-01,  ..., 5.7954e-01,
           3.7376e-01, 7.3935e-01]],

         [[2.3827e-02, 5.7342e-01, 6.3013e-01,  ..., 3.2078e-01,
           7.8153e-01, 1.1050e-01],
          [8.6265e-01, 5.4937e-01, 9.0432e-01,  ..., 1.1924e-01,
           9.8383e-01, 1.4447e-01],
          [7.8650e-01, 8.6658e-02, 8.9886e-01,  ..., 8.4317e-02,
           4.9038e-01, 4.6346e-01],
          ...,
          [3.0075e-01, 6.9313e-01, 6.8858e-01,  ..., 1.3375e-02,
           5.8796e-01, 1.3005e-01],
          [9.9989e-01, 5.7434e-01, 6.5810e-01,  ..., 2.6703e-01,
           4.2491e-01, 6.5506e-02],
          [2.0163e-01, 4.4402e-01, 9.4869e-01,  ..., 9.4890e-01,
           4.2957e-01, 8.5490e-01]],

         ...,

         [[1.7411e-01, 9.6908e-01, 9.8945e-01,  ..., 6.9453e-01,
           4.4041e-01, 6.9227e-01],
          [7.6493e-01, 8.2164e-01, 2.5790e-01,  ..., 4.7450e-01,
           7.1436e-01, 8.7987e-01],
          [7.3518e-01, 5.3663e-01, 6.8151e-01,  ..., 6.2426e-01,
           9.3824e-01, 1.2630e-01],
          ...,
          [9.3511e-01, 7.9628e-01, 2.7689e-01,  ..., 4.7256e-02,
           8.0047e-01, 9.4723e-01],
          [9.2906e-01, 8.5487e-01, 2.7088e-01,  ..., 5.9808e-01,
           9.8837e-01, 6.6536e-01],
          [3.3972e-01, 8.9361e-01, 6.1234e-01,  ..., 5.7574e-01,
           2.9086e-01, 7.8214e-01]],

         [[3.3269e-02, 4.7046e-01, 8.1015e-01,  ..., 5.2441e-01,
           3.8750e-01, 7.3913e-01],
          [7.3958e-01, 4.2279e-01, 3.4453e-01,  ..., 6.3714e-01,
           4.4055e-01, 4.8189e-01],
          [3.4558e-01, 3.5408e-02, 3.4133e-02,  ..., 1.8348e-01,
           9.2079e-01, 6.0648e-01],
          ...,
          [5.8707e-01, 6.8233e-01, 8.5383e-01,  ..., 1.1810e-01,
           9.7572e-01, 7.5428e-02],
          [4.8157e-02, 8.5239e-01, 8.4307e-01,  ..., 6.8496e-01,
           4.3046e-01, 4.7139e-01],
          [3.0250e-01, 5.9378e-01, 4.7872e-01,  ..., 7.2616e-02,
           6.8120e-01, 1.1537e-01]],

         [[1.8490e-01, 1.3319e-01, 9.5222e-01,  ..., 8.6561e-01,
           1.6253e-01, 1.7278e-03],
          [7.8701e-01, 9.2020e-01, 2.6630e-01,  ..., 2.7900e-01,
           9.5460e-01, 5.4057e-01],
          [8.2539e-01, 1.2204e-01, 6.1220e-01,  ..., 9.3993e-01,
           5.0264e-01, 5.8700e-01],
          ...,
          [2.3319e-01, 3.4387e-01, 8.0092e-01,  ..., 2.7518e-01,
           5.9610e-01, 3.0115e-01],
          [5.8986e-01, 3.4270e-02, 2.6822e-01,  ..., 3.0946e-01,
           3.1552e-01, 2.2016e-01],
          [9.0603e-01, 8.2496e-01, 2.7734e-01,  ..., 1.2443e-01,
           3.1499e-01, 8.1941e-01]]],


        ...,


        [[[5.8699e-01, 7.6786e-02, 7.1650e-01,  ..., 2.2086e-01,
           2.4736e-01, 7.0153e-01],
          [3.3911e-02, 5.5285e-01, 9.3084e-01,  ..., 9.1430e-01,
           3.4964e-01, 5.1944e-01],
          [1.2096e-01, 1.5103e-01, 5.0436e-01,  ..., 5.9785e-01,
           7.4272e-01, 2.2184e-01],
          ...,
          [1.2388e-02, 3.6259e-01, 9.7039e-01,  ..., 4.2894e-01,
           3.4835e-02, 2.7890e-01],
          [3.1573e-01, 2.6328e-01, 4.5816e-01,  ..., 4.0310e-01,
           7.5998e-02, 5.9784e-01],
          [3.4531e-01, 8.9608e-01, 1.6491e-02,  ..., 2.2046e-02,
           2.0205e-02, 9.4385e-01]],

         [[1.8221e-01, 7.9462e-01, 8.7228e-01,  ..., 3.9745e-02,
           6.9720e-01, 4.2920e-02],
          [9.6840e-01, 7.7680e-01, 2.8589e-01,  ..., 9.6938e-01,
           2.4130e-01, 8.2225e-01],
          [4.2251e-01, 2.7337e-01, 3.5190e-01,  ..., 4.4918e-01,
           7.6196e-01, 5.2110e-02],
          ...,
          [5.9076e-01, 8.5069e-01, 4.5769e-01,  ..., 4.4703e-01,
           2.2459e-02, 6.5124e-01],
          [4.0576e-01, 9.9944e-01, 1.3789e-01,  ..., 1.4331e-01,
           1.1434e-01, 6.9431e-02],
          [1.6200e-01, 9.6132e-01, 8.8320e-01,  ..., 6.9085e-01,
           4.1339e-01, 6.8251e-01]],

         [[1.0320e-01, 9.8228e-01, 5.8174e-01,  ..., 9.1438e-01,
           7.4501e-02, 3.1626e-01],
          [7.5756e-01, 4.1392e-01, 3.6158e-01,  ..., 3.6310e-01,
           6.2718e-01, 8.3566e-01],
          [8.3352e-01, 9.7608e-01, 7.4170e-01,  ..., 1.1687e-01,
           6.7076e-01, 1.1967e-01],
          ...,
          [6.1134e-01, 3.1372e-01, 8.2752e-01,  ..., 2.9065e-01,
           6.5280e-01, 3.1491e-01],
          [9.8213e-01, 6.7607e-01, 4.5308e-01,  ..., 2.9350e-01,
           5.7750e-01, 9.3307e-01],
          [4.2365e-01, 3.0737e-01, 9.9949e-01,  ..., 7.7067e-01,
           3.2922e-01, 3.0132e-01]],

         ...,

         [[3.1454e-01, 6.9850e-01, 5.8952e-01,  ..., 8.3941e-02,
           4.3438e-02, 4.7346e-01],
          [3.2807e-01, 9.8909e-01, 7.3022e-01,  ..., 3.2412e-01,
           4.2937e-01, 1.1262e-01],
          [4.1185e-01, 5.9937e-01, 2.2176e-01,  ..., 3.4858e-01,
           9.1942e-01, 8.8712e-01],
          ...,
          [9.8856e-01, 4.0805e-02, 9.2565e-01,  ..., 5.6158e-01,
           3.0605e-01, 2.0510e-01],
          [7.9251e-01, 9.7391e-01, 5.6029e-01,  ..., 5.6323e-01,
           4.8315e-01, 4.9591e-01],
          [3.3123e-01, 5.2408e-01, 2.1621e-01,  ..., 7.1327e-01,
           8.6484e-01, 8.1726e-01]],

         [[5.5355e-02, 5.4476e-01, 5.9641e-01,  ..., 2.8555e-01,
           4.7283e-01, 2.8471e-01],
          [6.5905e-02, 8.7523e-01, 3.2786e-01,  ..., 2.9555e-01,
           1.4002e-02, 1.3034e-01],
          [7.2141e-01, 2.4573e-01, 4.6655e-01,  ..., 8.2628e-01,
           2.5099e-01, 6.5080e-01],
          ...,
          [8.4272e-01, 6.3729e-01, 5.7009e-01,  ..., 3.3128e-01,
           2.9739e-01, 9.1097e-01],
          [2.4651e-01, 3.9234e-01, 3.9426e-02,  ..., 4.8754e-01,
           3.2854e-02, 5.2493e-01],
          [1.9550e-01, 2.0653e-01, 1.8612e-01,  ..., 5.3301e-02,
           1.5831e-01, 2.0020e-02]],

         [[6.3314e-03, 1.7613e-01, 7.9209e-02,  ..., 7.7928e-01,
           9.6165e-01, 1.6232e-01],
          [1.7935e-01, 4.7454e-01, 5.1156e-01,  ..., 9.2151e-01,
           2.7817e-01, 1.9213e-01],
          [7.8209e-01, 6.1113e-01, 3.2299e-01,  ..., 5.2425e-01,
           4.9317e-01, 6.6314e-01],
          ...,
          [2.4192e-01, 5.0344e-01, 3.5339e-01,  ..., 7.9021e-01,
           2.7473e-01, 5.3292e-01],
          [1.1383e-01, 5.5274e-01, 3.6188e-01,  ..., 2.8989e-01,
           4.5809e-01, 3.9568e-02],
          [9.4228e-01, 6.9083e-01, 2.9614e-01,  ..., 6.5962e-01,
           3.3622e-01, 1.9096e-02]]],


        [[[1.9134e-01, 5.6078e-01, 7.9387e-01,  ..., 9.2721e-01,
           9.4946e-02, 6.4416e-01],
          [5.0120e-01, 7.8633e-01, 6.7948e-01,  ..., 1.3802e-01,
           5.5083e-01, 1.4626e-01],
          [8.2730e-01, 1.8834e-01, 3.9973e-01,  ..., 3.9760e-01,
           5.2345e-01, 7.7783e-01],
          ...,
          [8.9794e-02, 8.7563e-01, 7.5225e-02,  ..., 2.1291e-01,
           4.9278e-01, 3.8410e-01],
          [4.6279e-01, 9.9166e-01, 1.4754e-01,  ..., 6.7738e-01,
           8.7759e-01, 3.2135e-01],
          [7.7484e-01, 7.5277e-01, 5.8132e-01,  ..., 8.8323e-01,
           6.7356e-01, 2.9273e-01]],

         [[1.2161e-01, 5.6599e-02, 5.4697e-01,  ..., 9.8507e-01,
           8.4829e-02, 1.6651e-01],
          [5.6335e-02, 3.3879e-01, 4.7807e-01,  ..., 4.1404e-01,
           1.9074e-01, 3.5538e-01],
          [8.2374e-01, 1.6801e-01, 7.2050e-01,  ..., 4.0830e-01,
           5.5242e-01, 9.4578e-01],
          ...,
          [8.6795e-01, 3.3401e-01, 8.4548e-01,  ..., 8.2280e-01,
           9.4909e-01, 7.0620e-01],
          [1.7260e-01, 6.0912e-01, 4.9693e-01,  ..., 5.7491e-01,
           3.9340e-01, 5.8601e-01],
          [9.6324e-01, 9.8175e-03, 9.3317e-01,  ..., 7.7809e-02,
           3.2569e-01, 7.5352e-01]],

         [[3.1808e-01, 3.1262e-02, 7.7302e-01,  ..., 7.9079e-01,
           5.5556e-01, 1.2782e-01],
          [9.8304e-01, 5.8440e-01, 1.7262e-02,  ..., 6.4942e-01,
           7.3609e-01, 8.1983e-01],
          [4.5031e-01, 6.2169e-01, 8.1690e-01,  ..., 8.2430e-03,
           9.6362e-01, 7.8244e-01],
          ...,
          [7.9982e-01, 9.2053e-01, 5.6595e-01,  ..., 5.3747e-01,
           6.4072e-01, 7.8217e-01],
          [5.9404e-01, 8.8898e-01, 7.2070e-01,  ..., 4.7959e-01,
           5.3791e-01, 6.6225e-01],
          [3.5384e-01, 8.7587e-01, 4.6398e-01,  ..., 8.5277e-01,
           7.5436e-01, 7.6119e-02]],

         ...,

         [[3.2034e-01, 9.9050e-01, 5.9344e-01,  ..., 1.7571e-01,
           4.7816e-01, 3.2486e-01],
          [8.2764e-01, 1.8713e-01, 3.0451e-01,  ..., 2.2239e-01,
           4.2164e-01, 3.7176e-01],
          [5.6191e-01, 7.8675e-01, 9.7286e-01,  ..., 3.6522e-01,
           4.9980e-01, 7.3280e-01],
          ...,
          [8.2714e-01, 5.1090e-01, 3.6413e-03,  ..., 9.5883e-01,
           3.2027e-01, 8.4196e-01],
          [1.0855e-01, 4.2891e-01, 4.6512e-01,  ..., 6.1150e-01,
           4.5226e-01, 5.1827e-01],
          [1.8361e-01, 9.7784e-01, 8.0729e-01,  ..., 1.8189e-01,
           9.7529e-01, 1.2651e-01]],

         [[6.7933e-01, 4.8659e-01, 3.8302e-01,  ..., 7.5016e-01,
           8.5318e-01, 8.8211e-01],
          [7.1329e-01, 5.3167e-01, 1.8996e-02,  ..., 7.3607e-01,
           4.8754e-01, 1.8734e-01],
          [9.1747e-01, 6.8101e-01, 3.2337e-01,  ..., 8.8474e-01,
           5.3823e-01, 5.1035e-03],
          ...,
          [1.3359e-01, 8.4304e-02, 8.5200e-01,  ..., 3.7094e-01,
           7.4283e-01, 2.2720e-01],
          [8.3013e-01, 4.1853e-01, 9.2050e-01,  ..., 2.5185e-01,
           8.3266e-02, 5.7823e-01],
          [9.4395e-02, 2.1727e-01, 4.3578e-01,  ..., 9.8241e-01,
           8.8139e-01, 8.6027e-01]],

         [[7.7814e-01, 6.9496e-01, 7.9883e-01,  ..., 7.4841e-01,
           8.7408e-01, 7.9225e-01],
          [1.3140e-02, 7.5064e-01, 5.5417e-01,  ..., 2.1519e-01,
           9.1761e-02, 9.9785e-02],
          [1.7170e-02, 2.7493e-01, 8.9657e-02,  ..., 6.0348e-02,
           8.2903e-01, 4.2789e-01],
          ...,
          [6.3526e-01, 6.1198e-01, 6.4567e-01,  ..., 8.0581e-01,
           1.4324e-01, 6.1010e-01],
          [9.7939e-01, 8.6550e-01, 4.6121e-01,  ..., 9.2898e-01,
           1.2363e-01, 7.4282e-01],
          [8.3453e-01, 1.9704e-01, 8.5400e-02,  ..., 2.3277e-01,
           4.3527e-02, 8.9738e-01]]],


        [[[9.8970e-01, 9.8388e-01, 9.2056e-01,  ..., 3.2380e-01,
           2.1847e-01, 6.6529e-01],
          [6.9821e-01, 3.0294e-02, 2.6784e-01,  ..., 2.8312e-01,
           1.0509e-01, 1.6588e-02],
          [6.9009e-01, 2.8999e-01, 2.3211e-01,  ..., 6.9942e-01,
           4.7125e-01, 4.5355e-01],
          ...,
          [5.0516e-01, 7.5880e-01, 5.8536e-01,  ..., 6.5094e-01,
           6.1789e-01, 7.2841e-01],
          [4.8046e-02, 2.5640e-01, 8.6455e-01,  ..., 2.1945e-01,
           8.0559e-01, 7.9836e-01],
          [3.2916e-01, 2.6215e-03, 1.0235e-02,  ..., 2.4561e-01,
           7.0676e-01, 9.2006e-01]],

         [[7.1794e-01, 4.4140e-01, 7.4243e-01,  ..., 9.2897e-01,
           4.0118e-01, 6.8131e-01],
          [8.1074e-01, 3.3261e-01, 2.7827e-01,  ..., 1.8475e-01,
           1.2685e-02, 5.0294e-01],
          [7.9987e-01, 7.5447e-01, 8.8830e-01,  ..., 4.4881e-01,
           2.7268e-01, 7.3094e-01],
          ...,
          [1.9053e-01, 8.6501e-02, 4.1188e-01,  ..., 6.4241e-01,
           2.1941e-01, 8.5313e-01],
          [2.5478e-01, 7.7592e-01, 9.2871e-01,  ..., 2.2761e-01,
           9.1701e-01, 9.3559e-01],
          [7.4990e-01, 4.5125e-01, 5.2119e-01,  ..., 2.5127e-01,
           9.0879e-02, 9.1048e-01]],

         [[3.6224e-01, 9.4880e-01, 6.7843e-01,  ..., 6.7080e-01,
           3.7297e-01, 9.3999e-01],
          [7.0077e-02, 1.8530e-01, 6.7639e-01,  ..., 9.8583e-01,
           5.6012e-01, 5.5012e-02],
          [6.9880e-01, 6.2113e-01, 8.0262e-01,  ..., 4.3577e-01,
           2.1139e-01, 7.0938e-01],
          ...,
          [9.2472e-01, 4.0762e-01, 2.2868e-01,  ..., 1.5506e-02,
           3.5112e-01, 7.2241e-01],
          [5.6023e-01, 1.9818e-01, 3.1527e-01,  ..., 7.4732e-02,
           3.5910e-01, 9.4172e-01],
          [4.4840e-01, 2.5364e-01, 5.4008e-01,  ..., 9.6784e-01,
           9.0368e-01, 8.6119e-02]],

         ...,

         [[6.9027e-01, 2.5229e-01, 5.1583e-01,  ..., 3.7304e-01,
           4.5526e-02, 6.6688e-01],
          [6.6238e-01, 2.8623e-01, 3.2568e-01,  ..., 9.5302e-02,
           8.8271e-01, 4.9761e-01],
          [2.7534e-01, 4.4381e-01, 9.1540e-01,  ..., 3.0075e-01,
           9.1657e-01, 4.9652e-01],
          ...,
          [3.1831e-01, 3.2720e-01, 7.4362e-01,  ..., 3.8551e-01,
           4.0868e-01, 3.8737e-01],
          [2.9536e-02, 6.4051e-01, 5.5887e-01,  ..., 4.2949e-03,
           9.4286e-01, 2.7558e-01],
          [7.0137e-01, 1.9956e-02, 1.2044e-01,  ..., 2.4090e-02,
           7.7839e-01, 9.0502e-01]],

         [[6.7894e-01, 4.3245e-01, 8.5988e-01,  ..., 9.9077e-02,
           6.8182e-01, 6.7474e-01],
          [9.6902e-01, 4.4228e-01, 2.3490e-02,  ..., 1.8766e-01,
           7.5767e-01, 9.9161e-03],
          [4.4848e-01, 4.4915e-01, 7.9524e-01,  ..., 5.5236e-01,
           9.5048e-01, 1.9195e-01],
          ...,
          [5.3140e-01, 5.0686e-01, 1.6124e-01,  ..., 6.7334e-01,
           2.6297e-01, 3.2179e-01],
          [5.3063e-01, 9.0782e-01, 8.6332e-01,  ..., 6.6914e-01,
           4.7381e-01, 5.7201e-01],
          [6.1901e-01, 4.3734e-01, 9.2878e-01,  ..., 2.8499e-01,
           6.7680e-01, 5.2136e-01]],

         [[7.3318e-03, 2.8525e-01, 9.8685e-02,  ..., 6.4401e-01,
           4.5020e-01, 6.8897e-01],
          [1.7231e-01, 8.2536e-01, 2.8010e-01,  ..., 1.4358e-01,
           8.7579e-01, 7.7137e-02],
          [6.1426e-01, 4.9457e-01, 5.8572e-01,  ..., 2.0881e-01,
           7.8113e-01, 4.3264e-01],
          ...,
          [6.0752e-01, 3.7900e-01, 2.1132e-01,  ..., 2.2693e-01,
           9.9319e-01, 4.8921e-01],
          [5.5273e-01, 9.0664e-01, 1.4458e-01,  ..., 7.0542e-01,
           6.4018e-01, 6.0655e-01],
          [7.8186e-01, 1.9265e-01, 8.3874e-01,  ..., 1.8215e-01,
           7.3718e-01, 5.0945e-02]]]])
