tensor([[[[0.6777, 0.3380, 0.6925,  ..., 0.4747, 0.5193, 0.4024],
          [0.4683, 0.1718, 0.3180,  ..., 0.8282, 0.4218, 0.6970],
          [0.0291, 0.1033, 0.1640,  ..., 0.4731, 0.6741, 0.9794],
          ...,
          [0.5786, 0.9790, 0.0175,  ..., 0.2694, 0.6959, 0.1024],
          [0.8561, 0.5450, 0.2040,  ..., 0.4521, 0.0775, 0.9089],
          [0.7931, 0.3533, 0.9280,  ..., 0.0284, 0.4029, 0.4544]],

         [[0.7271, 0.3517, 0.4952,  ..., 0.5706, 0.0449, 0.1967],
          [0.9720, 0.7718, 0.5405,  ..., 0.7170, 0.3806, 0.8723],
          [0.5259, 0.8924, 0.1537,  ..., 0.4370, 0.3406, 0.6765],
          ...,
          [0.2136, 0.4549, 0.5887,  ..., 0.0769, 0.9517, 0.3736],
          [0.7529, 0.9953, 0.1706,  ..., 0.9586, 0.6474, 0.9542],
          [0.0300, 0.2558, 0.8283,  ..., 0.7608, 0.7717, 0.8697]],

         [[0.3234, 0.2371, 0.0123,  ..., 0.2952, 0.3359, 0.4459],
          [0.3206, 0.3128, 0.9575,  ..., 0.9284, 0.3684, 0.3672],
          [0.3515, 0.8737, 0.6724,  ..., 0.9345, 0.5064, 0.3579],
          ...,
          [0.0283, 0.3138, 0.9564,  ..., 0.1996, 0.6222, 0.9155],
          [0.6212, 0.1856, 0.9436,  ..., 0.0345, 0.1778, 0.2201],
          [0.9606, 0.3336, 0.3513,  ..., 0.1709, 0.5587, 0.2186]],

         ...,

         [[0.5911, 0.0350, 0.2872,  ..., 0.8932, 0.2735, 0.6194],
          [0.3872, 0.8680, 0.5767,  ..., 0.7275, 0.5971, 0.8060],
          [0.0831, 0.2882, 0.4151,  ..., 0.0261, 0.5722, 0.2871],
          ...,
          [0.7350, 0.1303, 0.8746,  ..., 0.3538, 0.0969, 0.1994],
          [0.6604, 0.8137, 0.5751,  ..., 0.6450, 0.4773, 0.4647],
          [0.3863, 0.8474, 0.3658,  ..., 0.6514, 0.2427, 0.4212]],

         [[0.0052, 0.8307, 0.1123,  ..., 0.7918, 0.6552, 0.6005],
          [0.9707, 0.7755, 0.9959,  ..., 0.1769, 0.9384, 0.1006],
          [0.2181, 0.9112, 0.7163,  ..., 0.5595, 0.6915, 0.5189],
          ...,
          [0.8630, 0.0549, 0.2536,  ..., 0.6033, 0.7525, 0.5097],
          [0.3649, 0.7051, 0.6212,  ..., 0.9159, 0.7521, 0.2827],
          [0.7197, 0.5771, 0.2596,  ..., 0.9817, 0.7514, 0.8467]],

         [[0.0376, 0.3038, 0.3361,  ..., 0.0587, 0.9913, 0.3818],
          [0.4075, 0.9590, 0.9311,  ..., 0.6777, 0.7898, 0.5302],
          [0.0379, 0.3647, 0.2277,  ..., 0.3668, 0.2689, 0.7597],
          ...,
          [0.3125, 0.4817, 0.1860,  ..., 0.9462, 0.8938, 0.9060],
          [0.8894, 0.0597, 0.5835,  ..., 0.6563, 0.4516, 0.1232],
          [0.8931, 0.9092, 0.9702,  ..., 0.8975, 0.8445, 0.9420]]],


        [[[0.3682, 0.9504, 0.3128,  ..., 0.9914, 0.1233, 0.6952],
          [0.7444, 0.8398, 0.0566,  ..., 0.8213, 0.0543, 0.8153],
          [0.8443, 0.5841, 0.9215,  ..., 0.8926, 0.7023, 0.7126],
          ...,
          [0.9770, 0.9188, 0.9370,  ..., 0.6038, 0.3813, 0.6512],
          [0.8650, 0.9853, 0.7147,  ..., 0.9106, 0.8855, 0.7476],
          [0.1152, 0.9964, 0.1023,  ..., 0.2856, 0.2903, 0.1627]],

         [[0.2961, 0.2180, 0.7665,  ..., 0.0140, 0.9542, 0.6806],
          [0.5962, 0.9819, 0.9972,  ..., 0.2127, 0.3249, 0.4050],
          [0.3012, 0.3564, 0.6346,  ..., 0.9947, 0.8435, 0.0014],
          ...,
          [0.3502, 0.3157, 0.8085,  ..., 0.4460, 0.3774, 0.2583],
          [0.8114, 0.4885, 0.5624,  ..., 0.0239, 0.1764, 0.1331],
          [0.7476, 0.6507, 0.2968,  ..., 0.0927, 0.4181, 0.2009]],

         [[0.8311, 0.9646, 0.4587,  ..., 0.5873, 0.5716, 0.6591],
          [0.8111, 0.7643, 0.6193,  ..., 0.9917, 0.6225, 0.6422],
          [0.0093, 0.1935, 0.9364,  ..., 0.6848, 0.3996, 0.6268],
          ...,
          [0.1177, 0.1277, 0.5071,  ..., 0.6170, 0.6681, 0.9957],
          [0.4210, 0.9467, 0.3793,  ..., 0.6828, 0.3046, 0.4820],
          [0.9581, 0.4507, 0.2554,  ..., 0.7312, 0.5014, 0.9776]],

         ...,

         [[0.0603, 0.1598, 0.1944,  ..., 0.9380, 0.0573, 0.2639],
          [0.5425, 0.3170, 0.3795,  ..., 0.5349, 0.9455, 0.2045],
          [0.6495, 0.2390, 0.7652,  ..., 0.5023, 0.7444, 0.7472],
          ...,
          [0.1741, 0.4533, 0.5074,  ..., 0.1786, 0.0300, 0.7958],
          [0.3664, 0.7857, 0.8890,  ..., 0.4956, 0.9200, 0.1766],
          [0.5657, 0.0721, 0.2699,  ..., 0.7648, 0.3331, 0.6170]],

         [[0.9707, 0.2619, 0.0101,  ..., 0.6888, 0.3353, 0.1908],
          [0.5580, 0.9221, 0.7680,  ..., 0.4643, 0.5381, 0.2819],
          [0.4821, 0.9303, 0.3445,  ..., 0.1703, 0.0538, 0.3080],
          ...,
          [0.1992, 0.6711, 0.4900,  ..., 0.9511, 0.5506, 0.6205],
          [0.3073, 0.9494, 0.4588,  ..., 0.0646, 0.8205, 0.8598],
          [0.6137, 0.5016, 0.3791,  ..., 0.6013, 0.7117, 0.5118]],

         [[0.7133, 0.2196, 0.1173,  ..., 0.1774, 0.6937, 0.2823],
          [0.6431, 0.4353, 0.5118,  ..., 0.2671, 0.6769, 0.7654],
          [0.9489, 0.1223, 0.4969,  ..., 0.6977, 0.2972, 0.1298],
          ...,
          [0.7981, 0.7045, 0.7719,  ..., 0.8810, 0.1399, 0.6680],
          [0.8046, 0.5949, 0.8152,  ..., 0.2305, 0.7861, 0.8392],
          [0.6049, 0.3255, 0.5277,  ..., 0.4408, 0.1049, 0.9783]]],


        [[[0.1494, 0.2158, 0.3611,  ..., 0.5056, 0.5206, 0.7479],
          [0.1922, 0.2586, 0.1728,  ..., 0.9772, 0.9132, 0.7253],
          [0.1551, 0.8795, 0.3024,  ..., 0.2896, 0.2989, 0.0829],
          ...,
          [0.1224, 0.5112, 0.8402,  ..., 0.0460, 0.8542, 0.6686],
          [0.8424, 0.4195, 0.5513,  ..., 0.5695, 0.8516, 0.5486],
          [0.5626, 0.6232, 0.3826,  ..., 0.8345, 0.3925, 0.3108]],

         [[0.5093, 0.8106, 0.8947,  ..., 0.8818, 0.2054, 0.6478],
          [0.2380, 0.3561, 0.6360,  ..., 0.1532, 0.9199, 0.4383],
          [0.2855, 0.9097, 0.5251,  ..., 0.1637, 0.9082, 0.7659],
          ...,
          [0.4950, 0.2853, 0.3902,  ..., 0.0862, 0.6754, 0.2440],
          [0.5331, 0.3852, 0.5723,  ..., 0.6234, 0.1463, 0.1749],
          [0.7079, 0.0629, 0.4782,  ..., 0.7652, 0.1496, 0.0857]],

         [[0.0179, 0.1343, 0.4128,  ..., 0.1845, 0.7041, 0.4659],
          [0.9973, 0.2500, 0.5729,  ..., 0.6039, 0.8581, 0.2685],
          [0.6099, 0.7448, 0.1518,  ..., 0.5415, 0.7896, 0.4037],
          ...,
          [0.7734, 0.0924, 0.7336,  ..., 0.7555, 0.4254, 0.0308],
          [0.0786, 0.8946, 0.5157,  ..., 0.4702, 0.3496, 0.1242],
          [0.6802, 0.7344, 0.7126,  ..., 0.6149, 0.1457, 0.5524]],

         ...,

         [[0.1253, 0.9374, 0.9835,  ..., 0.6901, 0.8693, 0.6159],
          [0.3625, 0.7346, 0.4384,  ..., 0.3310, 0.3675, 0.7880],
          [0.1679, 0.6368, 0.0096,  ..., 0.7796, 0.0503, 0.4817],
          ...,
          [0.1774, 0.5588, 0.1026,  ..., 0.6647, 0.9598, 0.1186],
          [0.9890, 0.6927, 0.8488,  ..., 0.3007, 0.5800, 0.8985],
          [0.7827, 0.6563, 0.6400,  ..., 0.7432, 0.0983, 0.3054]],

         [[0.7206, 0.7898, 0.3646,  ..., 0.5195, 0.6634, 0.4893],
          [0.0262, 0.5765, 0.3740,  ..., 0.4186, 0.3309, 0.4114],
          [0.2651, 0.8197, 0.2438,  ..., 0.7115, 0.8263, 0.1506],
          ...,
          [0.5087, 0.7070, 0.2472,  ..., 0.3208, 0.2855, 0.1341],
          [0.6451, 0.6170, 0.7930,  ..., 0.4923, 0.5421, 0.9213],
          [0.9083, 0.0701, 0.0830,  ..., 0.6538, 0.0946, 0.8273]],

         [[0.3296, 0.5757, 0.1801,  ..., 0.3309, 0.1053, 0.7199],
          [0.6970, 0.7128, 0.7404,  ..., 0.4125, 0.1144, 0.9298],
          [0.1951, 0.9804, 0.8943,  ..., 0.0218, 0.1182, 0.0170],
          ...,
          [0.9245, 0.3292, 0.8932,  ..., 0.1099, 0.5515, 0.8139],
          [0.5472, 0.7262, 0.2503,  ..., 0.2476, 0.7675, 0.0608],
          [0.7800, 0.2085, 0.9391,  ..., 0.2326, 0.4037, 0.4989]]],


        ...,


        [[[0.1607, 0.4118, 0.7270,  ..., 0.3997, 0.8936, 0.1485],
          [0.1376, 0.4058, 0.0626,  ..., 0.9107, 0.5606, 0.4547],
          [0.9490, 0.0578, 0.0661,  ..., 0.6051, 0.0583, 0.2241],
          ...,
          [0.8486, 0.3084, 0.5186,  ..., 0.4798, 0.4352, 0.2178],
          [0.7232, 0.5380, 0.6390,  ..., 0.5600, 0.9096, 0.9571],
          [0.5282, 0.5531, 0.8059,  ..., 0.6091, 0.3875, 0.5343]],

         [[0.2011, 0.6954, 0.4810,  ..., 0.4581, 0.4054, 0.8095],
          [0.2661, 0.2747, 0.9617,  ..., 0.2719, 0.0937, 0.2319],
          [0.7456, 0.9987, 0.5866,  ..., 0.1350, 0.0849, 0.1649],
          ...,
          [0.7961, 0.9601, 0.6027,  ..., 0.1008, 0.8610, 0.5506],
          [0.3938, 0.2784, 0.1345,  ..., 0.0394, 1.0000, 0.8167],
          [0.9512, 0.0852, 0.9537,  ..., 0.4584, 0.1502, 0.9361]],

         [[0.2858, 0.2221, 0.9286,  ..., 0.7529, 0.2879, 0.3090],
          [0.9098, 0.1674, 0.0012,  ..., 0.4352, 0.8118, 0.9679],
          [0.3200, 0.3575, 0.4971,  ..., 0.5973, 0.7962, 0.0151],
          ...,
          [0.7934, 0.9294, 0.1213,  ..., 0.0753, 0.4813, 0.4321],
          [0.0841, 0.4241, 0.4678,  ..., 0.5982, 0.5885, 0.1213],
          [0.6350, 0.9997, 0.4243,  ..., 0.5799, 0.6574, 0.5127]],

         ...,

         [[0.3821, 0.8057, 0.3395,  ..., 0.0510, 0.8284, 0.4667],
          [0.4670, 0.4665, 0.5160,  ..., 0.8553, 0.7595, 0.9084],
          [0.2127, 0.8091, 0.8270,  ..., 0.8725, 0.9281, 0.2097],
          ...,
          [0.2817, 0.3718, 0.9149,  ..., 0.1917, 0.9898, 0.4667],
          [0.3844, 0.3391, 0.9655,  ..., 0.7029, 0.2004, 0.1916],
          [0.3928, 0.7669, 0.4086,  ..., 0.5532, 0.9314, 0.1875]],

         [[0.5591, 0.2502, 0.8564,  ..., 0.8055, 0.8140, 0.9025],
          [0.1326, 0.9162, 0.7536,  ..., 0.8121, 0.6457, 0.0820],
          [0.4140, 0.8970, 0.0433,  ..., 0.2868, 0.7307, 0.1430],
          ...,
          [0.9715, 0.3253, 0.4216,  ..., 0.6954, 0.3846, 0.4270],
          [0.4706, 0.3264, 0.3338,  ..., 0.1725, 0.1220, 0.4966],
          [0.2977, 0.6530, 0.1026,  ..., 0.5674, 0.4859, 0.9862]],

         [[0.6993, 0.3923, 0.8617,  ..., 0.5754, 0.2013, 0.9162],
          [0.8576, 0.0020, 0.7395,  ..., 0.8469, 0.2248, 0.5140],
          [0.2977, 0.7768, 0.5205,  ..., 0.1022, 0.5816, 0.8769],
          ...,
          [0.5694, 0.1936, 0.7516,  ..., 0.9128, 0.4847, 0.3918],
          [0.9982, 0.3320, 0.4255,  ..., 0.2843, 0.6804, 0.7262],
          [0.2390, 0.3962, 0.2033,  ..., 0.5463, 0.1869, 0.2139]]],


        [[[0.6109, 0.3856, 0.2387,  ..., 0.3560, 0.4702, 0.7778],
          [0.8200, 0.3478, 0.5067,  ..., 0.3504, 0.0477, 0.2465],
          [0.4661, 0.7366, 0.5271,  ..., 0.8701, 0.6859, 0.7335],
          ...,
          [0.3805, 0.2587, 0.1555,  ..., 0.3744, 0.0845, 0.4926],
          [0.1514, 0.4510, 0.6159,  ..., 0.0456, 0.4171, 0.9589],
          [0.5392, 0.3563, 0.1368,  ..., 0.5580, 0.2089, 0.8365]],

         [[0.4014, 0.1137, 0.9182,  ..., 0.1713, 0.1149, 0.7093],
          [0.3485, 0.3212, 0.7178,  ..., 0.9169, 0.7142, 0.7792],
          [0.5201, 0.8941, 0.5565,  ..., 0.3174, 0.0446, 0.2996],
          ...,
          [0.7560, 0.2469, 0.0300,  ..., 0.3388, 0.1493, 0.7782],
          [0.8781, 0.8806, 0.3010,  ..., 0.4134, 0.0087, 0.4129],
          [0.8916, 0.2005, 0.3792,  ..., 0.3201, 0.3549, 0.4062]],

         [[0.3540, 0.9637, 0.2294,  ..., 0.7077, 0.8984, 0.9193],
          [0.7285, 0.1936, 0.3099,  ..., 0.7593, 0.6575, 0.1527],
          [0.9506, 0.9861, 0.2533,  ..., 0.5693, 0.5093, 0.2571],
          ...,
          [0.2487, 0.0244, 0.7518,  ..., 0.9774, 0.6459, 0.7328],
          [0.2918, 0.9480, 0.9947,  ..., 0.2607, 0.6263, 0.2228],
          [0.3831, 0.2058, 0.4182,  ..., 0.7963, 0.2206, 0.5366]],

         ...,

         [[0.9120, 0.8449, 0.9687,  ..., 0.9413, 0.6724, 0.4872],
          [0.2015, 0.7607, 0.9893,  ..., 0.6550, 0.0926, 0.0108],
          [0.0768, 0.4269, 0.3591,  ..., 0.0437, 0.3331, 0.8133],
          ...,
          [0.6168, 0.6984, 0.5853,  ..., 0.5090, 0.3835, 0.9274],
          [0.2593, 0.2878, 0.5334,  ..., 0.4748, 0.9024, 0.4745],
          [0.7388, 0.5247, 0.0530,  ..., 0.4024, 0.9170, 0.7993]],

         [[0.8977, 0.4532, 0.2858,  ..., 0.2231, 0.9506, 0.4065],
          [0.8062, 0.3119, 0.7530,  ..., 0.1064, 0.7496, 0.5888],
          [0.9365, 0.8509, 0.6238,  ..., 0.6467, 0.3288, 0.5692],
          ...,
          [0.7778, 0.1167, 0.2594,  ..., 0.3666, 0.6520, 0.9108],
          [0.2996, 0.1965, 0.9777,  ..., 0.1536, 0.6298, 0.5249],
          [0.8913, 0.2027, 0.3290,  ..., 0.1278, 0.9086, 0.8780]],

         [[0.1028, 0.0761, 0.4674,  ..., 0.3410, 0.6170, 0.6699],
          [0.6455, 0.0974, 0.9631,  ..., 0.6577, 0.3246, 0.8218],
          [0.9150, 0.4895, 0.9917,  ..., 0.0540, 0.1201, 0.7407],
          ...,
          [0.5902, 0.9666, 0.5568,  ..., 0.7159, 0.6645, 0.0535],
          [0.6916, 0.7656, 0.2657,  ..., 0.5489, 0.1976, 0.0100],
          [0.5169, 0.3427, 0.2293,  ..., 0.5153, 0.0405, 0.7837]]],


        [[[0.9267, 0.4161, 0.7784,  ..., 0.6743, 0.2198, 0.0602],
          [0.5406, 0.8285, 0.0126,  ..., 0.8199, 0.9405, 0.8759],
          [0.8056, 0.5305, 0.5694,  ..., 0.0606, 0.6938, 0.5669],
          ...,
          [0.3361, 0.3887, 0.9521,  ..., 0.3920, 0.0431, 0.0417],
          [0.9682, 0.4090, 0.7979,  ..., 0.9485, 0.1797, 0.2698],
          [0.2918, 0.7176, 0.5842,  ..., 0.1783, 0.8398, 0.2041]],

         [[0.3909, 0.5337, 0.8649,  ..., 0.0587, 0.4269, 0.3347],
          [0.9364, 0.4224, 0.0698,  ..., 0.5730, 0.5653, 0.6725],
          [0.5039, 0.8209, 0.4124,  ..., 0.4884, 0.7674, 0.0353],
          ...,
          [0.3384, 0.6786, 0.9367,  ..., 0.3294, 0.1408, 0.5988],
          [0.6846, 0.9933, 0.3914,  ..., 0.4120, 0.5965, 0.1061],
          [0.2140, 0.2201, 0.4429,  ..., 0.4556, 0.3391, 0.0280]],

         [[0.4754, 0.7198, 0.9169,  ..., 0.7520, 0.9280, 0.5835],
          [0.3953, 0.1317, 0.1738,  ..., 0.8470, 0.9450, 0.2221],
          [0.7062, 0.6234, 0.9694,  ..., 0.6803, 0.3804, 0.3854],
          ...,
          [0.2244, 0.4643, 0.3838,  ..., 0.2997, 0.3163, 0.6054],
          [0.1948, 0.6476, 0.9852,  ..., 0.2048, 0.4185, 0.5172],
          [0.3321, 0.3537, 0.0015,  ..., 0.2345, 0.7054, 0.3222]],

         ...,

         [[0.2548, 0.6937, 0.1334,  ..., 0.2772, 0.5362, 0.9132],
          [0.5573, 0.8150, 0.2770,  ..., 0.1280, 0.4134, 0.6969],
          [0.9408, 0.6578, 0.1578,  ..., 0.7266, 0.7005, 0.7077],
          ...,
          [0.8470, 0.2078, 0.5342,  ..., 0.5632, 0.3104, 0.9580],
          [0.3428, 0.5332, 0.6190,  ..., 0.2037, 0.3285, 0.0895],
          [0.5505, 0.3161, 0.2138,  ..., 0.4512, 0.1277, 0.5992]],

         [[0.8906, 0.9522, 0.8931,  ..., 0.8766, 0.0026, 0.1061],
          [0.2373, 0.5507, 0.1408,  ..., 0.9254, 0.0634, 0.3395],
          [0.0305, 0.6326, 0.9169,  ..., 0.8513, 0.5000, 0.5262],
          ...,
          [0.5687, 0.8876, 0.2419,  ..., 0.0366, 0.7072, 0.6891],
          [0.1817, 0.1985, 0.4657,  ..., 0.7399, 0.2029, 0.0163],
          [0.3009, 0.3737, 0.4558,  ..., 0.6539, 0.9788, 0.5162]],

         [[0.5724, 0.3378, 0.7480,  ..., 0.8927, 0.5424, 0.5415],
          [0.0944, 0.0378, 0.7179,  ..., 0.7856, 0.9950, 0.1499],
          [0.1145, 0.5978, 0.4731,  ..., 0.2515, 0.8624, 0.2051],
          ...,
          [0.4451, 0.3209, 0.3567,  ..., 0.5210, 0.5770, 0.9494],
          [0.0583, 0.9164, 0.4894,  ..., 0.0647, 0.1098, 0.1558],
          [0.6671, 0.9274, 0.8170,  ..., 0.5985, 0.8141, 0.3659]]]])
