tensor([[[[7.8931e-02, 9.6519e-01, 3.4262e-01,  ..., 7.5764e-01,
           6.5211e-01, 1.3403e-01],
          [5.0675e-01, 9.6939e-01, 9.8952e-01,  ..., 8.7171e-01,
           5.8665e-02, 5.5677e-01],
          [1.8065e-02, 7.4961e-01, 1.9464e-01,  ..., 8.8741e-01,
           3.8649e-01, 6.9572e-01],
          ...,
          [8.1672e-01, 6.4368e-01, 3.8575e-02,  ..., 2.8953e-01,
           3.4870e-02, 9.7261e-01],
          [5.9064e-01, 7.3086e-01, 9.9158e-01,  ..., 1.7742e-02,
           9.6952e-01, 2.9471e-01],
          [1.5548e-01, 8.4186e-01, 5.4112e-01,  ..., 9.6815e-02,
           5.4252e-01, 8.2181e-01]],

         [[3.6359e-04, 4.4594e-01, 9.4749e-01,  ..., 7.9571e-01,
           5.9676e-01, 9.1520e-01],
          [1.0034e-01, 3.5307e-01, 8.9333e-01,  ..., 2.4724e-01,
           2.4562e-01, 7.4997e-01],
          [7.0294e-01, 2.9492e-01, 4.3275e-02,  ..., 9.9713e-01,
           2.3393e-01, 6.3891e-01],
          ...,
          [1.9122e-01, 8.3233e-01, 5.7875e-01,  ..., 5.0227e-02,
           1.2249e-02, 7.6525e-01],
          [2.4517e-01, 3.9457e-01, 8.5733e-01,  ..., 9.3674e-01,
           9.2770e-01, 4.6569e-01],
          [9.6461e-01, 6.7134e-01, 9.6034e-01,  ..., 4.7478e-01,
           9.3058e-02, 8.9739e-01]],

         [[6.7034e-01, 6.2138e-01, 8.7954e-01,  ..., 9.1281e-01,
           9.9269e-01, 6.4501e-01],
          [8.5059e-01, 2.6472e-01, 5.1909e-01,  ..., 5.7481e-01,
           5.8967e-01, 2.7888e-01],
          [8.1886e-01, 6.5720e-01, 5.0226e-01,  ..., 7.5556e-01,
           4.0066e-01, 3.8381e-01],
          ...,
          [8.3277e-01, 8.7344e-01, 8.2869e-01,  ..., 7.1885e-01,
           9.5505e-01, 1.3112e-01],
          [5.2213e-01, 5.0537e-01, 7.7789e-01,  ..., 6.7129e-01,
           1.6970e-01, 7.1390e-01],
          [3.8203e-01, 9.7023e-01, 4.3145e-01,  ..., 1.3713e-02,
           9.7341e-01, 8.3295e-02]],

         ...,

         [[7.5430e-02, 2.7117e-02, 6.8858e-01,  ..., 1.8740e-04,
           4.8716e-01, 4.0530e-01],
          [9.0133e-01, 6.3220e-02, 7.2714e-01,  ..., 9.4552e-01,
           9.1141e-01, 1.2341e-01],
          [9.8051e-02, 9.6927e-01, 7.3835e-01,  ..., 1.1509e-01,
           1.1524e-01, 9.2699e-02],
          ...,
          [2.6810e-01, 9.8439e-01, 3.8773e-01,  ..., 6.2575e-01,
           4.6625e-01, 2.2044e-01],
          [7.2629e-01, 6.5527e-02, 1.2426e-01,  ..., 3.6572e-01,
           1.1608e-01, 1.8930e-01],
          [5.4999e-01, 1.1213e-01, 7.4077e-01,  ..., 9.2542e-01,
           7.3625e-01, 7.9553e-01]],

         [[3.0954e-01, 8.4504e-01, 3.6836e-01,  ..., 8.5002e-01,
           7.0726e-01, 4.0329e-02],
          [3.4575e-01, 2.8133e-01, 9.2359e-01,  ..., 1.2525e-01,
           8.5250e-01, 5.5630e-01],
          [5.3225e-02, 9.2241e-01, 2.5440e-01,  ..., 1.8204e-01,
           2.5055e-01, 9.4522e-01],
          ...,
          [9.6579e-01, 6.6256e-01, 7.5434e-02,  ..., 8.0408e-01,
           6.1907e-01, 4.9094e-01],
          [5.5457e-01, 4.7436e-01, 1.0965e-01,  ..., 7.7248e-02,
           5.8369e-01, 2.3737e-01],
          [7.9204e-01, 1.7568e-01, 5.7225e-01,  ..., 5.1202e-01,
           2.7678e-01, 4.5970e-01]],

         [[2.7527e-01, 8.8400e-01, 4.1204e-02,  ..., 9.0277e-01,
           3.2114e-01, 3.2866e-01],
          [4.1998e-02, 1.7117e-01, 7.1282e-01,  ..., 4.0409e-01,
           4.2841e-01, 2.3583e-01],
          [1.8755e-01, 1.2835e-01, 9.4117e-01,  ..., 5.0582e-01,
           1.6354e-01, 3.1646e-01],
          ...,
          [5.6131e-01, 5.7645e-01, 4.4579e-01,  ..., 4.4486e-01,
           9.5958e-01, 2.1570e-01],
          [4.0130e-01, 1.1469e-01, 2.8881e-01,  ..., 8.8587e-01,
           6.4680e-01, 6.3595e-01],
          [4.7117e-01, 3.2649e-01, 9.5698e-01,  ..., 4.1147e-01,
           4.6411e-01, 1.2462e-02]]],


        [[[8.7860e-01, 8.4601e-01, 8.5963e-01,  ..., 8.8923e-01,
           7.6738e-01, 3.9088e-01],
          [5.6379e-02, 9.3417e-01, 3.3175e-01,  ..., 9.4692e-01,
           5.4044e-01, 3.8083e-01],
          [2.4524e-01, 9.0006e-01, 1.8598e-01,  ..., 8.0102e-01,
           4.1671e-01, 1.2353e-01],
          ...,
          [4.5303e-01, 5.9734e-01, 7.1320e-01,  ..., 9.9907e-01,
           8.8665e-01, 9.4049e-01],
          [6.3421e-01, 8.8575e-01, 9.4187e-01,  ..., 9.1924e-01,
           7.9614e-01, 3.9876e-01],
          [3.3535e-02, 4.6368e-01, 8.5256e-01,  ..., 1.4770e-01,
           5.0787e-01, 4.1183e-01]],

         [[4.8068e-01, 5.6727e-02, 6.4709e-01,  ..., 3.8683e-02,
           6.2805e-01, 9.0124e-01],
          [2.0312e-01, 1.1624e-01, 3.4179e-02,  ..., 6.7918e-01,
           2.5990e-01, 7.7406e-01],
          [3.3318e-01, 2.8353e-01, 8.8581e-01,  ..., 2.0833e-01,
           6.7317e-01, 1.1435e-01],
          ...,
          [3.3474e-01, 8.1097e-02, 8.3286e-01,  ..., 9.7561e-01,
           6.1655e-01, 5.2452e-01],
          [7.9171e-01, 2.4387e-01, 8.0497e-01,  ..., 8.7177e-01,
           7.9495e-01, 4.2328e-02],
          [9.0473e-01, 2.5576e-01, 7.5498e-01,  ..., 1.9252e-01,
           3.4596e-01, 6.2720e-01]],

         [[8.4480e-01, 4.4484e-01, 1.2942e-01,  ..., 4.1127e-01,
           1.2402e-01, 7.9293e-01],
          [8.4648e-01, 8.2306e-01, 7.2543e-01,  ..., 4.5729e-01,
           6.7425e-01, 7.6228e-01],
          [8.0808e-01, 1.7806e-01, 3.4998e-01,  ..., 4.7092e-01,
           3.5850e-01, 9.0008e-02],
          ...,
          [4.8392e-02, 2.3503e-01, 6.4675e-01,  ..., 5.1952e-01,
           3.7615e-01, 8.4966e-01],
          [9.8121e-01, 6.2387e-01, 3.9559e-01,  ..., 7.7879e-02,
           7.7426e-01, 7.2121e-01],
          [3.4296e-01, 8.1102e-01, 7.3472e-01,  ..., 1.4463e-01,
           9.5254e-01, 3.7635e-01]],

         ...,

         [[1.7093e-01, 2.4399e-01, 7.2020e-01,  ..., 6.3875e-01,
           5.3024e-01, 3.3060e-01],
          [5.2454e-01, 2.0404e-01, 5.8792e-01,  ..., 1.0707e-01,
           5.0652e-01, 7.5238e-01],
          [7.1425e-02, 8.3413e-02, 8.1922e-01,  ..., 5.2020e-01,
           5.7931e-01, 5.1718e-01],
          ...,
          [6.2777e-01, 6.8500e-01, 1.0283e-01,  ..., 5.1466e-01,
           1.7457e-01, 5.6051e-01],
          [1.0317e-01, 9.2095e-01, 4.7684e-01,  ..., 7.8538e-01,
           2.1241e-01, 7.5308e-01],
          [6.7970e-01, 5.8733e-01, 3.1169e-01,  ..., 7.7735e-01,
           2.4701e-01, 8.1447e-01]],

         [[1.5280e-01, 1.8382e-01, 9.0061e-01,  ..., 6.2991e-01,
           4.9220e-01, 7.4875e-01],
          [1.4449e-02, 1.8486e-01, 9.0420e-01,  ..., 9.3867e-01,
           1.2441e-01, 2.7046e-01],
          [3.9598e-01, 8.4977e-01, 9.1861e-01,  ..., 2.3709e-01,
           3.5291e-02, 9.2876e-01],
          ...,
          [9.4233e-01, 5.6168e-01, 5.7930e-01,  ..., 8.6205e-01,
           1.2750e-01, 4.2047e-01],
          [9.5660e-01, 9.5117e-01, 5.3110e-01,  ..., 3.4379e-02,
           2.8987e-01, 1.3790e-01],
          [5.8602e-01, 5.4623e-01, 3.5281e-01,  ..., 1.2549e-01,
           5.5452e-01, 7.6098e-01]],

         [[9.0543e-01, 5.1038e-01, 2.7929e-01,  ..., 2.8000e-01,
           9.0170e-01, 4.6418e-01],
          [7.6376e-01, 1.8506e-02, 6.9992e-01,  ..., 9.2667e-01,
           3.1772e-01, 1.9124e-01],
          [7.3716e-01, 5.2064e-01, 5.0498e-01,  ..., 5.3837e-01,
           8.9399e-01, 8.7286e-02],
          ...,
          [4.2264e-01, 7.2536e-01, 1.3622e-01,  ..., 7.4979e-01,
           8.0841e-01, 1.3578e-01],
          [4.1891e-01, 5.8436e-01, 1.1563e-02,  ..., 4.6143e-02,
           3.4674e-01, 4.8200e-01],
          [5.8063e-01, 9.4718e-01, 1.5280e-01,  ..., 5.9835e-01,
           8.0110e-01, 6.0398e-01]]],


        [[[6.9660e-01, 4.2348e-01, 2.2961e-01,  ..., 9.7994e-01,
           9.6647e-01, 2.5472e-02],
          [3.1309e-01, 7.3586e-01, 4.8673e-01,  ..., 6.2379e-01,
           1.3782e-01, 7.8408e-01],
          [9.3415e-01, 5.5345e-01, 3.5397e-01,  ..., 2.6179e-01,
           3.2318e-01, 6.7807e-02],
          ...,
          [5.3544e-01, 5.3666e-01, 7.9010e-01,  ..., 8.1098e-01,
           6.0517e-02, 8.7920e-02],
          [6.7233e-01, 9.5075e-01, 2.6686e-01,  ..., 1.2839e-01,
           2.4815e-01, 3.7358e-01],
          [3.0458e-02, 4.1940e-01, 6.5044e-01,  ..., 7.5189e-01,
           6.3807e-01, 9.0073e-02]],

         [[8.7802e-01, 1.6616e-01, 4.5256e-01,  ..., 2.6858e-01,
           2.4147e-01, 9.8758e-01],
          [3.4921e-01, 7.9258e-02, 2.4345e-01,  ..., 1.8035e-01,
           3.0586e-01, 8.3646e-01],
          [3.6939e-01, 4.7408e-01, 1.2845e-01,  ..., 4.5570e-01,
           2.4932e-01, 5.8366e-01],
          ...,
          [8.6144e-01, 6.8881e-01, 4.5469e-01,  ..., 2.3792e-01,
           5.0190e-01, 9.3131e-02],
          [8.8560e-01, 6.4088e-01, 1.3148e-01,  ..., 8.1172e-01,
           2.6258e-01, 7.4015e-01],
          [6.1701e-01, 9.2023e-01, 9.0975e-01,  ..., 3.7364e-01,
           9.1576e-01, 9.2426e-01]],

         [[5.4742e-01, 3.2617e-01, 1.6357e-01,  ..., 7.0611e-01,
           8.4203e-01, 6.4871e-01],
          [5.3090e-01, 6.7635e-01, 4.8520e-01,  ..., 7.1121e-01,
           4.9442e-01, 9.2963e-01],
          [2.5911e-01, 3.0933e-01, 3.2463e-01,  ..., 8.4613e-01,
           6.0634e-01, 5.5869e-01],
          ...,
          [4.1606e-01, 9.2865e-01, 2.0468e-02,  ..., 6.3842e-01,
           2.0129e-02, 4.9852e-01],
          [4.9423e-01, 3.7053e-01, 6.9063e-02,  ..., 3.9069e-01,
           1.8659e-01, 6.8956e-02],
          [3.5880e-01, 7.0108e-01, 8.9525e-01,  ..., 7.8965e-01,
           8.9250e-01, 6.5722e-01]],

         ...,

         [[2.5565e-01, 8.2208e-01, 8.3281e-01,  ..., 7.1152e-01,
           6.9608e-01, 4.7622e-01],
          [9.7468e-01, 2.4849e-01, 3.0586e-01,  ..., 8.8777e-02,
           9.0515e-01, 5.1782e-01],
          [3.6127e-01, 4.2750e-01, 3.9052e-01,  ..., 1.8916e-02,
           6.3552e-01, 7.7944e-01],
          ...,
          [3.5997e-01, 2.9196e-01, 1.6604e-01,  ..., 8.4636e-01,
           8.3823e-01, 7.4151e-01],
          [8.9384e-01, 5.0481e-01, 9.5191e-01,  ..., 6.5566e-01,
           9.5789e-01, 4.4324e-01],
          [1.4200e-01, 4.4886e-01, 4.6637e-01,  ..., 3.2298e-01,
           8.2424e-01, 4.5406e-01]],

         [[4.8214e-01, 4.5176e-02, 1.5404e-01,  ..., 6.1226e-01,
           2.5231e-01, 1.0125e-01],
          [2.4291e-01, 6.4367e-01, 4.7860e-01,  ..., 4.5574e-01,
           2.0515e-01, 7.2200e-01],
          [4.6649e-01, 3.6514e-02, 6.9589e-01,  ..., 6.2668e-01,
           2.0067e-02, 3.9693e-01],
          ...,
          [9.9311e-01, 7.9727e-01, 9.5675e-01,  ..., 9.2148e-02,
           9.1675e-01, 9.3496e-01],
          [6.4930e-01, 7.1434e-01, 4.9608e-01,  ..., 1.9345e-01,
           9.9821e-01, 3.7441e-01],
          [5.6188e-01, 4.4398e-01, 3.4711e-01,  ..., 4.8138e-02,
           6.0675e-01, 5.1800e-01]],

         [[8.3077e-01, 2.2280e-01, 7.9362e-01,  ..., 6.0158e-01,
           5.4066e-01, 6.2576e-01],
          [2.3384e-01, 6.3419e-01, 2.1394e-01,  ..., 9.8945e-01,
           8.5825e-01, 9.6840e-01],
          [1.3258e-01, 1.2337e-01, 6.3693e-01,  ..., 1.6661e-01,
           1.1855e-01, 5.2823e-02],
          ...,
          [4.8702e-01, 8.9455e-01, 1.7901e-01,  ..., 4.2035e-01,
           1.4677e-01, 4.1249e-01],
          [7.2656e-01, 8.3091e-01, 4.9118e-02,  ..., 7.5590e-01,
           7.1425e-01, 3.5448e-01],
          [7.9736e-01, 1.3495e-01, 8.8449e-01,  ..., 4.1702e-01,
           5.5804e-02, 9.5286e-01]]],


        ...,


        [[[3.9897e-01, 7.5302e-01, 3.3712e-01,  ..., 7.3257e-01,
           2.2450e-01, 3.4666e-01],
          [5.5253e-01, 2.3270e-01, 7.1809e-02,  ..., 7.7113e-02,
           2.4670e-01, 7.9133e-01],
          [3.9016e-01, 7.6576e-01, 8.9025e-01,  ..., 5.1083e-01,
           7.9379e-01, 7.9815e-01],
          ...,
          [1.8118e-01, 6.6645e-01, 6.4173e-01,  ..., 8.4983e-01,
           3.4996e-01, 6.1218e-01],
          [9.1532e-01, 4.0596e-01, 7.4214e-01,  ..., 7.4936e-01,
           7.5281e-01, 4.4481e-01],
          [8.3522e-01, 6.5384e-01, 4.3845e-01,  ..., 7.4572e-02,
           5.6034e-01, 4.4739e-01]],

         [[8.4041e-01, 8.3521e-01, 8.3140e-01,  ..., 1.0381e-01,
           4.4767e-01, 1.7125e-02],
          [2.4379e-02, 6.3732e-01, 1.5496e-01,  ..., 8.8656e-01,
           7.2354e-01, 4.2580e-01],
          [4.1730e-01, 7.9677e-01, 1.2095e-01,  ..., 1.2988e-01,
           4.5763e-01, 4.9040e-02],
          ...,
          [6.8014e-01, 3.6488e-02, 5.8075e-01,  ..., 1.8104e-01,
           5.4971e-01, 2.0072e-01],
          [1.4724e-01, 5.0913e-01, 5.3618e-01,  ..., 4.5828e-01,
           7.8109e-01, 9.0000e-01],
          [6.0367e-01, 8.5203e-01, 1.9654e-01,  ..., 2.2469e-01,
           4.6116e-02, 5.9653e-01]],

         [[2.5844e-01, 1.6362e-01, 3.1230e-01,  ..., 3.6750e-01,
           1.3552e-01, 6.3011e-01],
          [4.1636e-02, 5.6941e-01, 5.7666e-01,  ..., 3.1546e-03,
           6.5183e-01, 7.9353e-01],
          [2.1796e-01, 3.0537e-01, 6.5147e-01,  ..., 5.4800e-01,
           5.6660e-01, 1.6427e-01],
          ...,
          [5.4822e-01, 9.1956e-01, 7.2369e-01,  ..., 2.9869e-01,
           9.1498e-01, 1.1477e-01],
          [5.7420e-01, 6.7791e-01, 7.4573e-01,  ..., 6.5475e-01,
           4.3466e-01, 5.8824e-01],
          [8.8966e-03, 4.0492e-01, 3.6953e-01,  ..., 1.7703e-01,
           5.5131e-01, 6.1646e-01]],

         ...,

         [[8.8550e-01, 6.0775e-01, 7.5862e-01,  ..., 6.6016e-01,
           8.7793e-01, 9.8972e-01],
          [7.7075e-01, 4.2926e-01, 3.8262e-01,  ..., 3.3781e-01,
           6.4983e-01, 3.3433e-01],
          [7.3023e-01, 1.8335e-01, 4.2489e-01,  ..., 5.2925e-01,
           5.9427e-01, 4.5541e-01],
          ...,
          [1.4525e-01, 6.9178e-01, 9.2244e-01,  ..., 7.1607e-01,
           8.6317e-01, 1.3909e-01],
          [2.8872e-01, 4.1735e-01, 8.5957e-01,  ..., 3.4064e-01,
           6.1388e-01, 6.7640e-01],
          [7.3576e-01, 1.9581e-02, 6.0553e-01,  ..., 8.9625e-02,
           7.0167e-01, 9.4126e-01]],

         [[1.9466e-01, 3.5931e-01, 6.6259e-01,  ..., 3.8971e-01,
           2.3543e-01, 8.3525e-01],
          [8.7002e-01, 6.5361e-01, 8.0567e-01,  ..., 7.0086e-01,
           7.2853e-01, 2.2750e-01],
          [2.2060e-01, 5.6356e-02, 2.5605e-01,  ..., 6.9910e-02,
           6.6161e-01, 4.7568e-01],
          ...,
          [8.6654e-01, 8.6289e-01, 4.3387e-01,  ..., 1.5675e-01,
           4.2964e-02, 9.2423e-01],
          [2.4490e-01, 4.2447e-01, 3.2728e-01,  ..., 8.7213e-01,
           8.0295e-01, 4.6231e-02],
          [6.9577e-01, 5.7025e-01, 6.4562e-01,  ..., 9.9658e-01,
           5.7782e-01, 6.1054e-02]],

         [[3.9513e-01, 1.8953e-01, 4.1554e-01,  ..., 6.5937e-03,
           6.1076e-01, 7.8227e-01],
          [9.8065e-01, 5.8009e-01, 3.4074e-01,  ..., 2.0910e-01,
           6.1620e-01, 8.8855e-01],
          [6.5597e-01, 3.8163e-01, 5.2651e-01,  ..., 9.9467e-02,
           7.4265e-02, 2.2062e-01],
          ...,
          [4.1109e-01, 2.6542e-01, 8.3343e-01,  ..., 3.8301e-01,
           8.9028e-01, 6.6338e-01],
          [5.4221e-01, 6.6990e-01, 5.1515e-01,  ..., 4.5266e-01,
           4.6023e-01, 1.6756e-02],
          [5.7671e-01, 4.8686e-01, 9.6739e-01,  ..., 5.6967e-01,
           2.5839e-01, 1.2187e-01]]],


        [[[7.7509e-01, 5.2919e-01, 2.0591e-01,  ..., 9.0417e-01,
           7.0487e-01, 2.6563e-01],
          [5.9723e-01, 2.9308e-01, 4.9942e-02,  ..., 7.8484e-01,
           8.8032e-01, 9.7129e-01],
          [1.6624e-01, 9.1977e-01, 3.7520e-01,  ..., 2.5091e-01,
           8.8494e-01, 1.7452e-01],
          ...,
          [4.3972e-01, 7.4914e-01, 3.0849e-01,  ..., 9.9307e-01,
           5.6220e-01, 1.0309e-01],
          [9.2017e-01, 8.2115e-01, 3.2893e-01,  ..., 1.1282e-01,
           6.4336e-01, 3.9804e-01],
          [7.8111e-01, 1.4473e-01, 2.1578e-02,  ..., 2.5778e-01,
           9.0886e-01, 3.1675e-01]],

         [[7.3729e-01, 9.9677e-01, 1.8310e-02,  ..., 6.7350e-01,
           1.0900e-01, 7.5884e-02],
          [8.6231e-01, 2.4515e-01, 4.9539e-02,  ..., 7.7892e-01,
           7.0812e-01, 9.7482e-01],
          [5.5163e-01, 2.5416e-01, 6.8928e-01,  ..., 9.9200e-01,
           2.3733e-01, 2.3560e-01],
          ...,
          [5.1540e-01, 2.8958e-01, 2.3631e-01,  ..., 4.3640e-01,
           6.4202e-01, 2.5997e-02],
          [1.3481e-01, 4.5900e-01, 2.4127e-01,  ..., 8.6335e-01,
           2.5536e-01, 8.8691e-01],
          [1.7176e-01, 6.7783e-01, 9.2530e-01,  ..., 3.9616e-01,
           4.2849e-01, 5.8402e-01]],

         [[5.5194e-01, 6.7450e-01, 8.5405e-01,  ..., 6.1748e-01,
           6.2937e-01, 5.9414e-01],
          [9.2996e-01, 3.5322e-01, 7.9729e-01,  ..., 6.9486e-01,
           6.5613e-01, 6.6771e-01],
          [8.9117e-01, 2.5280e-01, 2.1174e-02,  ..., 9.6885e-01,
           2.0037e-02, 2.3215e-02],
          ...,
          [7.6068e-01, 5.2396e-01, 8.6396e-01,  ..., 3.6980e-02,
           1.4409e-01, 7.8459e-01],
          [8.4259e-01, 2.6137e-01, 1.8240e-01,  ..., 9.0776e-01,
           7.6561e-01, 9.7325e-01],
          [8.3788e-01, 7.0766e-01, 3.7650e-01,  ..., 5.1779e-01,
           7.7209e-01, 9.5681e-01]],

         ...,

         [[2.6515e-01, 8.2093e-01, 2.1764e-01,  ..., 5.1707e-01,
           8.2485e-02, 9.6965e-01],
          [6.8189e-01, 3.2049e-01, 7.1913e-01,  ..., 6.6510e-01,
           7.4875e-01, 6.3147e-01],
          [3.3938e-01, 6.7324e-01, 9.7024e-01,  ..., 9.2976e-01,
           8.6555e-01, 8.7146e-02],
          ...,
          [1.3966e-02, 3.0192e-01, 7.9459e-01,  ..., 7.4098e-01,
           2.9672e-01, 6.1775e-01],
          [4.1029e-01, 5.9227e-01, 8.5422e-03,  ..., 5.5625e-02,
           5.4600e-01, 5.2571e-01],
          [9.4367e-01, 9.2899e-01, 2.5925e-02,  ..., 2.9453e-01,
           3.3473e-01, 3.1174e-01]],

         [[1.2804e-01, 2.3186e-01, 4.5673e-01,  ..., 4.9635e-01,
           8.3841e-01, 6.9817e-01],
          [4.0766e-02, 3.8357e-01, 1.2887e-01,  ..., 7.1658e-01,
           3.3575e-01, 1.5887e-01],
          [7.6430e-01, 3.1325e-01, 9.4165e-02,  ..., 9.9097e-01,
           1.4302e-01, 9.2942e-01],
          ...,
          [6.7126e-01, 6.4638e-02, 1.6622e-01,  ..., 3.3298e-01,
           9.3229e-01, 5.1773e-01],
          [8.9689e-01, 5.3219e-01, 8.1454e-01,  ..., 8.2502e-01,
           9.1359e-01, 5.8272e-01],
          [3.3475e-01, 3.7707e-01, 7.3932e-01,  ..., 5.8255e-01,
           4.9915e-01, 4.3033e-02]],

         [[5.8244e-01, 4.8191e-01, 5.9609e-01,  ..., 7.4274e-01,
           7.1611e-01, 7.0785e-01],
          [9.5742e-01, 7.5104e-01, 6.0864e-01,  ..., 4.8986e-01,
           3.4106e-01, 2.4181e-01],
          [1.8064e-01, 2.8602e-01, 7.6908e-01,  ..., 7.6535e-01,
           4.3605e-01, 5.6187e-01],
          ...,
          [6.3204e-01, 3.4803e-01, 1.1756e-01,  ..., 1.6048e-01,
           7.3006e-01, 9.4664e-01],
          [1.8764e-01, 9.3314e-01, 3.0686e-01,  ..., 6.9764e-02,
           7.4205e-01, 5.4159e-01],
          [9.4320e-01, 2.2384e-01, 2.4221e-01,  ..., 8.9007e-01,
           1.8109e-01, 5.9115e-01]]],


        [[[9.2179e-01, 8.6931e-01, 3.0171e-01,  ..., 8.7425e-01,
           6.7930e-01, 6.5181e-01],
          [8.6742e-01, 2.6796e-01, 9.6130e-01,  ..., 3.7888e-01,
           5.4540e-01, 9.1157e-01],
          [2.6771e-01, 3.8607e-01, 6.3929e-01,  ..., 2.2488e-01,
           6.7365e-01, 9.0308e-01],
          ...,
          [3.5909e-01, 4.2243e-01, 3.6432e-01,  ..., 9.5352e-01,
           2.4176e-01, 1.9139e-01],
          [3.4571e-01, 1.3587e-01, 1.4563e-01,  ..., 2.3109e-02,
           8.6950e-01, 6.2470e-01],
          [8.0008e-01, 8.9327e-01, 4.5804e-01,  ..., 1.3558e-02,
           6.0389e-01, 4.5746e-01]],

         [[2.0476e-01, 6.2768e-01, 6.9723e-02,  ..., 9.6667e-02,
           3.2271e-01, 4.7885e-01],
          [9.1213e-01, 6.9572e-01, 2.3192e-01,  ..., 2.7831e-01,
           7.7814e-01, 4.5175e-01],
          [5.2019e-01, 8.6552e-01, 4.9197e-01,  ..., 6.6797e-02,
           1.3386e-01, 2.5929e-01],
          ...,
          [8.7724e-01, 7.4895e-01, 9.2591e-01,  ..., 9.4307e-01,
           9.8607e-01, 8.6490e-01],
          [6.9253e-01, 7.1999e-01, 5.5766e-01,  ..., 6.8367e-01,
           4.2377e-01, 8.6171e-01],
          [3.6431e-01, 8.9843e-01, 2.6978e-01,  ..., 9.1874e-01,
           5.5144e-01, 5.2520e-01]],

         [[4.8272e-01, 5.9035e-01, 9.1268e-01,  ..., 8.8196e-01,
           6.3655e-01, 1.5177e-01],
          [2.5434e-01, 3.9178e-01, 2.2960e-01,  ..., 6.3463e-03,
           9.8992e-01, 7.5684e-01],
          [3.3869e-01, 1.1005e-01, 9.5083e-01,  ..., 2.1549e-01,
           1.1492e-01, 5.1714e-01],
          ...,
          [6.1036e-01, 6.9525e-01, 3.8201e-01,  ..., 2.1936e-01,
           4.2174e-01, 6.2134e-01],
          [5.1908e-01, 5.4120e-01, 3.6727e-01,  ..., 2.2011e-01,
           3.9725e-01, 5.8727e-02],
          [8.3616e-01, 1.9722e-01, 7.4216e-01,  ..., 2.6086e-01,
           8.1327e-01, 9.1991e-01]],

         ...,

         [[5.2170e-01, 4.9486e-01, 7.2690e-01,  ..., 2.6905e-01,
           7.2700e-01, 7.9320e-01],
          [4.8543e-01, 8.9072e-01, 6.6332e-01,  ..., 6.9830e-01,
           3.1896e-02, 3.3915e-01],
          [3.4505e-02, 8.4509e-01, 6.8985e-02,  ..., 6.4723e-01,
           1.7598e-01, 3.0488e-02],
          ...,
          [3.3108e-01, 4.4067e-01, 9.4205e-01,  ..., 2.8463e-01,
           5.1505e-02, 9.3286e-01],
          [6.3802e-01, 2.2720e-01, 2.4272e-01,  ..., 3.0531e-01,
           8.6302e-01, 5.0994e-01],
          [7.6405e-01, 6.0994e-01, 7.6418e-02,  ..., 5.3722e-01,
           4.2196e-02, 4.1654e-01]],

         [[4.3374e-01, 9.8717e-01, 1.3464e-01,  ..., 2.0725e-01,
           8.5238e-01, 4.1463e-01],
          [6.8535e-01, 2.2368e-01, 3.4666e-02,  ..., 9.2187e-01,
           1.9952e-01, 8.7835e-02],
          [1.8162e-01, 6.4809e-01, 3.0982e-01,  ..., 2.8716e-01,
           7.5785e-01, 2.5002e-01],
          ...,
          [7.2992e-01, 8.8991e-01, 7.3283e-01,  ..., 5.2482e-01,
           2.9740e-01, 1.8700e-01],
          [4.0514e-01, 1.4728e-01, 7.2778e-01,  ..., 7.9525e-01,
           3.5258e-01, 7.6819e-01],
          [1.0106e-01, 8.6009e-02, 8.6607e-01,  ..., 8.4876e-02,
           7.3798e-01, 8.2827e-01]],

         [[3.3070e-01, 8.6304e-03, 9.3570e-01,  ..., 8.8242e-01,
           7.2074e-01, 2.7226e-01],
          [3.9533e-01, 6.2885e-01, 8.7703e-01,  ..., 8.0585e-01,
           9.0368e-01, 2.1398e-01],
          [1.4308e-01, 1.0353e-01, 3.6402e-01,  ..., 3.0172e-01,
           8.2279e-01, 6.3315e-01],
          ...,
          [2.7875e-01, 7.1918e-01, 9.6514e-01,  ..., 8.4396e-01,
           9.8694e-01, 1.2928e-01],
          [4.6704e-01, 3.6985e-01, 2.4175e-01,  ..., 9.4874e-01,
           7.4924e-02, 1.1754e-04],
          [8.2466e-01, 9.6686e-01, 1.8146e-01,  ..., 9.4665e-01,
           6.8564e-01, 4.2538e-01]]]])
