tensor([[[[7.7617e-01, 4.1027e-02, 7.3441e-01,  ..., 8.8787e-01,
           3.3526e-01, 1.4413e-01],
          [6.6804e-01, 5.8050e-01, 3.5385e-01,  ..., 5.6136e-02,
           5.7519e-01, 4.0587e-01],
          [8.4007e-01, 4.7292e-01, 1.0571e-02,  ..., 8.0688e-01,
           7.3094e-01, 9.3853e-01],
          ...,
          [4.7360e-01, 8.4251e-01, 9.1490e-01,  ..., 3.4146e-01,
           4.6328e-01, 3.5740e-01],
          [3.7511e-01, 6.1234e-01, 4.6344e-01,  ..., 1.7084e-01,
           8.0057e-01, 4.1552e-01],
          [4.7656e-01, 8.1246e-02, 2.0278e-01,  ..., 6.9184e-01,
           1.4372e-02, 3.3272e-01]],

         [[3.4185e-01, 2.1986e-02, 1.9873e-02,  ..., 5.8574e-01,
           1.1030e-01, 1.3165e-01],
          [4.6661e-02, 7.0444e-03, 9.7034e-01,  ..., 5.7168e-01,
           5.5702e-01, 7.8236e-01],
          [9.4983e-01, 4.5660e-01, 9.5720e-01,  ..., 2.8152e-01,
           3.2868e-01, 2.9766e-01],
          ...,
          [2.7787e-01, 2.6805e-01, 2.9412e-01,  ..., 4.3035e-01,
           4.5437e-01, 9.8041e-01],
          [2.2830e-01, 1.9644e-01, 1.6333e-02,  ..., 9.4688e-01,
           3.2402e-01, 1.2239e-01],
          [8.8090e-01, 1.3987e-02, 4.9224e-01,  ..., 2.3999e-01,
           3.4164e-01, 3.5617e-01]],

         [[4.8935e-01, 7.2569e-01, 9.6971e-01,  ..., 8.4968e-01,
           2.2517e-01, 3.3389e-01],
          [3.7946e-01, 2.1416e-01, 5.9053e-01,  ..., 5.9148e-01,
           6.2591e-01, 4.7139e-01],
          [4.8823e-01, 6.7047e-01, 8.3904e-01,  ..., 7.4179e-01,
           3.4264e-01, 6.9209e-01],
          ...,
          [8.9190e-01, 7.2716e-01, 9.2923e-01,  ..., 7.4890e-01,
           1.4069e-01, 4.3990e-01],
          [9.7160e-01, 6.1062e-01, 6.6447e-01,  ..., 3.3235e-01,
           4.9872e-01, 5.1888e-01],
          [4.5355e-01, 8.3314e-01, 2.4702e-01,  ..., 8.1787e-01,
           6.6406e-01, 1.8938e-01]],

         ...,

         [[5.0806e-01, 9.7784e-01, 7.4317e-01,  ..., 4.5459e-01,
           8.1728e-02, 8.9191e-01],
          [8.1455e-01, 7.4735e-02, 4.1713e-01,  ..., 6.1477e-01,
           4.3659e-01, 1.5837e-01],
          [2.0216e-01, 3.4731e-01, 6.3298e-01,  ..., 4.1840e-01,
           5.6383e-01, 3.8316e-01],
          ...,
          [5.6756e-01, 9.0267e-01, 5.2772e-01,  ..., 3.7386e-01,
           4.9408e-01, 1.3970e-01],
          [7.0691e-01, 9.5732e-02, 1.7888e-01,  ..., 2.5854e-01,
           1.9711e-01, 7.2523e-01],
          [4.4170e-01, 1.0757e-02, 7.7119e-01,  ..., 1.2258e-01,
           2.3352e-02, 2.9111e-01]],

         [[9.1752e-01, 1.4259e-01, 8.0797e-01,  ..., 1.9478e-01,
           8.3146e-01, 7.9883e-01],
          [7.1909e-02, 8.0229e-01, 8.9140e-02,  ..., 5.7100e-01,
           6.9328e-01, 5.0976e-01],
          [1.5699e-01, 4.4883e-01, 2.9435e-01,  ..., 7.7220e-01,
           1.4194e-02, 1.4591e-01],
          ...,
          [5.4492e-01, 4.0949e-01, 7.9276e-01,  ..., 8.5001e-01,
           7.2088e-01, 5.2363e-01],
          [9.2293e-01, 4.2653e-01, 8.3891e-01,  ..., 4.1176e-01,
           3.9037e-01, 2.3459e-01],
          [7.3003e-01, 3.8793e-01, 3.7066e-01,  ..., 8.4675e-02,
           8.6906e-01, 8.8443e-01]],

         [[1.7832e-01, 4.4085e-01, 6.3695e-02,  ..., 1.2234e-01,
           4.1172e-01, 9.2636e-02],
          [4.6976e-01, 9.2590e-01, 2.8112e-02,  ..., 9.2473e-01,
           5.2826e-01, 5.7713e-01],
          [7.2918e-01, 2.0439e-01, 6.4562e-01,  ..., 8.9445e-01,
           6.4680e-01, 3.3151e-01],
          ...,
          [5.8902e-01, 5.4668e-01, 4.6367e-01,  ..., 1.0337e-01,
           3.0965e-01, 4.1616e-01],
          [9.6261e-01, 9.5301e-01, 8.4846e-01,  ..., 8.6841e-01,
           4.6345e-01, 2.9688e-01],
          [7.5767e-01, 4.4077e-01, 2.3711e-01,  ..., 6.2910e-01,
           8.2898e-01, 6.1824e-01]]],


        [[[5.3581e-01, 9.0162e-01, 5.3898e-01,  ..., 1.8426e-01,
           2.2455e-01, 2.1475e-01],
          [7.0333e-01, 5.9995e-01, 4.1967e-01,  ..., 2.0864e-01,
           8.8216e-01, 8.2834e-01],
          [4.5970e-01, 8.6847e-01, 4.9753e-01,  ..., 6.3238e-01,
           5.4303e-01, 8.1313e-01],
          ...,
          [8.8675e-01, 3.0412e-01, 3.0670e-01,  ..., 5.5284e-01,
           5.6043e-01, 6.2318e-01],
          [5.5155e-01, 5.8566e-01, 8.7879e-01,  ..., 1.4340e-01,
           2.6367e-01, 5.7855e-01],
          [9.5668e-01, 3.2846e-01, 3.4640e-01,  ..., 7.2319e-01,
           5.4041e-01, 4.2084e-01]],

         [[1.8603e-01, 7.5850e-01, 7.3384e-01,  ..., 2.2890e-01,
           3.4128e-01, 7.1419e-01],
          [3.1994e-01, 9.5056e-01, 5.9594e-02,  ..., 8.5810e-01,
           8.9073e-01, 8.7865e-01],
          [9.9358e-01, 5.4293e-01, 5.2026e-02,  ..., 2.7246e-01,
           7.6336e-01, 6.0182e-01],
          ...,
          [8.0229e-01, 4.7771e-01, 9.9546e-01,  ..., 5.3135e-01,
           8.3931e-01, 4.0401e-01],
          [1.2554e-01, 8.8051e-02, 1.8933e-01,  ..., 1.6767e-01,
           1.1446e-01, 4.9725e-01],
          [3.9459e-01, 8.5482e-01, 6.6951e-01,  ..., 1.8231e-01,
           6.1480e-03, 4.7538e-02]],

         [[8.1390e-01, 1.3576e-01, 7.3649e-02,  ..., 2.3032e-01,
           8.4231e-01, 8.0406e-01],
          [7.3712e-01, 4.0370e-01, 8.4956e-01,  ..., 9.1007e-01,
           7.2218e-01, 1.8616e-03],
          [4.0051e-01, 3.1348e-01, 2.4536e-01,  ..., 8.7028e-01,
           1.9267e-01, 5.1768e-01],
          ...,
          [8.6340e-01, 1.3771e-01, 1.6455e-01,  ..., 7.2952e-01,
           6.7948e-01, 3.4723e-01],
          [3.7683e-01, 5.2222e-01, 7.5192e-01,  ..., 2.5661e-01,
           6.1463e-01, 7.2600e-03],
          [3.4866e-01, 3.8345e-01, 6.9407e-01,  ..., 7.8911e-01,
           1.0936e-01, 2.4603e-01]],

         ...,

         [[2.2231e-01, 6.6352e-01, 6.6839e-01,  ..., 4.5825e-01,
           1.8677e-01, 6.8626e-01],
          [2.7166e-02, 4.6222e-01, 9.1157e-01,  ..., 4.7197e-01,
           9.4270e-01, 2.0693e-02],
          [7.7145e-01, 2.0756e-01, 4.1835e-02,  ..., 2.8151e-01,
           8.8112e-01, 6.1762e-01],
          ...,
          [2.0910e-01, 1.1165e-01, 5.1256e-02,  ..., 7.0212e-01,
           8.4230e-01, 9.9625e-01],
          [4.6496e-01, 8.5760e-01, 4.8485e-01,  ..., 1.7484e-01,
           8.7615e-01, 1.7794e-01],
          [4.1895e-01, 5.3447e-01, 9.3571e-02,  ..., 5.7926e-01,
           7.9898e-01, 2.2659e-01]],

         [[8.1900e-01, 6.7178e-01, 6.0208e-01,  ..., 9.6612e-01,
           1.8787e-01, 7.0728e-01],
          [3.7878e-01, 4.3606e-01, 2.7335e-01,  ..., 8.6867e-01,
           7.1137e-01, 5.3828e-01],
          [9.7310e-01, 4.6990e-01, 4.1634e-01,  ..., 4.5400e-01,
           5.3360e-01, 1.9506e-01],
          ...,
          [2.2510e-01, 8.0791e-01, 9.0000e-01,  ..., 1.4535e-01,
           8.9787e-01, 5.5538e-01],
          [2.7830e-01, 1.1470e-01, 3.9377e-01,  ..., 1.3085e-01,
           5.0661e-01, 4.4007e-01],
          [2.8195e-01, 8.4001e-01, 2.8897e-01,  ..., 4.1356e-01,
           2.3372e-01, 5.1442e-01]],

         [[8.3468e-01, 8.7899e-01, 2.7504e-01,  ..., 4.2618e-01,
           7.1197e-01, 4.8690e-01],
          [5.9602e-01, 6.5213e-01, 2.9076e-01,  ..., 5.9497e-01,
           6.6573e-01, 4.9617e-01],
          [3.3924e-01, 2.6738e-01, 6.1320e-01,  ..., 6.1443e-01,
           6.0491e-01, 3.4309e-01],
          ...,
          [8.1316e-01, 7.0747e-01, 4.0709e-01,  ..., 2.1645e-01,
           6.0931e-01, 3.5009e-01],
          [9.6086e-01, 2.4075e-01, 1.4210e-01,  ..., 7.5250e-01,
           2.9776e-01, 8.8751e-01],
          [6.1485e-01, 1.0433e-01, 9.0904e-01,  ..., 9.2343e-01,
           2.7343e-01, 6.1927e-01]]],


        [[[2.8298e-01, 1.5723e-01, 8.1160e-01,  ..., 9.6506e-01,
           2.3373e-01, 9.8607e-01],
          [9.8921e-01, 4.2419e-01, 9.5425e-01,  ..., 6.0723e-01,
           8.4737e-02, 3.4100e-01],
          [6.5782e-01, 1.7241e-01, 4.4002e-01,  ..., 2.8068e-01,
           4.1001e-01, 3.2873e-01],
          ...,
          [4.7451e-01, 4.2369e-01, 9.7640e-03,  ..., 1.1627e-01,
           9.8873e-01, 6.1131e-01],
          [6.3782e-02, 2.2400e-01, 1.6173e-01,  ..., 3.5606e-01,
           8.9134e-01, 1.5794e-01],
          [5.6544e-01, 6.8466e-01, 1.1453e-01,  ..., 2.9818e-01,
           3.4488e-01, 7.9799e-01]],

         [[8.3368e-01, 3.9903e-01, 8.8995e-01,  ..., 7.4006e-01,
           6.9103e-01, 1.2017e-02],
          [4.8144e-01, 8.8915e-01, 2.9656e-01,  ..., 2.9638e-02,
           3.5804e-01, 7.2050e-01],
          [4.9061e-01, 3.2394e-01, 2.4962e-01,  ..., 7.4301e-01,
           5.3912e-01, 5.5264e-02],
          ...,
          [3.8041e-02, 3.9520e-01, 6.8303e-01,  ..., 2.2815e-01,
           5.2231e-01, 8.9190e-01],
          [1.8044e-02, 9.7276e-01, 6.5198e-01,  ..., 9.1336e-01,
           6.3410e-01, 3.6362e-01],
          [6.5687e-01, 6.7067e-01, 2.5293e-01,  ..., 4.9349e-01,
           2.2704e-01, 6.2359e-01]],

         [[3.1802e-01, 4.6083e-01, 1.4890e-01,  ..., 5.5434e-02,
           4.4575e-01, 8.8354e-01],
          [6.9560e-01, 4.6304e-01, 9.8917e-01,  ..., 9.8183e-01,
           9.5608e-01, 1.0571e-01],
          [9.6605e-01, 2.3256e-01, 5.0299e-01,  ..., 5.4415e-01,
           7.9257e-01, 3.7496e-01],
          ...,
          [2.2924e-04, 9.6077e-01, 6.4237e-01,  ..., 9.1157e-01,
           6.3927e-01, 5.3472e-01],
          [3.1074e-01, 6.9792e-01, 2.9222e-01,  ..., 2.1684e-01,
           1.1341e-01, 8.2195e-01],
          [6.2188e-01, 1.7621e-01, 7.0792e-02,  ..., 2.8539e-01,
           6.9196e-02, 9.4542e-01]],

         ...,

         [[1.0559e-02, 1.9337e-01, 6.8046e-01,  ..., 9.9973e-01,
           6.9300e-01, 6.0294e-01],
          [4.8977e-01, 3.4747e-01, 4.9826e-01,  ..., 1.8869e-01,
           6.5360e-01, 4.0359e-01],
          [4.9585e-01, 3.8511e-01, 9.2745e-02,  ..., 9.3404e-01,
           3.4698e-01, 6.7314e-01],
          ...,
          [7.0960e-01, 9.7299e-01, 7.2128e-01,  ..., 1.3830e-01,
           9.1468e-01, 3.0239e-01],
          [6.3871e-01, 9.1632e-01, 7.5933e-01,  ..., 2.5080e-02,
           2.0768e-01, 7.6366e-01],
          [9.5402e-01, 6.4537e-01, 8.7009e-01,  ..., 9.1743e-01,
           2.5931e-01, 9.1686e-01]],

         [[3.9515e-01, 1.5020e-01, 8.6490e-01,  ..., 4.2682e-01,
           7.9824e-01, 1.6099e-01],
          [3.5633e-01, 4.4984e-02, 2.0156e-01,  ..., 1.3108e-01,
           1.0703e-01, 9.1524e-01],
          [6.0851e-01, 2.2601e-01, 6.1713e-01,  ..., 3.0845e-01,
           2.1794e-01, 1.3988e-01],
          ...,
          [4.3598e-01, 2.5325e-01, 3.6991e-01,  ..., 9.4189e-01,
           6.2905e-02, 2.4908e-01],
          [4.9984e-01, 1.2539e-01, 9.0637e-01,  ..., 1.8289e-01,
           6.4147e-01, 3.8477e-03],
          [2.3133e-01, 9.6643e-01, 4.3292e-01,  ..., 7.2864e-01,
           4.0206e-01, 5.8556e-01]],

         [[5.9661e-02, 9.5105e-01, 4.6783e-01,  ..., 3.4310e-01,
           1.1378e-01, 4.8677e-01],
          [5.7093e-01, 8.3894e-01, 7.3669e-01,  ..., 7.3619e-01,
           4.7282e-01, 8.4106e-01],
          [3.1490e-01, 5.5451e-01, 5.2958e-01,  ..., 8.5378e-01,
           7.0494e-01, 6.2490e-02],
          ...,
          [2.6760e-01, 1.9210e-01, 9.5563e-01,  ..., 7.2531e-01,
           5.6233e-01, 3.0741e-01],
          [2.1063e-01, 7.4887e-01, 9.7668e-01,  ..., 1.1666e-01,
           7.9001e-01, 3.5468e-01],
          [1.0013e-01, 2.2983e-01, 1.1912e-01,  ..., 9.1082e-01,
           5.2504e-01, 9.3245e-01]]],


        ...,


        [[[1.1246e-01, 6.2889e-01, 3.8272e-01,  ..., 9.3463e-01,
           8.9975e-01, 9.6352e-01],
          [5.9097e-01, 9.4696e-02, 3.5683e-01,  ..., 2.9288e-01,
           4.3672e-01, 1.1150e-01],
          [4.5688e-01, 4.0474e-02, 3.2083e-01,  ..., 7.7380e-01,
           4.8938e-01, 6.1571e-01],
          ...,
          [8.0585e-01, 8.9932e-01, 1.5944e-01,  ..., 9.1285e-01,
           2.8800e-01, 1.5611e-02],
          [9.0287e-01, 2.0024e-01, 3.7978e-01,  ..., 9.2555e-02,
           6.6263e-01, 5.8217e-01],
          [2.1701e-01, 4.5204e-01, 1.2295e-01,  ..., 9.8685e-01,
           4.3265e-01, 1.7358e-01]],

         [[3.0404e-01, 8.9451e-01, 8.2073e-01,  ..., 9.9400e-02,
           8.1745e-01, 9.2015e-01],
          [1.0191e-01, 4.7578e-01, 7.2412e-01,  ..., 9.3835e-01,
           1.2028e-01, 6.5747e-01],
          [9.3412e-01, 2.4039e-01, 3.8154e-01,  ..., 3.5840e-01,
           6.5664e-01, 6.3609e-01],
          ...,
          [4.3340e-01, 5.4614e-01, 5.8938e-01,  ..., 2.1820e-01,
           5.5233e-01, 1.8327e-01],
          [6.3347e-01, 9.3322e-01, 1.3869e-01,  ..., 6.6549e-01,
           4.6497e-01, 6.2749e-03],
          [6.1405e-01, 4.9360e-01, 1.5094e-01,  ..., 7.5112e-01,
           2.2620e-01, 7.6864e-01]],

         [[7.5401e-01, 2.4944e-01, 6.9841e-02,  ..., 5.0608e-01,
           2.4755e-01, 3.6025e-01],
          [1.7015e-01, 6.6350e-01, 6.1167e-01,  ..., 1.0939e-01,
           6.1521e-01, 6.3927e-01],
          [1.7906e-01, 7.6271e-01, 4.5550e-01,  ..., 5.8469e-02,
           9.0077e-01, 4.8919e-01],
          ...,
          [2.7415e-01, 3.8989e-01, 5.7139e-01,  ..., 7.5595e-01,
           6.6797e-01, 5.9613e-01],
          [7.8809e-01, 8.9627e-02, 2.6360e-01,  ..., 7.5437e-01,
           6.6255e-01, 2.5758e-01],
          [6.8496e-01, 6.8626e-01, 9.6028e-01,  ..., 7.1753e-01,
           8.2383e-01, 2.6954e-01]],

         ...,

         [[5.9237e-01, 6.3056e-01, 7.4196e-01,  ..., 8.4394e-01,
           6.0306e-01, 4.9896e-01],
          [6.7276e-01, 6.5105e-01, 7.7300e-01,  ..., 5.9602e-01,
           6.1700e-01, 2.0621e-01],
          [6.5525e-02, 3.3446e-01, 3.3018e-01,  ..., 9.5962e-01,
           5.2304e-01, 1.2478e-01],
          ...,
          [5.2582e-01, 6.9089e-01, 9.4957e-01,  ..., 1.6292e-01,
           3.6579e-01, 4.4296e-02],
          [1.7897e-02, 6.8090e-01, 2.3380e-02,  ..., 6.2485e-02,
           8.1936e-01, 2.3217e-01],
          [5.7535e-01, 8.2560e-01, 9.3507e-01,  ..., 3.4353e-01,
           1.1611e-01, 9.6623e-01]],

         [[8.1882e-01, 9.3614e-01, 4.0442e-02,  ..., 2.2352e-02,
           2.0138e-01, 5.0432e-01],
          [9.0881e-01, 5.9671e-01, 1.3853e-01,  ..., 2.1888e-02,
           1.5795e-01, 7.8144e-01],
          [8.6643e-01, 7.3085e-01, 2.0153e-01,  ..., 4.0903e-01,
           7.8056e-01, 9.5129e-01],
          ...,
          [7.0089e-02, 4.8534e-01, 1.3820e-01,  ..., 8.4230e-01,
           1.5040e-01, 4.9903e-01],
          [2.3412e-01, 6.8248e-01, 8.3458e-01,  ..., 4.2657e-01,
           5.1112e-01, 7.5536e-01],
          [2.0835e-01, 6.9651e-01, 2.8503e-01,  ..., 5.5214e-01,
           5.6897e-01, 5.8919e-01]],

         [[3.5894e-01, 3.1368e-01, 2.4333e-01,  ..., 1.9592e-01,
           3.5039e-01, 3.0776e-01],
          [6.4238e-01, 9.7568e-01, 6.9762e-01,  ..., 7.8899e-01,
           6.0409e-01, 5.6591e-01],
          [6.4194e-01, 5.1220e-01, 2.9409e-01,  ..., 8.6265e-01,
           8.3211e-01, 2.9253e-01],
          ...,
          [4.9872e-01, 7.2819e-02, 7.2904e-01,  ..., 7.6373e-01,
           1.5127e-01, 1.3536e-01],
          [9.5418e-01, 1.8645e-01, 7.8649e-01,  ..., 8.2727e-01,
           5.4772e-01, 6.5453e-01],
          [6.1070e-01, 9.6630e-01, 4.7707e-01,  ..., 4.6770e-01,
           9.0884e-01, 9.8333e-02]]],


        [[[8.8185e-01, 8.5427e-01, 1.9798e-01,  ..., 7.2606e-01,
           1.8210e-01, 4.8189e-03],
          [6.1494e-01, 2.2803e-01, 4.4828e-01,  ..., 2.5940e-01,
           7.8480e-01, 1.8903e-01],
          [9.7133e-01, 7.1337e-01, 7.5461e-01,  ..., 8.9728e-01,
           8.4684e-02, 4.8137e-01],
          ...,
          [7.7371e-02, 6.3959e-01, 1.6005e-01,  ..., 7.8285e-01,
           6.5155e-01, 1.6107e-01],
          [7.7981e-02, 2.0218e-02, 2.0232e-01,  ..., 2.3551e-01,
           2.8987e-01, 9.8611e-01],
          [9.8408e-01, 9.4132e-01, 1.1015e-01,  ..., 5.9851e-01,
           5.9839e-01, 6.8948e-01]],

         [[4.7702e-02, 2.3442e-01, 7.2357e-01,  ..., 8.5995e-01,
           5.9337e-01, 1.0025e-01],
          [1.1131e-01, 5.2140e-01, 8.7735e-01,  ..., 8.5318e-01,
           2.1470e-01, 2.7413e-01],
          [6.4181e-01, 7.5876e-01, 2.5280e-01,  ..., 9.3864e-01,
           8.9874e-01, 1.0013e-01],
          ...,
          [8.5969e-01, 7.6260e-01, 8.4023e-01,  ..., 4.6037e-01,
           5.6559e-01, 1.0150e-01],
          [6.5877e-01, 9.9372e-01, 3.5592e-01,  ..., 8.7067e-02,
           8.5408e-01, 9.5006e-01],
          [4.7441e-02, 8.1753e-01, 6.1998e-01,  ..., 1.7284e-02,
           6.1057e-01, 3.7626e-01]],

         [[7.4348e-01, 4.7176e-01, 9.6168e-01,  ..., 1.8470e-01,
           7.9794e-01, 1.8422e-01],
          [1.5428e-01, 2.1785e-01, 9.6883e-01,  ..., 4.3917e-01,
           1.9205e-01, 8.3707e-01],
          [7.3301e-01, 1.1369e-01, 3.6256e-01,  ..., 2.5304e-01,
           6.5138e-01, 9.6043e-01],
          ...,
          [2.2972e-01, 3.4752e-01, 6.9149e-01,  ..., 6.1757e-01,
           8.2692e-01, 6.3885e-01],
          [9.4041e-01, 5.0956e-01, 1.0189e-02,  ..., 6.5552e-01,
           2.6166e-01, 4.2629e-01],
          [5.7159e-01, 9.4080e-01, 9.4770e-01,  ..., 5.2613e-01,
           1.2867e-01, 7.0785e-01]],

         ...,

         [[5.1441e-01, 8.0733e-01, 3.5419e-01,  ..., 3.4122e-01,
           7.6084e-01, 1.0453e-01],
          [2.4729e-02, 1.4781e-01, 4.5457e-02,  ..., 4.4262e-01,
           6.9025e-02, 2.8806e-01],
          [8.4439e-01, 4.8759e-02, 2.6568e-01,  ..., 4.3894e-01,
           2.4280e-01, 5.0540e-02],
          ...,
          [1.3878e-01, 1.8860e-01, 2.3695e-01,  ..., 8.9033e-01,
           8.3083e-01, 5.1935e-01],
          [7.7501e-01, 4.6988e-02, 8.8336e-01,  ..., 9.2223e-01,
           9.3196e-01, 8.1394e-01],
          [8.3566e-01, 6.9084e-01, 5.3958e-01,  ..., 4.3671e-01,
           3.3154e-01, 2.8393e-01]],

         [[7.1295e-01, 4.6078e-01, 8.1701e-01,  ..., 7.0369e-01,
           5.6947e-01, 3.6338e-01],
          [5.8296e-01, 2.2336e-01, 9.1970e-01,  ..., 4.1297e-01,
           6.4292e-01, 7.2745e-01],
          [9.5151e-01, 6.3813e-01, 2.9534e-01,  ..., 8.5704e-01,
           8.3172e-01, 5.7757e-01],
          ...,
          [1.2928e-02, 7.6412e-01, 9.2493e-02,  ..., 1.1011e-01,
           7.5239e-01, 6.3267e-01],
          [5.5130e-01, 7.7408e-01, 6.9439e-01,  ..., 8.0190e-01,
           9.1424e-01, 5.4909e-01],
          [8.9886e-01, 1.6513e-01, 7.7275e-02,  ..., 2.8122e-01,
           3.9782e-01, 2.5249e-02]],

         [[5.6465e-01, 4.8199e-01, 7.0403e-01,  ..., 5.0439e-01,
           4.9591e-01, 1.0468e-01],
          [7.2622e-01, 7.6907e-01, 3.1564e-01,  ..., 5.7647e-02,
           9.6025e-01, 5.5558e-01],
          [9.6151e-02, 9.4697e-01, 4.4907e-01,  ..., 6.7528e-01,
           2.8955e-01, 3.8613e-01],
          ...,
          [9.9211e-01, 6.8629e-01, 2.7393e-01,  ..., 7.3729e-01,
           1.1421e-01, 5.3278e-01],
          [4.0375e-01, 9.5251e-01, 2.3703e-01,  ..., 4.6265e-01,
           8.1486e-02, 6.6284e-01],
          [6.1888e-01, 4.8392e-01, 4.0417e-01,  ..., 3.4294e-01,
           4.4824e-02, 2.9533e-01]]],


        [[[9.8718e-01, 4.6446e-01, 7.5140e-01,  ..., 4.6639e-01,
           5.2570e-03, 1.1143e-02],
          [9.1575e-01, 1.6122e-01, 6.7556e-01,  ..., 3.7509e-01,
           4.5938e-01, 3.9171e-01],
          [5.4109e-01, 2.8346e-01, 6.8342e-01,  ..., 7.1544e-02,
           1.9133e-01, 7.6832e-01],
          ...,
          [8.7369e-01, 5.8336e-01, 5.7260e-01,  ..., 4.9750e-02,
           2.6842e-01, 2.6554e-01],
          [8.8019e-01, 1.0044e-01, 9.2665e-01,  ..., 1.6870e-01,
           7.6327e-01, 7.7368e-02],
          [7.8811e-01, 7.3411e-01, 9.1523e-01,  ..., 6.7483e-01,
           1.3049e-01, 4.7248e-01]],

         [[9.7259e-01, 9.2868e-01, 1.7088e-01,  ..., 7.0090e-01,
           1.4219e-01, 8.9475e-01],
          [2.6934e-01, 3.6929e-01, 6.0759e-02,  ..., 2.1254e-01,
           5.9150e-01, 8.5343e-01],
          [8.9106e-01, 4.0661e-01, 1.5574e-01,  ..., 2.8028e-01,
           3.4947e-01, 7.4265e-01],
          ...,
          [3.4305e-01, 1.2474e-01, 4.0278e-02,  ..., 2.8944e-01,
           5.7075e-01, 4.9806e-01],
          [9.5508e-01, 6.0815e-01, 9.1095e-02,  ..., 2.7957e-01,
           6.7887e-01, 8.8879e-01],
          [1.3208e-01, 4.3901e-01, 2.5943e-01,  ..., 5.4693e-02,
           3.7732e-01, 6.7462e-01]],

         [[1.9389e-01, 8.5330e-01, 8.3929e-01,  ..., 9.9293e-02,
           6.7763e-01, 6.0761e-01],
          [4.1483e-01, 5.2221e-01, 7.1920e-01,  ..., 5.1580e-01,
           8.5607e-01, 2.0182e-01],
          [4.6357e-01, 7.1206e-01, 8.1736e-01,  ..., 4.5036e-01,
           1.1920e-01, 9.6145e-01],
          ...,
          [8.6610e-01, 8.9757e-01, 9.7589e-01,  ..., 8.7733e-01,
           7.8621e-01, 7.3271e-02],
          [8.4224e-01, 5.2845e-01, 2.7370e-01,  ..., 6.0728e-01,
           5.7589e-01, 5.2209e-01],
          [9.4240e-01, 1.6747e-01, 3.1494e-01,  ..., 9.9843e-01,
           6.4411e-01, 1.6220e-01]],

         ...,

         [[4.9619e-01, 6.9696e-01, 6.3288e-01,  ..., 5.1888e-01,
           6.7709e-02, 8.9603e-01],
          [5.4915e-01, 4.0255e-01, 1.2769e-01,  ..., 4.8924e-01,
           1.0659e-01, 4.6482e-01],
          [2.8894e-01, 7.5724e-01, 1.5634e-01,  ..., 2.9116e-01,
           2.3240e-01, 9.9621e-01],
          ...,
          [4.7099e-01, 1.1983e-01, 2.1087e-01,  ..., 1.6927e-01,
           9.2304e-01, 1.6420e-02],
          [5.0910e-01, 3.0746e-01, 9.9880e-01,  ..., 5.3093e-01,
           6.4779e-01, 6.5936e-01],
          [6.7713e-01, 2.7277e-01, 2.7148e-01,  ..., 4.7714e-01,
           8.9581e-02, 6.2079e-01]],

         [[8.0297e-01, 4.4969e-01, 8.8380e-01,  ..., 9.2787e-01,
           6.9696e-01, 4.4088e-01],
          [5.5325e-01, 2.7309e-01, 3.0718e-01,  ..., 8.9980e-01,
           7.4067e-01, 9.2833e-01],
          [1.6157e-02, 9.1795e-01, 2.1742e-02,  ..., 2.3992e-01,
           6.6506e-01, 3.0713e-01],
          ...,
          [4.8630e-01, 4.6937e-01, 4.9872e-01,  ..., 2.9453e-01,
           7.0476e-01, 8.2335e-01],
          [4.4828e-01, 8.7861e-01, 6.7906e-01,  ..., 1.5061e-02,
           9.5722e-01, 5.2213e-02],
          [3.5652e-01, 2.8448e-01, 2.9214e-02,  ..., 9.7797e-01,
           1.9750e-01, 4.0925e-01]],

         [[2.0013e-01, 1.6538e-01, 4.9974e-02,  ..., 6.4031e-01,
           1.1362e-01, 5.2446e-01],
          [8.1982e-01, 8.0930e-01, 4.1687e-01,  ..., 3.3437e-01,
           8.8127e-01, 5.3763e-01],
          [9.0787e-01, 6.2609e-01, 2.6101e-01,  ..., 1.3182e-01,
           5.8675e-01, 1.5248e-01],
          ...,
          [4.3267e-01, 7.5906e-01, 4.7980e-01,  ..., 6.6512e-01,
           3.3912e-01, 4.7242e-01],
          [6.0643e-01, 2.0401e-01, 6.9549e-02,  ..., 6.0008e-01,
           2.1944e-01, 4.1633e-01],
          [1.6317e-01, 7.6284e-01, 3.4481e-01,  ..., 6.3586e-01,
           7.5369e-01, 1.3340e-01]]]])
