tensor([[[[4.1487e-01, 4.0093e-01, 2.8875e-02,  ..., 4.5365e-01,
           8.4851e-01, 7.4243e-01],
          [2.4645e-01, 7.4753e-01, 3.1999e-01,  ..., 2.6492e-01,
           8.2604e-01, 7.5372e-01],
          [1.4442e-01, 4.5106e-01, 1.0147e-01,  ..., 5.8973e-01,
           8.7365e-01, 4.4287e-01],
          ...,
          [5.7118e-01, 5.4003e-01, 1.9626e-01,  ..., 1.2269e-01,
           7.0004e-01, 8.6755e-01],
          [9.7118e-01, 1.6276e-01, 6.5414e-01,  ..., 7.9469e-01,
           3.2150e-01, 3.3196e-01],
          [5.0769e-01, 7.2175e-01, 6.1975e-01,  ..., 7.8678e-01,
           6.1857e-01, 3.2322e-01]],

         [[6.0672e-01, 7.7990e-01, 3.4368e-01,  ..., 4.7102e-01,
           6.1382e-01, 4.2190e-01],
          [7.9295e-01, 4.7752e-01, 8.6671e-01,  ..., 5.5148e-01,
           8.8692e-01, 8.2492e-01],
          [9.5541e-01, 6.8558e-02, 5.8290e-01,  ..., 1.6754e-01,
           1.4711e-01, 3.5794e-01],
          ...,
          [8.7888e-01, 3.2871e-01, 7.7003e-01,  ..., 5.7156e-02,
           7.5739e-01, 4.4228e-01],
          [2.1555e-01, 3.5687e-01, 5.3925e-01,  ..., 4.5815e-01,
           3.8330e-01, 3.5201e-01],
          [1.2334e-01, 7.8438e-01, 5.0632e-01,  ..., 1.9982e-01,
           3.6969e-01, 1.8686e-01]],

         [[2.7989e-01, 4.7850e-01, 8.3061e-01,  ..., 9.2145e-01,
           8.6643e-02, 9.4090e-01],
          [4.0422e-01, 5.2350e-01, 3.8023e-01,  ..., 1.5650e-01,
           7.2181e-01, 4.2503e-01],
          [7.5461e-01, 1.9431e-01, 2.4133e-01,  ..., 7.7975e-01,
           2.2232e-01, 5.3275e-01],
          ...,
          [3.1153e-02, 7.8334e-01, 7.1884e-02,  ..., 9.2804e-01,
           3.8972e-01, 2.9120e-01],
          [8.5150e-01, 5.3244e-01, 4.2203e-01,  ..., 9.3785e-01,
           5.6262e-01, 9.3079e-01],
          [8.9016e-01, 2.2709e-01, 6.6049e-01,  ..., 9.9141e-01,
           4.9546e-01, 5.1488e-01]],

         ...,

         [[5.8511e-01, 8.0276e-01, 8.3138e-01,  ..., 5.2158e-01,
           4.8963e-02, 5.9027e-01],
          [2.0085e-01, 1.0322e-01, 6.9743e-01,  ..., 6.7196e-01,
           3.7074e-03, 7.5532e-01],
          [2.4801e-01, 9.1345e-01, 8.9756e-01,  ..., 3.5873e-01,
           6.1154e-01, 4.3083e-01],
          ...,
          [6.8553e-01, 4.2825e-01, 7.6168e-02,  ..., 7.1760e-01,
           8.6234e-01, 2.0362e-01],
          [2.4625e-01, 8.6904e-01, 7.3229e-01,  ..., 1.8113e-01,
           4.9607e-01, 8.8585e-01],
          [9.1991e-01, 4.8172e-01, 3.2550e-01,  ..., 1.8626e-01,
           3.5332e-01, 3.4646e-01]],

         [[2.1422e-01, 2.5426e-01, 3.7127e-01,  ..., 8.3924e-01,
           4.5589e-01, 7.9938e-01],
          [8.3736e-01, 2.7173e-02, 1.4501e-01,  ..., 5.6913e-01,
           7.6156e-02, 4.2424e-01],
          [8.5204e-01, 8.0027e-01, 4.8816e-01,  ..., 2.5378e-01,
           1.9977e-01, 3.4759e-01],
          ...,
          [4.2577e-01, 8.4100e-01, 6.5826e-01,  ..., 3.1626e-01,
           1.4598e-01, 4.0368e-01],
          [3.6295e-01, 6.8594e-01, 2.4230e-01,  ..., 5.8627e-01,
           3.5471e-01, 9.1110e-01],
          [7.0994e-01, 2.3688e-01, 5.6657e-02,  ..., 3.7369e-02,
           2.0063e-01, 3.8037e-01]],

         [[5.1958e-02, 7.1216e-01, 7.4377e-01,  ..., 3.8965e-01,
           2.5205e-01, 5.1034e-01],
          [6.2796e-01, 4.5692e-01, 8.4410e-01,  ..., 3.5292e-01,
           6.6198e-01, 5.8177e-01],
          [3.6618e-01, 8.6607e-01, 4.5588e-02,  ..., 9.3479e-01,
           6.2133e-01, 9.4573e-01],
          ...,
          [6.4106e-01, 3.1405e-01, 3.8629e-01,  ..., 3.5805e-02,
           6.5933e-01, 5.5310e-02],
          [3.2382e-02, 6.8546e-01, 6.3788e-01,  ..., 5.0987e-01,
           7.9336e-01, 8.3245e-01],
          [6.6021e-01, 3.3266e-01, 6.2988e-01,  ..., 3.8712e-01,
           7.0442e-01, 7.7685e-01]]],


        [[[6.9554e-01, 8.8389e-01, 5.4110e-01,  ..., 4.5210e-02,
           6.5344e-02, 2.2565e-01],
          [1.7227e-01, 1.2596e-01, 1.4040e-01,  ..., 5.6286e-01,
           3.9186e-01, 5.2668e-01],
          [9.7913e-01, 2.0457e-01, 1.4250e-01,  ..., 6.3931e-01,
           9.9742e-01, 2.4354e-02],
          ...,
          [8.8826e-01, 9.6698e-01, 4.3469e-01,  ..., 6.2099e-01,
           4.0329e-01, 9.8345e-01],
          [6.2218e-03, 2.2428e-01, 1.2708e-01,  ..., 4.5366e-01,
           4.6237e-01, 5.1978e-01],
          [8.9603e-01, 9.9989e-01, 7.7842e-01,  ..., 7.8456e-01,
           2.6131e-01, 2.6100e-01]],

         [[9.8282e-01, 7.3519e-02, 4.2922e-01,  ..., 3.5737e-01,
           7.6989e-01, 1.7085e-01],
          [1.1057e-01, 8.7245e-01, 9.2118e-01,  ..., 8.0477e-01,
           3.5438e-01, 4.0624e-01],
          [5.1429e-02, 8.4689e-01, 9.4033e-01,  ..., 9.2525e-01,
           5.7737e-01, 1.0948e-01],
          ...,
          [4.0160e-02, 7.8476e-01, 8.7134e-01,  ..., 8.5816e-01,
           7.5876e-01, 7.6845e-01],
          [8.6639e-01, 6.4072e-01, 1.3949e-01,  ..., 6.2975e-01,
           7.8196e-01, 5.4780e-01],
          [1.1479e-03, 9.7922e-01, 6.4772e-01,  ..., 5.3920e-01,
           2.4431e-01, 5.1866e-01]],

         [[2.0210e-01, 4.9414e-01, 1.9312e-01,  ..., 2.6788e-01,
           7.5973e-01, 8.1525e-01],
          [4.6411e-01, 1.7702e-01, 8.1232e-01,  ..., 4.8240e-01,
           2.3360e-01, 5.7933e-01],
          [5.1917e-02, 4.8586e-01, 9.0050e-01,  ..., 5.5171e-03,
           6.2237e-01, 7.7712e-01],
          ...,
          [6.4754e-01, 1.5312e-01, 3.9396e-01,  ..., 4.7791e-01,
           4.4584e-01, 1.4621e-02],
          [9.9692e-01, 6.0674e-01, 5.2717e-01,  ..., 3.0210e-01,
           9.6284e-01, 6.8251e-01],
          [6.7691e-01, 6.8359e-01, 5.2128e-01,  ..., 8.2923e-01,
           4.3682e-01, 8.7508e-01]],

         ...,

         [[8.4343e-01, 4.0957e-01, 2.1304e-02,  ..., 9.1185e-01,
           6.9512e-01, 7.8936e-01],
          [6.0593e-03, 1.1490e-01, 5.0288e-01,  ..., 6.4761e-01,
           6.8438e-01, 8.0654e-01],
          [2.5269e-01, 4.0572e-01, 2.9121e-01,  ..., 9.3872e-01,
           9.7760e-01, 2.7335e-01],
          ...,
          [4.5748e-01, 8.4425e-01, 2.7439e-01,  ..., 1.4950e-01,
           1.0987e-01, 5.9052e-01],
          [4.0115e-01, 1.4467e-01, 3.9790e-01,  ..., 6.7179e-01,
           9.1857e-01, 9.2078e-01],
          [2.3651e-01, 6.3913e-01, 7.3482e-01,  ..., 7.9222e-01,
           5.2375e-01, 2.5627e-01]],

         [[5.3213e-01, 8.0376e-01, 7.0936e-01,  ..., 9.0591e-01,
           5.4304e-01, 9.5777e-01],
          [4.0320e-01, 1.7389e-01, 9.0583e-01,  ..., 7.4060e-01,
           9.5015e-02, 4.2366e-01],
          [9.0215e-01, 7.7274e-01, 2.7289e-01,  ..., 3.7971e-01,
           9.9346e-01, 9.1747e-01],
          ...,
          [4.5896e-02, 2.5301e-02, 4.0470e-01,  ..., 6.4398e-01,
           7.6884e-02, 8.1830e-01],
          [6.4298e-01, 9.3024e-01, 3.8008e-01,  ..., 4.4303e-01,
           3.7663e-01, 4.4641e-01],
          [1.2871e-01, 1.9827e-01, 5.4242e-01,  ..., 8.9305e-01,
           1.1665e-01, 1.8830e-01]],

         [[5.4133e-01, 2.0486e-01, 8.6666e-01,  ..., 7.5144e-02,
           3.2586e-01, 7.5445e-01],
          [8.0845e-01, 6.8056e-01, 7.1739e-02,  ..., 6.9387e-01,
           6.7337e-01, 6.6990e-01],
          [3.3174e-02, 9.4969e-01, 8.4162e-01,  ..., 2.6688e-01,
           9.3246e-01, 6.4344e-01],
          ...,
          [1.4695e-01, 8.0835e-02, 4.9876e-01,  ..., 6.8509e-01,
           8.1230e-01, 5.3371e-01],
          [7.8290e-02, 1.4658e-01, 9.4072e-01,  ..., 9.7852e-02,
           2.7050e-01, 1.4367e-01],
          [4.7392e-01, 9.0004e-01, 3.4924e-01,  ..., 1.5693e-01,
           4.0116e-01, 2.2988e-01]]],


        [[[4.8000e-02, 5.3643e-01, 1.0817e-01,  ..., 3.0513e-01,
           1.3321e-02, 6.9736e-01],
          [6.2648e-01, 6.6600e-01, 8.4742e-01,  ..., 7.3125e-01,
           8.1482e-02, 2.2559e-01],
          [4.1237e-01, 4.3371e-01, 3.3122e-01,  ..., 9.0309e-01,
           7.4542e-01, 4.7798e-01],
          ...,
          [3.5600e-01, 5.4253e-03, 3.2780e-01,  ..., 9.2764e-01,
           5.7949e-01, 3.2998e-01],
          [6.9753e-01, 2.9015e-01, 4.8350e-01,  ..., 5.9951e-01,
           5.9443e-01, 5.7215e-01],
          [6.6986e-01, 3.1712e-01, 3.6199e-01,  ..., 8.5280e-01,
           2.6281e-01, 5.3690e-01]],

         [[8.3428e-01, 8.9146e-01, 7.1902e-01,  ..., 5.3954e-02,
           4.8856e-01, 9.6219e-01],
          [4.1316e-01, 9.8424e-01, 7.6449e-01,  ..., 3.0239e-01,
           3.1007e-01, 1.0478e-01],
          [4.3815e-01, 6.7651e-01, 3.6795e-01,  ..., 2.9723e-01,
           3.0715e-01, 2.3595e-01],
          ...,
          [3.8626e-02, 4.4686e-01, 1.1637e-01,  ..., 5.4148e-01,
           2.2620e-01, 3.5080e-01],
          [2.0775e-01, 9.1184e-01, 3.6898e-02,  ..., 9.3990e-01,
           7.4631e-02, 4.9154e-01],
          [5.1608e-01, 5.6604e-01, 2.0858e-01,  ..., 4.3049e-01,
           2.6403e-02, 1.1862e-01]],

         [[1.3832e-01, 4.3931e-01, 5.9406e-02,  ..., 7.3264e-01,
           7.2470e-01, 4.2733e-01],
          [4.3995e-01, 4.8997e-01, 7.8850e-01,  ..., 7.2595e-01,
           2.0748e-02, 3.7467e-01],
          [6.0167e-01, 3.8471e-01, 1.5696e-01,  ..., 1.9996e-01,
           5.2924e-01, 4.2005e-01],
          ...,
          [1.0586e-01, 7.1465e-01, 8.1584e-01,  ..., 2.6277e-01,
           4.8973e-01, 5.6931e-01],
          [8.2197e-03, 3.4888e-01, 6.2619e-01,  ..., 9.3582e-01,
           1.4735e-01, 4.8106e-01],
          [4.3391e-01, 5.4385e-02, 9.8086e-01,  ..., 8.2004e-03,
           6.0422e-01, 4.8167e-01]],

         ...,

         [[8.5139e-01, 2.5692e-01, 6.5721e-01,  ..., 1.2265e-01,
           2.8014e-01, 8.0620e-01],
          [3.6562e-01, 4.7634e-01, 4.7181e-02,  ..., 7.7743e-01,
           8.8639e-01, 3.4248e-01],
          [9.2102e-01, 7.7273e-01, 8.8464e-01,  ..., 9.7569e-01,
           3.8562e-01, 1.0728e-01],
          ...,
          [4.9896e-02, 5.2796e-01, 1.5032e-01,  ..., 2.4035e-01,
           9.8074e-01, 4.2308e-01],
          [3.1154e-02, 2.6972e-01, 4.3244e-01,  ..., 6.7548e-01,
           2.6803e-01, 4.0483e-01],
          [4.9529e-01, 6.4122e-01, 3.2998e-02,  ..., 1.1724e-01,
           7.4074e-01, 9.1525e-01]],

         [[2.9248e-01, 8.1166e-01, 4.0157e-01,  ..., 8.1297e-01,
           3.2797e-01, 1.1114e-01],
          [7.6616e-01, 5.9068e-01, 4.7512e-01,  ..., 6.4694e-01,
           3.7424e-02, 8.4516e-01],
          [8.7870e-01, 4.2486e-01, 7.5155e-01,  ..., 2.6689e-01,
           9.5193e-01, 7.5438e-01],
          ...,
          [9.9617e-01, 4.8170e-01, 1.2019e-01,  ..., 5.3402e-01,
           5.6594e-01, 6.5280e-01],
          [9.9944e-01, 1.7790e-01, 8.9304e-02,  ..., 3.5229e-01,
           3.7062e-01, 8.1768e-01],
          [9.7870e-01, 4.3879e-01, 3.7763e-01,  ..., 1.0722e-02,
           2.2590e-01, 9.7420e-01]],

         [[8.2412e-01, 9.1241e-01, 3.6580e-01,  ..., 7.6915e-01,
           3.9778e-01, 4.8689e-01],
          [5.3968e-01, 2.2431e-01, 4.2393e-01,  ..., 5.3190e-01,
           4.8710e-02, 6.7166e-01],
          [1.3065e-01, 3.8060e-01, 2.3589e-01,  ..., 5.6389e-01,
           9.8761e-02, 7.3944e-01],
          ...,
          [1.6734e-01, 5.9297e-02, 4.4982e-02,  ..., 4.4113e-01,
           6.7842e-01, 7.3281e-01],
          [7.6785e-01, 2.4885e-01, 9.0188e-01,  ..., 8.4299e-01,
           1.2202e-01, 7.9264e-01],
          [8.4301e-01, 5.3887e-01, 9.3493e-01,  ..., 9.4034e-01,
           7.9688e-01, 5.5657e-01]]],


        ...,


        [[[3.5362e-01, 7.0019e-01, 1.5509e-01,  ..., 7.0891e-01,
           7.2193e-01, 9.3707e-01],
          [3.7044e-01, 9.9336e-01, 5.7281e-01,  ..., 1.3662e-01,
           7.7063e-01, 4.6456e-01],
          [9.0695e-01, 2.6096e-02, 6.6209e-01,  ..., 3.1676e-01,
           4.5544e-01, 5.3508e-01],
          ...,
          [3.9782e-01, 9.8153e-01, 4.6831e-01,  ..., 2.9110e-01,
           7.0459e-01, 8.5604e-01],
          [5.0923e-01, 5.4869e-01, 7.7210e-01,  ..., 5.0227e-01,
           6.5902e-01, 6.4557e-01],
          [6.4473e-02, 7.9617e-02, 4.7235e-02,  ..., 2.9424e-01,
           5.3182e-01, 9.6972e-01]],

         [[2.9144e-01, 5.8799e-01, 4.4583e-01,  ..., 1.5332e-01,
           7.7455e-01, 1.5585e-01],
          [3.2704e-02, 5.2429e-01, 8.6984e-01,  ..., 8.4465e-01,
           9.6366e-01, 6.8119e-02],
          [9.7194e-01, 4.0148e-01, 2.0172e-01,  ..., 1.3445e-01,
           4.0184e-01, 6.0080e-01],
          ...,
          [9.5188e-01, 1.7955e-01, 8.9176e-01,  ..., 3.8831e-02,
           5.3049e-01, 1.7688e-01],
          [3.5623e-02, 2.3247e-01, 5.3021e-01,  ..., 9.9217e-01,
           7.8851e-01, 8.4159e-01],
          [3.9761e-01, 9.6682e-01, 3.2241e-03,  ..., 2.5080e-01,
           7.2024e-01, 6.9719e-01]],

         [[2.7281e-04, 5.7463e-01, 2.9844e-01,  ..., 3.8269e-01,
           4.4178e-01, 8.9620e-01],
          [2.3884e-02, 2.4545e-01, 3.7891e-01,  ..., 4.8209e-01,
           9.2945e-01, 3.9951e-01],
          [1.4560e-01, 8.1320e-01, 3.4525e-01,  ..., 9.4110e-01,
           6.6294e-01, 6.6508e-02],
          ...,
          [7.9340e-01, 3.0290e-01, 5.4001e-01,  ..., 9.7799e-01,
           9.8042e-01, 9.1930e-01],
          [7.8066e-02, 6.8133e-01, 9.2247e-02,  ..., 8.9158e-01,
           9.5794e-02, 8.3541e-02],
          [5.0604e-01, 2.9718e-01, 5.8400e-01,  ..., 4.9950e-01,
           2.3931e-01, 6.3031e-01]],

         ...,

         [[5.0355e-01, 5.4490e-01, 2.8513e-01,  ..., 9.0241e-01,
           7.5094e-01, 6.8485e-01],
          [1.9489e-01, 1.6914e-01, 4.4007e-01,  ..., 5.9747e-01,
           5.2240e-01, 2.2026e-01],
          [6.6120e-02, 5.8267e-01, 1.3496e-01,  ..., 3.1277e-01,
           3.4153e-01, 6.8961e-01],
          ...,
          [5.2796e-01, 3.1253e-01, 4.1977e-02,  ..., 5.9516e-01,
           5.9478e-01, 6.5463e-01],
          [2.4491e-02, 9.0380e-01, 7.0787e-01,  ..., 6.2606e-01,
           8.1618e-01, 2.1884e-01],
          [3.2213e-01, 2.7204e-01, 4.4038e-01,  ..., 4.1252e-01,
           2.6343e-02, 6.3580e-01]],

         [[6.3633e-01, 5.0350e-01, 2.4552e-01,  ..., 8.1983e-01,
           1.4981e-01, 2.8737e-01],
          [5.6480e-01, 7.6270e-01, 2.3207e-02,  ..., 7.9466e-01,
           4.0468e-02, 5.1388e-02],
          [2.5525e-01, 3.5751e-01, 3.8650e-01,  ..., 3.2002e-01,
           4.7235e-01, 5.4845e-02],
          ...,
          [3.1974e-01, 9.4682e-01, 6.5468e-01,  ..., 8.1704e-01,
           4.9385e-01, 1.0352e-01],
          [7.5064e-01, 8.1218e-01, 3.9147e-02,  ..., 2.5115e-01,
           2.5919e-02, 7.7705e-01],
          [4.1774e-01, 2.7430e-01, 4.7932e-02,  ..., 4.4669e-01,
           4.1084e-01, 6.5704e-01]],

         [[6.3177e-01, 8.3497e-01, 7.9027e-01,  ..., 3.6872e-01,
           7.0752e-01, 8.4498e-01],
          [5.3909e-01, 5.3120e-01, 6.4896e-01,  ..., 9.4045e-01,
           2.1961e-01, 5.6971e-01],
          [2.1700e-01, 7.2129e-02, 2.3725e-01,  ..., 7.5568e-01,
           9.9668e-01, 6.9997e-01],
          ...,
          [1.4187e-01, 5.0122e-01, 8.5235e-01,  ..., 1.4328e-02,
           3.9777e-01, 8.7468e-02],
          [8.3651e-01, 5.9945e-01, 6.0411e-01,  ..., 9.9921e-01,
           3.5695e-01, 2.9570e-01],
          [2.8284e-01, 8.5720e-01, 2.4689e-01,  ..., 5.7892e-01,
           9.5161e-01, 2.0440e-01]]],


        [[[1.2598e-01, 7.7438e-01, 1.2980e-01,  ..., 1.2128e-01,
           8.6655e-01, 1.6694e-01],
          [2.6359e-01, 6.3409e-03, 9.7890e-01,  ..., 3.2293e-01,
           4.7335e-01, 3.8520e-01],
          [5.7883e-01, 4.3636e-01, 5.8396e-01,  ..., 2.7788e-01,
           4.5295e-01, 9.5136e-01],
          ...,
          [9.4941e-01, 1.3444e-01, 9.9306e-01,  ..., 4.9877e-01,
           6.0401e-01, 6.3734e-01],
          [1.6932e-02, 3.6826e-01, 5.7267e-01,  ..., 7.2833e-02,
           1.0635e-01, 7.7507e-01],
          [2.6870e-01, 3.5846e-01, 2.8981e-01,  ..., 3.4201e-01,
           1.1987e-01, 3.1207e-01]],

         [[5.3526e-01, 8.1772e-01, 8.8139e-01,  ..., 5.0675e-01,
           8.3663e-02, 6.2378e-01],
          [7.3537e-01, 5.3689e-01, 5.3098e-01,  ..., 2.1440e-01,
           4.4913e-01, 3.7968e-01],
          [8.9406e-01, 3.5439e-01, 2.4139e-01,  ..., 8.9245e-01,
           2.3143e-01, 6.5619e-01],
          ...,
          [2.8375e-01, 6.5323e-01, 7.7809e-01,  ..., 2.8901e-01,
           2.9090e-01, 6.4761e-01],
          [1.6718e-01, 7.5272e-02, 7.2859e-01,  ..., 1.1588e-01,
           8.1551e-01, 4.6727e-01],
          [6.9638e-03, 8.3448e-01, 6.4014e-01,  ..., 6.7312e-01,
           8.0586e-01, 8.0041e-02]],

         [[5.0804e-01, 3.2636e-01, 8.8910e-01,  ..., 8.1922e-01,
           8.3745e-01, 7.6935e-01],
          [7.0501e-02, 2.9155e-01, 9.5332e-01,  ..., 2.2585e-01,
           5.7433e-01, 4.8018e-01],
          [8.7260e-01, 8.9584e-01, 6.1094e-01,  ..., 3.4891e-02,
           4.9244e-01, 5.6078e-01],
          ...,
          [3.1307e-01, 9.3426e-01, 5.3965e-01,  ..., 3.0837e-02,
           3.3964e-01, 1.0038e-01],
          [9.0895e-01, 5.9110e-01, 6.8829e-01,  ..., 9.9959e-01,
           6.6110e-02, 8.6675e-02],
          [5.8019e-01, 5.6380e-02, 4.1704e-01,  ..., 3.6374e-01,
           3.2702e-01, 2.5614e-01]],

         ...,

         [[9.0133e-01, 4.1684e-01, 1.2174e-01,  ..., 4.9114e-01,
           3.3275e-02, 2.4331e-02],
          [6.7054e-03, 8.8047e-01, 4.9440e-01,  ..., 6.4392e-01,
           6.0028e-01, 9.6549e-01],
          [2.9965e-01, 5.6833e-01, 1.3038e-01,  ..., 2.8326e-01,
           5.2505e-02, 2.0870e-01],
          ...,
          [6.0107e-01, 1.5979e-03, 6.2489e-01,  ..., 3.1575e-01,
           2.6250e-01, 6.5173e-01],
          [5.6550e-01, 6.8152e-01, 7.4272e-01,  ..., 7.7059e-02,
           8.2586e-01, 5.4622e-02],
          [6.4607e-01, 1.5419e-01, 8.5420e-01,  ..., 4.8732e-01,
           8.9808e-01, 9.7229e-01]],

         [[3.3966e-01, 1.5440e-01, 5.7096e-01,  ..., 3.8997e-01,
           1.3475e-01, 9.6897e-01],
          [6.9989e-01, 9.2567e-01, 8.3790e-01,  ..., 7.1662e-01,
           8.2946e-01, 3.8386e-01],
          [7.1922e-01, 8.8082e-01, 6.4622e-01,  ..., 4.2047e-01,
           6.1378e-01, 4.6585e-01],
          ...,
          [4.8645e-01, 1.1895e-01, 8.2701e-01,  ..., 4.5951e-01,
           7.7573e-01, 3.8462e-01],
          [9.1915e-01, 3.4538e-02, 9.1241e-01,  ..., 1.0404e-01,
           8.3633e-02, 1.2371e-02],
          [9.0356e-01, 2.9486e-01, 4.7788e-01,  ..., 1.4469e-01,
           3.2977e-01, 1.0664e-01]],

         [[8.5203e-01, 8.0132e-01, 8.1615e-01,  ..., 2.6879e-01,
           5.4344e-01, 1.1758e-01],
          [9.4306e-01, 5.5057e-01, 1.9548e-01,  ..., 9.2327e-01,
           6.0654e-01, 6.4422e-01],
          [2.7533e-01, 7.6717e-01, 4.8893e-01,  ..., 3.7566e-01,
           2.4637e-01, 7.8084e-01],
          ...,
          [7.5850e-01, 2.7091e-01, 7.2697e-01,  ..., 8.5855e-01,
           5.6559e-03, 5.4454e-01],
          [7.4767e-01, 7.2586e-01, 1.9867e-01,  ..., 5.5349e-01,
           7.3892e-01, 8.7851e-01],
          [4.6604e-01, 5.2219e-01, 7.1750e-01,  ..., 1.5104e-01,
           4.4781e-01, 5.0785e-01]]],


        [[[9.5779e-01, 9.7142e-01, 7.5334e-02,  ..., 8.1657e-01,
           8.7077e-01, 4.2123e-01],
          [6.4388e-01, 5.3778e-01, 7.0298e-01,  ..., 4.0173e-02,
           2.0153e-01, 3.1199e-02],
          [2.8521e-01, 8.2015e-01, 3.1458e-01,  ..., 3.2559e-01,
           2.5705e-01, 4.4382e-01],
          ...,
          [2.1298e-01, 1.7004e-01, 2.2473e-02,  ..., 2.3093e-01,
           4.1154e-02, 1.7031e-01],
          [4.3032e-01, 3.6624e-01, 6.6728e-01,  ..., 5.6341e-01,
           1.1994e-01, 8.0572e-01],
          [5.7862e-01, 3.9237e-01, 9.5279e-01,  ..., 9.9215e-01,
           6.6601e-01, 5.4518e-01]],

         [[7.5789e-01, 5.4585e-01, 7.8902e-01,  ..., 4.3855e-01,
           9.2933e-01, 1.6005e-01],
          [9.5979e-01, 7.2011e-01, 6.2254e-01,  ..., 2.3855e-01,
           3.4261e-02, 6.0873e-01],
          [5.1751e-01, 3.1895e-01, 8.9860e-01,  ..., 6.7390e-01,
           8.5042e-01, 3.3859e-02],
          ...,
          [4.9687e-02, 8.6217e-01, 5.1399e-01,  ..., 3.7761e-01,
           8.7681e-02, 2.1561e-01],
          [4.8097e-01, 3.4143e-01, 7.1899e-01,  ..., 8.7919e-01,
           3.8214e-01, 5.6626e-01],
          [5.1248e-02, 3.7894e-01, 6.8028e-01,  ..., 5.7726e-01,
           8.8870e-01, 7.9215e-01]],

         [[3.8124e-01, 2.3970e-01, 8.5636e-01,  ..., 4.0225e-01,
           5.4911e-01, 9.8047e-01],
          [1.4947e-01, 6.4877e-01, 9.3858e-01,  ..., 4.1908e-01,
           6.9884e-01, 1.8669e-01],
          [2.4145e-01, 2.4069e-01, 5.9079e-01,  ..., 9.9766e-01,
           6.3331e-01, 8.1881e-01],
          ...,
          [6.5426e-01, 2.2077e-01, 4.5345e-01,  ..., 3.3825e-01,
           8.9058e-01, 3.1688e-01],
          [7.9732e-01, 1.8744e-01, 3.0123e-01,  ..., 5.7525e-01,
           8.6380e-01, 5.8572e-02],
          [3.6081e-01, 7.5861e-01, 9.7775e-01,  ..., 5.0419e-01,
           3.8685e-02, 1.6966e-01]],

         ...,

         [[6.1976e-01, 8.5865e-01, 3.7443e-01,  ..., 7.0473e-01,
           7.9437e-02, 1.2115e-01],
          [2.6803e-01, 5.1662e-01, 1.3066e-01,  ..., 9.2938e-01,
           3.6080e-01, 7.4160e-01],
          [2.3463e-02, 3.2044e-01, 3.1828e-01,  ..., 5.2860e-01,
           4.0893e-01, 8.5523e-01],
          ...,
          [4.5969e-02, 9.1571e-01, 3.0311e-01,  ..., 9.1812e-01,
           7.5130e-01, 4.2683e-01],
          [5.5070e-02, 4.5273e-01, 1.4765e-01,  ..., 4.7231e-01,
           8.4479e-01, 6.8925e-01],
          [3.9862e-01, 2.6641e-01, 3.3696e-01,  ..., 6.8958e-01,
           4.8507e-01, 4.7332e-01]],

         [[7.2301e-01, 5.6111e-01, 7.0249e-01,  ..., 2.7287e-01,
           8.6495e-01, 2.7349e-02],
          [9.2260e-01, 6.4491e-01, 7.7578e-01,  ..., 3.6370e-02,
           1.6656e-01, 5.8122e-02],
          [1.5235e-01, 5.5751e-01, 6.9463e-01,  ..., 3.0060e-01,
           4.2080e-01, 7.0568e-01],
          ...,
          [6.4244e-01, 6.6983e-01, 1.4299e-02,  ..., 4.3077e-01,
           8.6959e-02, 4.1944e-01],
          [3.3209e-01, 3.5057e-02, 1.8041e-01,  ..., 2.6607e-01,
           1.0522e-01, 5.2595e-01],
          [7.4675e-01, 8.9531e-02, 6.6837e-01,  ..., 2.0969e-01,
           1.0014e-01, 6.0987e-01]],

         [[2.9756e-01, 4.3557e-01, 7.2842e-01,  ..., 4.4808e-01,
           6.7171e-01, 2.5358e-02],
          [4.2386e-01, 2.6424e-01, 4.7087e-01,  ..., 4.7254e-02,
           5.7377e-01, 5.0943e-01],
          [6.8675e-01, 4.9378e-01, 9.7889e-01,  ..., 8.2766e-01,
           9.2918e-01, 3.3836e-01],
          ...,
          [4.8444e-01, 6.5914e-01, 3.5382e-01,  ..., 9.4866e-01,
           9.6524e-01, 1.2912e-01],
          [8.9018e-01, 3.8205e-01, 3.9447e-01,  ..., 5.9373e-01,
           7.0439e-01, 1.6480e-01],
          [2.1067e-01, 4.8690e-01, 3.7843e-01,  ..., 2.5497e-01,
           1.7589e-02, 3.2201e-01]]]])
