tensor([[[[4.6226e-01, 8.8816e-02, 5.4909e-01,  ..., 3.2520e-03,
           6.6156e-01, 1.2364e-01],
          [1.1585e-01, 5.7002e-01, 8.9225e-01,  ..., 7.9544e-01,
           8.8457e-01, 1.5902e-01],
          [6.9628e-01, 7.7486e-02, 8.0142e-01,  ..., 8.1756e-01,
           3.1360e-02, 8.5469e-01],
          ...,
          [7.7427e-01, 3.7295e-01, 7.5267e-01,  ..., 8.5690e-01,
           2.3276e-01, 4.3463e-01],
          [8.1016e-01, 3.5556e-01, 1.5435e-02,  ..., 8.3416e-01,
           7.9468e-02, 7.5306e-01],
          [5.9474e-01, 8.0806e-01, 4.8580e-01,  ..., 4.5657e-01,
           2.2886e-01, 3.7533e-01]],

         [[6.3595e-01, 1.2156e-01, 7.5587e-02,  ..., 1.4684e-01,
           5.7882e-01, 3.7708e-01],
          [5.4745e-01, 9.4610e-01, 6.6040e-01,  ..., 1.4520e-01,
           7.9724e-01, 6.6693e-01],
          [3.6250e-02, 5.0442e-01, 9.2668e-01,  ..., 7.6323e-02,
           3.7783e-02, 6.3446e-01],
          ...,
          [6.3182e-02, 7.1541e-01, 3.8224e-01,  ..., 9.5636e-01,
           7.9856e-01, 3.1766e-01],
          [7.8006e-01, 6.2187e-02, 2.2253e-01,  ..., 9.3640e-01,
           9.7018e-01, 4.6311e-01],
          [6.0891e-01, 9.3916e-01, 8.6370e-01,  ..., 8.6499e-01,
           8.8822e-01, 7.9519e-02]],

         [[8.6192e-02, 2.9857e-01, 1.1172e-01,  ..., 1.6899e-02,
           8.4720e-01, 4.3078e-01],
          [9.6773e-01, 3.8398e-01, 4.7150e-01,  ..., 6.3525e-01,
           7.3557e-01, 4.2427e-01],
          [8.7693e-02, 2.4067e-01, 7.1618e-01,  ..., 4.0238e-02,
           3.1805e-01, 7.2173e-01],
          ...,
          [2.5065e-01, 2.6404e-01, 4.8839e-01,  ..., 3.8687e-01,
           4.9923e-01, 4.0241e-01],
          [9.9991e-01, 5.0690e-01, 7.7658e-01,  ..., 4.0663e-01,
           3.8586e-01, 9.7840e-01],
          [6.6733e-01, 1.8521e-01, 2.4656e-01,  ..., 2.1784e-01,
           8.2575e-01, 7.1415e-01]],

         ...,

         [[3.1506e-01, 9.8839e-01, 6.7238e-01,  ..., 7.5003e-01,
           5.0883e-01, 4.8046e-01],
          [6.2172e-01, 6.0845e-02, 1.4724e-01,  ..., 1.3730e-01,
           4.0219e-01, 5.7385e-01],
          [2.9450e-01, 7.8445e-01, 7.6378e-02,  ..., 7.8344e-02,
           9.2070e-01, 6.8743e-02],
          ...,
          [6.0411e-01, 8.6194e-01, 4.0696e-01,  ..., 7.6736e-01,
           3.2320e-01, 3.4865e-01],
          [6.6291e-01, 4.3040e-01, 8.9943e-01,  ..., 7.1506e-01,
           9.0421e-02, 5.1684e-01],
          [2.9938e-01, 7.5100e-01, 3.8481e-01,  ..., 4.1583e-01,
           4.3719e-01, 4.7294e-01]],

         [[8.4569e-01, 1.4693e-01, 8.4358e-01,  ..., 2.9136e-01,
           2.9096e-01, 4.9535e-01],
          [6.3864e-01, 9.6729e-01, 3.2481e-01,  ..., 1.5187e-01,
           4.7376e-02, 3.7397e-01],
          [1.5484e-01, 8.4560e-01, 1.2344e-01,  ..., 9.6449e-01,
           4.5137e-01, 2.7186e-01],
          ...,
          [3.9790e-01, 1.8439e-01, 5.3444e-01,  ..., 3.2543e-01,
           1.4165e-01, 7.2724e-01],
          [3.6708e-01, 4.2867e-01, 4.0696e-01,  ..., 9.3609e-01,
           3.8917e-01, 5.6786e-01],
          [8.9876e-01, 4.6750e-02, 5.8372e-01,  ..., 7.1457e-01,
           2.6678e-01, 7.7757e-01]],

         [[2.4778e-01, 6.5565e-01, 3.6747e-01,  ..., 9.4093e-02,
           3.9460e-01, 4.0948e-02],
          [8.5692e-01, 7.4130e-02, 5.4860e-01,  ..., 4.7533e-01,
           6.0369e-01, 5.1201e-01],
          [9.4789e-01, 5.2372e-01, 6.5046e-02,  ..., 3.4887e-01,
           4.5959e-01, 7.8821e-02],
          ...,
          [8.6068e-02, 9.3816e-01, 1.1774e-01,  ..., 3.4769e-01,
           2.7899e-01, 9.3351e-01],
          [9.9477e-01, 3.2068e-01, 9.2525e-01,  ..., 7.7077e-01,
           8.6379e-01, 9.9773e-01],
          [9.0595e-01, 4.5653e-01, 2.2411e-01,  ..., 1.4592e-01,
           4.2068e-01, 5.5227e-01]]],


        [[[6.2832e-01, 5.3192e-01, 3.3895e-01,  ..., 2.7228e-01,
           1.4157e-01, 5.8497e-01],
          [4.4765e-01, 1.0014e-01, 2.5490e-01,  ..., 2.3058e-01,
           1.4888e-01, 3.4125e-01],
          [6.2070e-02, 4.9128e-01, 1.5372e-01,  ..., 8.9887e-01,
           6.2299e-01, 4.9134e-01],
          ...,
          [3.3855e-01, 3.2310e-01, 2.1809e-01,  ..., 7.3991e-02,
           1.1149e-01, 2.8036e-01],
          [5.3150e-01, 4.2205e-01, 6.9871e-01,  ..., 4.0733e-01,
           2.0211e-02, 9.5789e-01],
          [1.6715e-01, 6.2743e-01, 8.8183e-01,  ..., 7.1019e-01,
           9.3704e-02, 7.6998e-01]],

         [[7.9965e-01, 4.0797e-01, 4.7629e-02,  ..., 8.3676e-02,
           2.6838e-01, 1.8942e-01],
          [7.6837e-01, 2.3082e-01, 7.9142e-01,  ..., 5.2107e-01,
           8.2663e-01, 1.6981e-01],
          [4.9320e-01, 1.9079e-01, 8.6351e-01,  ..., 5.0739e-01,
           1.7938e-01, 8.0775e-01],
          ...,
          [3.3914e-01, 5.0070e-01, 6.2687e-01,  ..., 9.3011e-01,
           3.6157e-01, 1.4297e-01],
          [5.8952e-01, 1.1043e-01, 2.6488e-02,  ..., 6.0535e-01,
           1.2133e-01, 2.1355e-01],
          [7.7652e-01, 5.1459e-01, 8.2226e-01,  ..., 4.2670e-01,
           2.4958e-01, 7.9620e-01]],

         [[3.8274e-01, 7.6320e-01, 1.9364e-01,  ..., 1.1542e-01,
           6.1034e-01, 9.0000e-01],
          [3.9843e-01, 9.1947e-02, 5.2610e-01,  ..., 1.3909e-01,
           7.5897e-01, 3.3439e-02],
          [1.2926e-02, 5.1366e-01, 4.5616e-01,  ..., 7.2288e-01,
           4.0076e-01, 9.4972e-01],
          ...,
          [1.3386e-01, 1.2790e-01, 2.1074e-01,  ..., 7.7091e-01,
           7.7981e-01, 7.7893e-01],
          [9.6357e-01, 7.3617e-01, 2.5902e-01,  ..., 1.6717e-02,
           7.8615e-01, 2.9417e-01],
          [2.3830e-01, 1.9120e-01, 6.6014e-01,  ..., 9.9811e-01,
           1.4821e-01, 4.3042e-01]],

         ...,

         [[7.4210e-01, 1.9450e-01, 2.9890e-01,  ..., 9.7884e-01,
           1.6270e-03, 1.5466e-01],
          [2.2414e-01, 1.6012e-03, 4.8753e-01,  ..., 3.9639e-01,
           7.5962e-01, 4.5312e-01],
          [4.2638e-03, 7.7620e-01, 4.5444e-01,  ..., 8.4104e-01,
           2.4071e-01, 9.5649e-01],
          ...,
          [5.7794e-01, 6.1786e-01, 5.5666e-01,  ..., 9.5512e-01,
           3.9420e-02, 9.6406e-01],
          [8.9521e-01, 3.9509e-01, 6.7210e-01,  ..., 5.7163e-01,
           4.0606e-02, 5.6013e-01],
          [5.4337e-01, 8.2574e-03, 4.1034e-01,  ..., 1.4480e-01,
           2.9884e-01, 2.4395e-01]],

         [[9.8506e-01, 3.3948e-02, 5.5081e-02,  ..., 6.6859e-01,
           1.6415e-01, 6.8232e-01],
          [7.9079e-01, 8.8161e-01, 3.3705e-01,  ..., 8.5766e-01,
           6.1799e-01, 1.0720e-01],
          [1.5923e-01, 6.3401e-01, 5.2720e-01,  ..., 6.7997e-01,
           2.6281e-01, 8.1411e-01],
          ...,
          [3.9652e-01, 3.0353e-01, 4.7472e-02,  ..., 8.3865e-01,
           1.8460e-01, 5.9432e-01],
          [8.0864e-01, 7.8126e-01, 3.4594e-01,  ..., 9.0999e-01,
           3.7782e-01, 8.6655e-01],
          [7.0468e-01, 3.8488e-03, 5.3199e-02,  ..., 7.7401e-01,
           8.8510e-01, 2.6495e-01]],

         [[7.5618e-01, 8.7009e-01, 8.4092e-01,  ..., 5.0056e-01,
           7.6475e-01, 1.8542e-01],
          [3.8578e-02, 5.2861e-01, 3.8351e-01,  ..., 8.4496e-01,
           8.6701e-02, 3.0667e-01],
          [7.3879e-01, 4.4137e-01, 5.1273e-01,  ..., 2.9515e-02,
           8.3407e-01, 4.5518e-01],
          ...,
          [1.2484e-01, 5.1581e-01, 9.9203e-01,  ..., 1.0185e-01,
           6.2859e-01, 6.2982e-02],
          [7.0038e-01, 9.9017e-01, 3.4543e-01,  ..., 2.3257e-01,
           8.0117e-01, 4.1413e-01],
          [5.5015e-01, 3.4178e-02, 7.1303e-01,  ..., 1.5313e-01,
           9.7113e-01, 4.9360e-01]]],


        [[[1.6515e-01, 9.1875e-01, 8.7447e-01,  ..., 4.0846e-01,
           4.3634e-01, 5.6905e-01],
          [4.5796e-01, 4.4354e-01, 6.1690e-01,  ..., 2.5484e-01,
           1.5153e-01, 9.0744e-01],
          [1.9675e-01, 5.3481e-01, 8.0046e-01,  ..., 7.7907e-01,
           7.3381e-01, 5.7863e-01],
          ...,
          [5.6914e-01, 8.2118e-01, 1.1699e-01,  ..., 2.8965e-01,
           3.3140e-01, 2.0176e-01],
          [5.5129e-01, 7.4511e-01, 5.4099e-01,  ..., 9.8746e-01,
           3.0816e-01, 9.6572e-01],
          [9.1028e-01, 7.5514e-02, 2.7515e-02,  ..., 4.1233e-01,
           7.6165e-01, 8.5668e-01]],

         [[7.1800e-01, 3.5287e-01, 8.2557e-01,  ..., 6.4312e-02,
           1.1577e-01, 8.9363e-02],
          [7.7619e-01, 2.9053e-01, 3.1855e-01,  ..., 2.4465e-01,
           6.4975e-01, 6.6598e-01],
          [4.5395e-01, 8.8906e-01, 7.5419e-01,  ..., 5.8290e-01,
           2.1474e-01, 4.3964e-01],
          ...,
          [4.1664e-01, 5.2871e-01, 8.4826e-01,  ..., 3.6455e-01,
           4.8081e-01, 9.8423e-01],
          [3.4303e-01, 4.0885e-01, 2.5946e-01,  ..., 8.8330e-01,
           1.7583e-01, 8.5695e-01],
          [1.7746e-01, 7.1578e-01, 9.7895e-01,  ..., 5.9842e-01,
           2.6704e-02, 1.9167e-01]],

         [[1.9115e-01, 6.2169e-01, 5.4457e-01,  ..., 4.9386e-01,
           7.5083e-01, 2.3596e-01],
          [8.5293e-01, 6.9270e-01, 2.6452e-01,  ..., 5.5118e-01,
           8.9187e-02, 8.8196e-01],
          [5.9951e-01, 2.5337e-01, 1.2715e-03,  ..., 5.2610e-01,
           5.3336e-01, 5.0203e-02],
          ...,
          [1.6768e-01, 5.8157e-01, 1.7742e-01,  ..., 7.3507e-01,
           2.2605e-01, 3.7594e-01],
          [6.2364e-04, 6.9469e-02, 2.0490e-01,  ..., 5.8153e-02,
           5.0620e-01, 1.7337e-01],
          [8.4676e-01, 8.3579e-01, 1.6508e-01,  ..., 8.5626e-01,
           5.3147e-01, 9.0195e-02]],

         ...,

         [[9.1393e-01, 2.1355e-01, 9.6283e-02,  ..., 2.4474e-01,
           8.1019e-01, 4.5095e-01],
          [8.6684e-01, 3.4262e-01, 2.1823e-01,  ..., 5.0189e-01,
           2.9487e-01, 3.4780e-01],
          [2.9289e-01, 6.5740e-01, 7.7480e-01,  ..., 4.9793e-01,
           4.3289e-01, 9.4797e-01],
          ...,
          [9.2051e-01, 7.1823e-01, 2.8327e-01,  ..., 5.3957e-01,
           2.9603e-01, 8.0360e-01],
          [7.3903e-01, 4.6317e-01, 5.2805e-01,  ..., 4.2319e-02,
           9.4109e-01, 6.1039e-01],
          [3.0992e-01, 7.6449e-01, 8.2074e-01,  ..., 4.3422e-01,
           3.1402e-01, 4.6460e-01]],

         [[1.4556e-01, 1.1737e-03, 3.0245e-01,  ..., 2.8300e-01,
           2.3310e-01, 9.0916e-01],
          [3.5287e-01, 8.2646e-01, 8.9740e-01,  ..., 6.0402e-01,
           9.0723e-01, 3.5826e-02],
          [9.2253e-01, 6.5657e-01, 9.6081e-01,  ..., 3.7368e-01,
           5.3494e-01, 6.3279e-01],
          ...,
          [3.4752e-01, 7.0311e-01, 5.2481e-01,  ..., 9.9504e-01,
           8.3313e-01, 3.8130e-01],
          [9.5970e-01, 3.6927e-01, 8.1641e-01,  ..., 6.9589e-01,
           1.5552e-01, 4.5924e-01],
          [3.1039e-01, 8.5940e-01, 6.7667e-01,  ..., 9.0882e-02,
           7.7562e-01, 2.6026e-01]],

         [[6.5035e-01, 3.8839e-01, 9.4681e-01,  ..., 1.2775e-01,
           1.2401e-01, 2.9990e-01],
          [1.5456e-01, 9.3431e-01, 3.4081e-01,  ..., 9.3224e-01,
           1.2522e-01, 9.6791e-01],
          [5.3562e-01, 5.9331e-01, 5.0651e-01,  ..., 1.1131e-01,
           1.0553e-01, 6.9596e-01],
          ...,
          [1.3929e-01, 7.8304e-01, 4.2200e-01,  ..., 4.9469e-01,
           5.0151e-01, 6.3531e-01],
          [5.0881e-01, 8.7307e-01, 1.0539e-01,  ..., 2.0999e-01,
           2.6715e-04, 4.4962e-01],
          [2.6522e-02, 8.2577e-01, 1.2651e-01,  ..., 7.5579e-01,
           5.7208e-01, 8.8827e-01]]],


        ...,


        [[[1.0177e-01, 9.2991e-01, 7.3000e-01,  ..., 1.0592e-01,
           8.8313e-01, 8.3150e-01],
          [9.7820e-02, 8.2406e-01, 1.7573e-02,  ..., 5.2103e-01,
           1.7575e-01, 9.8677e-01],
          [7.6798e-01, 4.5861e-01, 2.6422e-01,  ..., 9.0497e-01,
           4.3684e-01, 2.7136e-01],
          ...,
          [7.3545e-01, 4.6440e-01, 2.2959e-01,  ..., 4.4351e-01,
           1.7670e-01, 4.2138e-01],
          [1.6598e-01, 8.5061e-01, 3.9378e-01,  ..., 9.6951e-01,
           4.3985e-01, 5.1773e-02],
          [6.9796e-01, 9.2658e-01, 6.1904e-01,  ..., 7.2607e-01,
           2.7587e-01, 2.8578e-01]],

         [[6.0007e-01, 4.3471e-02, 4.5087e-01,  ..., 5.2285e-01,
           1.8548e-01, 3.7074e-01],
          [1.1776e-01, 9.4303e-01, 9.7976e-01,  ..., 2.9876e-01,
           7.9334e-01, 6.0977e-01],
          [9.3883e-02, 5.1374e-01, 1.9617e-01,  ..., 6.4837e-01,
           2.0244e-01, 6.1241e-01],
          ...,
          [9.2846e-01, 1.3959e-01, 5.3136e-01,  ..., 2.8185e-01,
           9.1313e-01, 9.0420e-01],
          [9.8784e-01, 9.6293e-01, 5.6401e-01,  ..., 1.5692e-01,
           9.8247e-01, 1.1465e-01],
          [2.7740e-01, 4.0280e-02, 9.1203e-01,  ..., 9.4774e-01,
           6.6542e-01, 8.6618e-01]],

         [[6.8191e-01, 4.4838e-01, 9.6071e-01,  ..., 2.4495e-01,
           2.9342e-01, 1.6812e-01],
          [2.2771e-01, 8.5487e-01, 1.8226e-01,  ..., 8.5192e-01,
           1.2696e-02, 2.3433e-01],
          [7.5012e-01, 2.1317e-01, 9.4650e-01,  ..., 9.5998e-01,
           8.2057e-02, 9.2384e-01],
          ...,
          [1.3813e-01, 3.2947e-01, 5.7059e-01,  ..., 7.3516e-01,
           1.8918e-01, 3.6046e-01],
          [1.1232e-01, 8.5529e-01, 2.0275e-01,  ..., 6.4347e-01,
           7.0441e-01, 2.6268e-01],
          [3.1996e-01, 9.9958e-01, 9.3063e-01,  ..., 1.8573e-01,
           5.1994e-01, 4.7122e-01]],

         ...,

         [[9.2546e-01, 3.3685e-01, 3.6077e-01,  ..., 5.7785e-01,
           3.3880e-01, 3.1951e-01],
          [6.0177e-01, 6.4580e-02, 2.3708e-01,  ..., 9.0585e-01,
           5.7284e-01, 8.7611e-01],
          [8.9662e-01, 9.0742e-01, 3.2181e-01,  ..., 7.3721e-02,
           3.7861e-01, 7.9401e-01],
          ...,
          [8.2680e-01, 9.8398e-02, 5.4735e-01,  ..., 9.2750e-01,
           4.4760e-01, 3.1609e-01],
          [4.3658e-01, 4.8335e-01, 2.0759e-01,  ..., 8.2694e-01,
           9.5279e-01, 1.9967e-01],
          [9.0334e-01, 9.4244e-01, 7.0207e-01,  ..., 4.3327e-02,
           9.0450e-01, 2.2638e-01]],

         [[8.9728e-01, 5.8781e-01, 9.6876e-03,  ..., 9.4963e-01,
           5.7180e-01, 7.8660e-01],
          [7.2983e-01, 2.4614e-01, 9.1640e-01,  ..., 9.2857e-01,
           8.3476e-01, 3.1049e-01],
          [1.9605e-01, 5.0200e-01, 7.3369e-02,  ..., 5.5133e-02,
           1.7204e-01, 3.7158e-01],
          ...,
          [4.3262e-01, 6.0229e-01, 6.9991e-01,  ..., 6.6629e-01,
           5.0693e-01, 4.2364e-01],
          [1.7418e-02, 2.2461e-01, 3.2637e-01,  ..., 5.7888e-01,
           7.0401e-01, 3.4057e-03],
          [8.8930e-01, 1.7032e-01, 3.5864e-01,  ..., 9.2114e-01,
           1.3968e-01, 5.0135e-01]],

         [[1.5498e-01, 3.4894e-01, 7.3845e-01,  ..., 6.7834e-01,
           9.1597e-01, 6.7973e-01],
          [3.7375e-01, 1.9007e-01, 6.2727e-01,  ..., 8.8527e-01,
           6.3359e-01, 7.6379e-01],
          [3.3302e-01, 3.9033e-01, 9.2311e-01,  ..., 2.7814e-02,
           2.2277e-01, 4.6325e-01],
          ...,
          [3.9384e-01, 6.1376e-01, 9.8609e-01,  ..., 8.3379e-01,
           7.9359e-01, 5.0353e-01],
          [7.9029e-02, 8.5473e-01, 4.4902e-01,  ..., 3.1991e-01,
           9.5254e-02, 5.6235e-01],
          [9.2981e-01, 6.0383e-01, 9.8456e-01,  ..., 6.1662e-01,
           7.2812e-01, 7.4424e-01]]],


        [[[3.4326e-01, 9.3405e-01, 9.2272e-01,  ..., 4.0300e-01,
           9.0307e-01, 4.0388e-01],
          [3.2445e-01, 8.6851e-01, 1.4902e-01,  ..., 4.4221e-01,
           2.4808e-01, 3.2831e-01],
          [2.2379e-02, 6.1132e-02, 3.9087e-01,  ..., 9.3492e-01,
           8.7012e-01, 2.4106e-03],
          ...,
          [7.6447e-01, 9.1310e-01, 2.2429e-01,  ..., 8.3382e-01,
           1.2262e-01, 5.9068e-01],
          [8.8966e-01, 8.5998e-02, 4.8054e-01,  ..., 3.2860e-01,
           3.0771e-01, 8.9992e-01],
          [4.2340e-01, 2.0676e-01, 7.3775e-01,  ..., 7.9134e-01,
           3.6206e-01, 3.8763e-01]],

         [[9.9058e-01, 6.3402e-02, 8.6047e-01,  ..., 1.7077e-01,
           3.9104e-01, 9.1739e-01],
          [1.1193e-01, 6.4731e-01, 3.7840e-01,  ..., 6.8901e-01,
           5.6185e-01, 6.3055e-01],
          [6.6348e-01, 8.7669e-01, 9.0749e-01,  ..., 3.5419e-01,
           9.7815e-01, 5.4374e-01],
          ...,
          [6.9000e-01, 5.5446e-01, 4.7686e-01,  ..., 4.1451e-01,
           3.6928e-01, 5.9764e-01],
          [1.6746e-01, 1.4154e-01, 1.6109e-01,  ..., 9.5715e-01,
           4.8319e-01, 2.9376e-01],
          [9.1112e-01, 7.9822e-01, 3.9205e-01,  ..., 7.3688e-01,
           4.0175e-01, 9.7054e-01]],

         [[2.3222e-01, 8.1167e-01, 5.1400e-01,  ..., 4.1802e-02,
           8.9790e-01, 8.9753e-01],
          [1.7445e-01, 7.8106e-01, 7.9293e-01,  ..., 6.1435e-03,
           6.1133e-01, 2.8330e-01],
          [1.7595e-01, 6.4587e-01, 8.1541e-01,  ..., 3.3265e-01,
           1.5585e-01, 6.0765e-01],
          ...,
          [9.0502e-01, 7.8261e-01, 3.4529e-01,  ..., 1.2890e-01,
           3.3893e-01, 3.0157e-01],
          [4.2750e-02, 7.6555e-01, 9.0446e-01,  ..., 8.1114e-01,
           1.9563e-01, 6.5996e-01],
          [7.3378e-01, 2.7745e-01, 7.5666e-01,  ..., 3.2653e-01,
           5.0075e-01, 8.6131e-01]],

         ...,

         [[8.6639e-01, 4.6415e-02, 7.8264e-01,  ..., 3.0233e-01,
           2.4269e-01, 3.5210e-01],
          [3.0437e-01, 5.1477e-01, 7.9556e-01,  ..., 7.9989e-01,
           9.7632e-01, 5.8829e-01],
          [1.8625e-01, 3.2222e-01, 4.1920e-01,  ..., 1.8232e-01,
           3.6921e-01, 6.3232e-01],
          ...,
          [7.7265e-02, 4.8831e-03, 3.4498e-02,  ..., 8.8427e-01,
           2.6258e-01, 3.9192e-01],
          [2.7532e-01, 2.8518e-01, 7.6515e-01,  ..., 4.1191e-01,
           6.5367e-01, 7.8780e-01],
          [8.5725e-01, 7.7075e-01, 8.8030e-01,  ..., 8.3746e-01,
           3.7399e-02, 6.8536e-01]],

         [[6.2753e-01, 6.9974e-01, 5.6415e-01,  ..., 1.4517e-02,
           2.4069e-01, 7.4378e-01],
          [1.6154e-01, 9.0320e-01, 3.5192e-02,  ..., 5.9529e-01,
           9.7042e-01, 8.7853e-01],
          [8.0385e-01, 3.4125e-01, 1.8208e-01,  ..., 7.2543e-01,
           7.9050e-01, 1.8058e-02],
          ...,
          [9.3905e-01, 2.8167e-01, 2.0084e-01,  ..., 9.0014e-01,
           8.9858e-01, 3.5342e-01],
          [5.8387e-01, 7.3298e-01, 1.5096e-01,  ..., 9.4982e-01,
           9.5564e-01, 8.7689e-01],
          [7.7806e-01, 4.3278e-02, 7.2850e-01,  ..., 7.8769e-01,
           7.9016e-01, 8.0118e-02]],

         [[6.0503e-01, 8.3778e-01, 4.6819e-01,  ..., 9.9230e-01,
           7.0287e-01, 9.8898e-01],
          [2.1802e-01, 3.7593e-01, 6.4596e-02,  ..., 3.6999e-02,
           5.8558e-01, 7.5964e-01],
          [7.2666e-01, 7.3618e-01, 9.4378e-01,  ..., 4.5129e-01,
           1.6077e-01, 6.6962e-01],
          ...,
          [5.2557e-01, 3.3964e-01, 7.6606e-01,  ..., 3.8288e-01,
           3.9559e-01, 6.7581e-02],
          [4.1834e-02, 8.8551e-01, 8.1671e-01,  ..., 5.1086e-01,
           9.5802e-01, 2.4493e-01],
          [8.2393e-01, 8.5320e-01, 4.9316e-01,  ..., 4.3146e-01,
           5.0930e-01, 8.5980e-01]]],


        [[[2.0169e-01, 4.1350e-01, 8.8864e-01,  ..., 5.7250e-01,
           3.9687e-01, 3.1292e-03],
          [5.9723e-01, 2.6942e-01, 9.9709e-02,  ..., 4.9005e-01,
           2.7383e-01, 1.2561e-01],
          [2.1405e-01, 3.9370e-01, 5.6153e-01,  ..., 8.0963e-01,
           1.1419e-01, 7.7959e-01],
          ...,
          [7.6489e-01, 2.9751e-01, 2.7706e-01,  ..., 7.8629e-01,
           4.7587e-01, 4.4407e-01],
          [9.5059e-01, 9.0359e-01, 8.9057e-01,  ..., 4.9528e-01,
           8.7775e-01, 9.5001e-01],
          [1.9602e-01, 6.1382e-01, 9.4747e-01,  ..., 5.4404e-01,
           4.8110e-01, 4.7402e-02]],

         [[5.1799e-02, 4.0091e-01, 7.8532e-01,  ..., 4.3850e-01,
           1.8828e-01, 9.6226e-02],
          [2.3975e-01, 4.1303e-01, 5.6932e-01,  ..., 1.7579e-01,
           5.1657e-01, 3.4636e-01],
          [9.7627e-01, 9.8290e-01, 1.6033e-01,  ..., 2.5990e-01,
           3.6793e-01, 6.3068e-01],
          ...,
          [1.2516e-01, 8.5885e-01, 9.2729e-01,  ..., 7.7978e-01,
           1.5639e-01, 1.4492e-02],
          [4.3185e-01, 5.4743e-01, 7.4244e-01,  ..., 4.6403e-01,
           4.6983e-01, 2.2169e-01],
          [6.7355e-01, 8.6454e-01, 3.3754e-01,  ..., 9.8981e-01,
           4.4257e-01, 1.5963e-01]],

         [[7.4981e-01, 6.5546e-01, 4.0053e-02,  ..., 9.4463e-01,
           6.2210e-01, 7.9656e-01],
          [8.8283e-01, 7.3573e-01, 6.8980e-01,  ..., 6.5313e-01,
           4.9196e-01, 9.8459e-01],
          [2.8718e-02, 6.3668e-01, 4.9488e-01,  ..., 9.2300e-01,
           1.3497e-01, 4.1410e-01],
          ...,
          [9.5221e-01, 6.1505e-01, 2.1855e-01,  ..., 1.6223e-01,
           9.6444e-01, 1.8025e-01],
          [1.2949e-01, 2.8026e-01, 1.7054e-01,  ..., 1.4232e-01,
           8.8952e-01, 6.7620e-01],
          [3.8558e-01, 3.7970e-01, 6.7692e-01,  ..., 2.0405e-01,
           9.4146e-01, 3.5536e-01]],

         ...,

         [[3.9393e-01, 1.1724e-01, 9.9045e-01,  ..., 7.7104e-01,
           2.6705e-01, 4.3845e-01],
          [7.2328e-01, 7.9666e-01, 4.7726e-01,  ..., 6.0761e-01,
           4.3723e-01, 1.7702e-01],
          [4.2410e-01, 1.9940e-01, 9.8415e-01,  ..., 5.1964e-01,
           8.1353e-01, 7.3649e-01],
          ...,
          [3.0098e-01, 1.1421e-01, 6.2579e-01,  ..., 4.3566e-01,
           6.0581e-01, 2.2827e-01],
          [8.7156e-01, 9.8719e-01, 6.7872e-01,  ..., 9.2808e-01,
           4.0659e-01, 2.5373e-01],
          [9.4373e-02, 7.5218e-01, 2.0911e-01,  ..., 6.9565e-01,
           2.5390e-01, 2.5175e-01]],

         [[2.5540e-01, 9.5355e-01, 3.8375e-01,  ..., 1.4666e-02,
           3.1858e-02, 1.4586e-02],
          [8.9969e-01, 8.9744e-01, 7.6907e-01,  ..., 9.3917e-01,
           3.3608e-01, 7.9006e-02],
          [2.7614e-01, 9.1162e-01, 1.3041e-01,  ..., 2.7895e-01,
           6.4104e-01, 8.0127e-01],
          ...,
          [2.0033e-01, 5.6465e-01, 3.8785e-01,  ..., 8.1148e-01,
           8.8679e-01, 8.6670e-01],
          [5.6415e-01, 4.6390e-01, 8.3179e-01,  ..., 3.5401e-01,
           1.2984e-01, 9.7190e-01],
          [2.3340e-01, 7.0329e-01, 1.3278e-01,  ..., 8.3210e-01,
           4.1822e-01, 4.2615e-01]],

         [[1.6556e-02, 5.8844e-01, 6.8345e-01,  ..., 8.1568e-02,
           2.0980e-01, 5.6898e-01],
          [5.7167e-01, 8.4480e-01, 8.5810e-01,  ..., 4.7267e-01,
           6.0838e-02, 5.6312e-01],
          [3.9645e-01, 3.1503e-01, 1.0236e-02,  ..., 5.6991e-01,
           8.5323e-01, 8.9853e-01],
          ...,
          [3.1782e-01, 7.3578e-01, 3.0392e-02,  ..., 8.0772e-01,
           3.1817e-03, 9.1170e-02],
          [2.9149e-02, 4.7071e-01, 3.4058e-02,  ..., 1.8634e-01,
           3.9811e-01, 5.7295e-01],
          [9.2771e-01, 5.6506e-01, 2.4741e-01,  ..., 9.6411e-01,
           6.5397e-01, 1.8178e-01]]]])
