tensor([[[[8.9945e-01, 5.7234e-01, 8.5577e-01,  ..., 5.0426e-01,
           6.4631e-01, 5.7658e-01],
          [9.9914e-01, 3.7295e-01, 1.1535e-01,  ..., 8.8320e-01,
           8.7639e-02, 6.1185e-01],
          [7.0180e-01, 7.8192e-01, 3.0708e-01,  ..., 9.8600e-01,
           8.5276e-01, 2.0434e-01],
          ...,
          [2.5955e-01, 2.9319e-01, 6.8591e-01,  ..., 2.9228e-01,
           3.5646e-01, 6.1651e-01],
          [3.1911e-01, 9.1924e-01, 7.3457e-01,  ..., 1.6640e-01,
           4.1914e-01, 5.2520e-01],
          [1.4407e-01, 8.3580e-01, 1.3355e-01,  ..., 4.9412e-01,
           8.3364e-02, 8.4887e-01]],

         [[9.9525e-01, 6.8134e-01, 7.0232e-01,  ..., 2.0773e-01,
           7.3924e-01, 2.6536e-01],
          [8.6927e-01, 4.6660e-01, 1.8607e-01,  ..., 2.6578e-01,
           1.5185e-02, 7.4496e-01],
          [1.2623e-01, 2.0068e-01, 5.5356e-01,  ..., 7.8349e-01,
           2.3179e-02, 2.1040e-01],
          ...,
          [4.0601e-02, 1.5895e-01, 8.8496e-01,  ..., 7.6548e-01,
           1.0056e-01, 9.7069e-01],
          [1.3213e-01, 6.3511e-01, 9.4122e-02,  ..., 6.3423e-01,
           9.4855e-01, 3.7120e-01],
          [2.8102e-01, 8.1796e-02, 3.4267e-01,  ..., 5.3668e-01,
           1.7080e-01, 2.5474e-01]],

         [[4.2440e-01, 5.1100e-01, 7.6709e-01,  ..., 3.2642e-02,
           5.4691e-01, 6.5538e-01],
          [9.5708e-03, 1.9141e-01, 3.3042e-01,  ..., 3.8059e-01,
           2.6448e-01, 7.7935e-01],
          [9.1699e-01, 5.5473e-01, 9.5636e-01,  ..., 7.3762e-01,
           2.8441e-01, 6.5234e-01],
          ...,
          [9.0403e-01, 1.8104e-01, 3.5370e-01,  ..., 2.1668e-01,
           2.3042e-01, 3.4014e-02],
          [6.4444e-02, 9.6566e-01, 6.2318e-01,  ..., 2.8480e-01,
           3.7028e-01, 5.2944e-01],
          [9.8128e-02, 4.5821e-01, 4.0917e-01,  ..., 9.2521e-01,
           7.1590e-02, 4.5102e-02]],

         ...,

         [[5.0532e-01, 7.6383e-01, 9.9162e-01,  ..., 2.5615e-02,
           4.2204e-01, 8.2772e-01],
          [8.0673e-01, 6.3024e-01, 7.4099e-02,  ..., 7.0988e-01,
           6.9059e-01, 3.9126e-01],
          [9.4408e-03, 3.0316e-01, 7.6949e-01,  ..., 1.0175e-01,
           1.4930e-01, 5.3163e-01],
          ...,
          [3.4992e-01, 8.1541e-01, 3.9161e-01,  ..., 8.8605e-01,
           1.4451e-02, 1.4592e-01],
          [9.3364e-01, 9.1887e-01, 9.3570e-02,  ..., 8.4048e-01,
           3.7451e-01, 6.0259e-01],
          [8.9113e-01, 6.1858e-01, 9.6808e-01,  ..., 5.3603e-01,
           3.2701e-01, 5.7765e-03]],

         [[3.8337e-02, 8.3580e-02, 3.0551e-02,  ..., 6.2217e-01,
           3.1184e-01, 9.3287e-01],
          [3.7464e-01, 3.2840e-01, 4.5669e-01,  ..., 6.0653e-01,
           1.0948e-02, 5.1263e-01],
          [5.5384e-01, 5.4475e-01, 3.3031e-01,  ..., 3.2293e-01,
           7.0192e-01, 9.5090e-01],
          ...,
          [7.7020e-01, 8.8419e-01, 9.8350e-01,  ..., 8.4825e-01,
           3.4944e-02, 5.9355e-01],
          [3.4735e-01, 6.2328e-01, 6.0078e-01,  ..., 8.0610e-01,
           8.3830e-01, 6.5625e-01],
          [3.6475e-01, 6.3855e-01, 3.7413e-01,  ..., 2.3001e-01,
           2.3412e-01, 3.9889e-01]],

         [[5.2438e-01, 6.5914e-01, 8.9938e-02,  ..., 3.3926e-01,
           5.2960e-01, 3.5169e-01],
          [8.2391e-01, 6.2333e-01, 6.5525e-01,  ..., 1.6994e-01,
           8.3120e-01, 8.5574e-01],
          [2.5200e-01, 2.6098e-01, 5.9701e-01,  ..., 3.8616e-01,
           1.1572e-01, 4.5438e-03],
          ...,
          [5.4864e-01, 7.3238e-01, 4.1885e-01,  ..., 4.6868e-01,
           3.2822e-01, 7.6684e-02],
          [2.9278e-01, 9.8368e-01, 2.1768e-01,  ..., 1.8039e-01,
           9.6520e-01, 5.6209e-02],
          [2.1185e-01, 3.0637e-01, 4.4071e-01,  ..., 4.6544e-01,
           8.1228e-02, 9.9585e-01]]],


        [[[1.0527e-02, 6.9580e-01, 4.8712e-01,  ..., 6.8296e-02,
           7.2920e-01, 4.4134e-01],
          [6.0141e-03, 3.6847e-01, 5.8493e-01,  ..., 1.8914e-01,
           4.7625e-01, 2.5558e-02],
          [9.6311e-01, 2.1859e-01, 9.8154e-01,  ..., 8.9711e-01,
           7.3382e-02, 9.3357e-01],
          ...,
          [3.9120e-02, 9.7742e-01, 7.7496e-01,  ..., 1.3407e-01,
           3.4321e-02, 7.7002e-01],
          [6.6571e-02, 5.2674e-01, 5.7934e-01,  ..., 5.7333e-02,
           7.4202e-01, 9.0096e-01],
          [6.0015e-01, 2.7442e-01, 7.6720e-01,  ..., 5.1160e-02,
           5.8885e-01, 4.1317e-01]],

         [[1.6941e-01, 5.2819e-01, 7.4805e-01,  ..., 6.5762e-01,
           9.2672e-01, 9.0362e-01],
          [7.3461e-01, 8.2911e-01, 9.3057e-01,  ..., 2.4870e-02,
           6.6639e-01, 5.6212e-01],
          [9.4139e-02, 4.8492e-01, 1.8593e-01,  ..., 7.1864e-01,
           5.6506e-01, 4.4755e-01],
          ...,
          [5.5152e-01, 1.9898e-01, 1.1772e-01,  ..., 6.5062e-01,
           7.9453e-01, 1.7739e-01],
          [7.9458e-01, 4.1180e-01, 1.8689e-01,  ..., 6.0795e-01,
           8.0189e-01, 8.4331e-01],
          [1.5607e-01, 5.5411e-01, 7.9119e-01,  ..., 8.2903e-01,
           8.2417e-01, 7.1377e-01]],

         [[6.1167e-01, 3.3646e-01, 9.2587e-01,  ..., 7.6772e-01,
           7.2946e-01, 3.1712e-01],
          [2.5644e-01, 5.1449e-01, 8.2563e-01,  ..., 2.9410e-02,
           7.3236e-01, 7.6324e-01],
          [4.0476e-01, 7.2239e-01, 2.4893e-02,  ..., 7.6992e-01,
           5.7860e-01, 6.2932e-01],
          ...,
          [4.2911e-01, 9.2226e-01, 7.6218e-01,  ..., 7.3138e-01,
           6.6784e-01, 5.4512e-01],
          [3.4656e-01, 2.4972e-01, 7.6505e-01,  ..., 9.8738e-01,
           9.0896e-01, 9.8681e-01],
          [1.8397e-01, 4.3747e-01, 4.0968e-01,  ..., 3.5115e-01,
           7.7131e-01, 6.3397e-01]],

         ...,

         [[3.7162e-01, 4.3969e-01, 7.4073e-01,  ..., 3.0751e-01,
           9.8335e-01, 3.5773e-01],
          [7.1037e-01, 8.4111e-01, 2.7878e-01,  ..., 5.4647e-01,
           9.8318e-01, 2.2954e-01],
          [9.6573e-01, 5.8253e-02, 1.9386e-02,  ..., 9.8778e-01,
           2.3539e-01, 3.5931e-01],
          ...,
          [6.3568e-01, 5.5249e-01, 5.8966e-01,  ..., 6.5023e-02,
           8.8000e-01, 6.8797e-01],
          [1.9170e-01, 6.5901e-01, 6.4061e-01,  ..., 5.0536e-01,
           1.7925e-01, 3.4042e-01],
          [6.8777e-01, 9.2204e-01, 3.3912e-01,  ..., 1.4599e-01,
           8.8442e-01, 4.2813e-01]],

         [[5.6803e-01, 7.2562e-01, 2.1097e-01,  ..., 9.5528e-01,
           3.1737e-01, 5.4177e-01],
          [2.2876e-01, 2.0285e-01, 3.7538e-01,  ..., 5.8507e-01,
           2.1584e-01, 2.7356e-01],
          [5.8290e-01, 3.9281e-01, 1.0220e-01,  ..., 1.3721e-01,
           9.1164e-01, 8.9179e-02],
          ...,
          [5.5524e-02, 9.0576e-01, 9.5536e-01,  ..., 4.1790e-01,
           4.0811e-01, 2.0343e-01],
          [4.7303e-01, 1.2629e-01, 5.9490e-01,  ..., 7.1398e-01,
           9.6919e-01, 5.1602e-01],
          [3.1509e-01, 9.9385e-01, 7.2006e-01,  ..., 7.0424e-01,
           3.8535e-01, 3.8278e-02]],

         [[2.9373e-01, 8.9329e-01, 8.9904e-01,  ..., 2.4849e-01,
           8.3795e-01, 8.0872e-01],
          [7.8053e-01, 9.6013e-01, 9.4113e-01,  ..., 2.8090e-01,
           3.3345e-01, 5.5567e-01],
          [8.6590e-01, 8.8900e-01, 3.7250e-01,  ..., 9.6853e-01,
           5.8214e-01, 5.8130e-01],
          ...,
          [7.6481e-01, 3.9555e-01, 2.8315e-01,  ..., 4.1109e-01,
           8.5107e-02, 6.5672e-01],
          [3.7397e-01, 5.0645e-01, 8.4991e-01,  ..., 8.7543e-01,
           1.8503e-01, 7.1717e-01],
          [2.5381e-01, 1.9039e-01, 7.9580e-02,  ..., 3.6631e-01,
           4.8076e-01, 3.5094e-01]]],


        [[[6.7520e-02, 9.5435e-01, 2.7383e-01,  ..., 3.7999e-01,
           7.9678e-01, 4.6485e-01],
          [9.9079e-01, 2.5829e-01, 6.6337e-01,  ..., 2.5162e-01,
           9.8422e-01, 7.0951e-01],
          [5.4461e-01, 1.7623e-01, 5.9830e-01,  ..., 5.5305e-01,
           3.0383e-01, 5.7778e-01],
          ...,
          [3.2113e-02, 7.8646e-01, 3.7974e-01,  ..., 3.7354e-02,
           3.8308e-01, 8.2903e-01],
          [8.2677e-01, 7.6791e-01, 5.5592e-01,  ..., 5.9981e-01,
           2.9232e-01, 1.8858e-01],
          [1.5509e-01, 1.8204e-01, 1.4536e-01,  ..., 2.4848e-01,
           4.5578e-01, 9.7456e-02]],

         [[6.2681e-01, 7.4957e-02, 1.7174e-01,  ..., 8.7088e-01,
           2.1306e-01, 2.2097e-01],
          [5.6000e-01, 3.9931e-01, 3.6571e-01,  ..., 2.0340e-01,
           3.4571e-01, 1.5860e-01],
          [5.4948e-01, 6.8746e-01, 8.7954e-01,  ..., 5.2500e-01,
           8.6838e-01, 7.0518e-01],
          ...,
          [9.2316e-01, 1.0410e-01, 9.5396e-01,  ..., 1.9734e-01,
           2.1688e-01, 3.5293e-01],
          [8.4107e-01, 5.1434e-01, 9.4687e-01,  ..., 4.8764e-01,
           2.6645e-01, 2.2507e-01],
          [3.9035e-01, 4.6121e-01, 6.7174e-02,  ..., 9.6167e-01,
           3.4875e-01, 7.3299e-01]],

         [[1.9599e-02, 6.5760e-01, 1.3858e-02,  ..., 1.4755e-01,
           7.4622e-01, 4.5419e-01],
          [8.7428e-01, 8.3167e-01, 8.5681e-01,  ..., 6.2053e-01,
           7.3704e-01, 8.6773e-01],
          [2.7037e-01, 8.1379e-02, 7.8597e-01,  ..., 7.5942e-02,
           3.8516e-01, 9.5307e-01],
          ...,
          [4.4896e-01, 1.8389e-01, 4.9446e-01,  ..., 1.0451e-01,
           1.2276e-01, 5.3090e-01],
          [2.4107e-01, 3.1655e-01, 4.0470e-01,  ..., 5.0435e-01,
           6.8493e-01, 9.9729e-01],
          [9.6492e-01, 2.1045e-01, 1.3379e-01,  ..., 9.1375e-01,
           2.6894e-01, 6.7478e-01]],

         ...,

         [[1.4552e-01, 5.9649e-01, 1.6921e-01,  ..., 7.4514e-01,
           8.8993e-01, 3.1803e-01],
          [2.6924e-02, 3.8911e-01, 4.9093e-01,  ..., 1.3104e-01,
           7.6749e-01, 4.6197e-01],
          [6.2566e-01, 4.3921e-02, 6.4081e-01,  ..., 6.9228e-01,
           2.2525e-01, 8.3515e-01],
          ...,
          [1.3076e-01, 4.5920e-01, 1.7697e-02,  ..., 7.5571e-01,
           7.3647e-01, 5.1806e-01],
          [7.7315e-01, 2.8920e-01, 3.5937e-01,  ..., 6.8572e-02,
           6.2935e-01, 7.1347e-01],
          [3.2067e-01, 9.6218e-01, 5.8308e-01,  ..., 7.4205e-01,
           6.2740e-01, 8.1835e-01]],

         [[1.3151e-01, 8.9521e-01, 8.1349e-01,  ..., 8.8948e-01,
           6.7692e-01, 5.3388e-01],
          [8.4419e-01, 9.9403e-01, 9.1674e-01,  ..., 8.7561e-01,
           4.0212e-01, 7.7826e-01],
          [9.7320e-01, 9.8492e-01, 7.1682e-01,  ..., 8.2350e-01,
           3.8025e-01, 4.3142e-01],
          ...,
          [2.3016e-01, 7.2464e-01, 3.2565e-01,  ..., 4.7684e-01,
           7.1341e-01, 5.1196e-02],
          [5.1839e-01, 6.7676e-01, 4.4628e-01,  ..., 9.5675e-01,
           8.3490e-02, 4.5510e-01],
          [5.0237e-01, 7.0409e-01, 3.0246e-01,  ..., 7.6702e-01,
           3.2308e-01, 9.0696e-02]],

         [[9.0984e-01, 8.0663e-01, 7.1742e-01,  ..., 6.2261e-01,
           3.9524e-01, 6.5321e-01],
          [4.3760e-02, 5.3886e-01, 1.2642e-01,  ..., 6.8652e-01,
           6.3844e-01, 5.0867e-01],
          [2.2000e-01, 7.0531e-01, 2.8979e-01,  ..., 9.5448e-02,
           9.0367e-01, 3.8825e-03],
          ...,
          [7.1227e-01, 2.8138e-01, 1.3151e-01,  ..., 2.2370e-01,
           2.8997e-01, 4.3807e-02],
          [4.4472e-01, 4.9489e-01, 1.5675e-01,  ..., 2.8084e-01,
           2.5623e-01, 2.3059e-01],
          [9.9540e-01, 1.9402e-01, 5.7440e-01,  ..., 8.5627e-01,
           2.1017e-01, 3.8489e-01]]],


        ...,


        [[[9.4955e-01, 7.7028e-01, 1.9675e-01,  ..., 1.2616e-01,
           5.9915e-01, 3.9437e-01],
          [6.7555e-01, 1.8209e-03, 8.1489e-01,  ..., 5.2601e-02,
           4.1002e-01, 2.1367e-01],
          [1.3069e-01, 3.2151e-01, 4.8273e-01,  ..., 2.1153e-01,
           1.1234e-01, 4.0457e-01],
          ...,
          [2.0835e-01, 4.6751e-01, 6.1986e-01,  ..., 7.5916e-01,
           8.2357e-01, 2.9334e-01],
          [8.2614e-01, 4.7832e-01, 4.9405e-01,  ..., 5.8697e-01,
           8.6268e-01, 3.8494e-01],
          [4.2988e-01, 8.5180e-01, 2.4085e-01,  ..., 4.5799e-01,
           9.2767e-01, 6.2261e-01]],

         [[5.0730e-01, 2.5326e-01, 1.5303e-01,  ..., 5.2448e-01,
           4.1379e-01, 4.9649e-02],
          [2.1897e-01, 7.0011e-01, 4.9264e-01,  ..., 4.2795e-01,
           6.7448e-01, 9.1356e-01],
          [6.0540e-01, 2.0091e-01, 1.5417e-01,  ..., 4.2402e-01,
           3.2547e-01, 7.3924e-01],
          ...,
          [3.0489e-01, 9.3483e-01, 4.1551e-01,  ..., 5.2998e-01,
           4.6533e-01, 5.3850e-01],
          [9.7679e-01, 7.5353e-01, 7.3828e-01,  ..., 8.7443e-01,
           8.3484e-01, 6.3524e-01],
          [5.9000e-01, 3.6320e-01, 7.6231e-01,  ..., 3.8236e-01,
           1.0722e-01, 7.2290e-01]],

         [[1.3106e-01, 1.3704e-01, 1.5300e-01,  ..., 9.9481e-01,
           9.6254e-01, 9.2475e-01],
          [3.1592e-01, 9.2549e-01, 9.4564e-01,  ..., 2.9757e-01,
           9.8082e-01, 2.2381e-01],
          [8.0593e-01, 8.9496e-02, 4.5712e-01,  ..., 1.7574e-01,
           2.9818e-01, 3.3152e-01],
          ...,
          [3.5912e-01, 4.1174e-02, 8.1962e-01,  ..., 4.3151e-01,
           1.0644e-01, 1.1056e-01],
          [7.2928e-01, 5.7969e-01, 4.8828e-02,  ..., 3.3522e-01,
           3.2845e-02, 1.0293e-01],
          [5.3197e-01, 7.0607e-01, 3.6544e-01,  ..., 5.1493e-01,
           2.1597e-01, 9.3434e-01]],

         ...,

         [[8.9560e-01, 6.1581e-01, 2.9993e-01,  ..., 5.5529e-01,
           9.7949e-02, 5.3118e-01],
          [9.8336e-01, 7.9154e-01, 2.1512e-01,  ..., 2.7400e-03,
           1.1912e-01, 7.7424e-01],
          [1.9552e-01, 7.9058e-01, 8.8748e-01,  ..., 2.1631e-01,
           4.4079e-01, 1.2945e-01],
          ...,
          [2.9664e-01, 8.6365e-02, 5.6039e-01,  ..., 3.0539e-01,
           5.6047e-01, 5.3702e-02],
          [6.2507e-01, 2.8673e-01, 2.9048e-01,  ..., 2.4497e-01,
           5.1564e-01, 4.8791e-01],
          [7.6591e-01, 3.1879e-01, 5.9809e-01,  ..., 5.6738e-01,
           8.3081e-01, 4.0538e-01]],

         [[9.4357e-01, 1.0245e-01, 4.8764e-01,  ..., 7.4918e-01,
           9.9401e-01, 1.4625e-01],
          [1.5964e-01, 3.7694e-01, 8.4710e-01,  ..., 6.7409e-02,
           1.1424e-01, 4.2038e-01],
          [4.9333e-01, 3.3217e-01, 7.4056e-01,  ..., 1.9243e-01,
           4.8883e-01, 3.4257e-01],
          ...,
          [6.2540e-01, 8.6690e-01, 8.2675e-01,  ..., 6.6582e-01,
           9.0487e-01, 3.3702e-01],
          [6.7710e-01, 7.9756e-01, 3.9850e-01,  ..., 3.4340e-01,
           3.5118e-01, 2.5313e-01],
          [3.8961e-01, 3.4291e-01, 4.8176e-01,  ..., 6.1539e-01,
           4.6443e-01, 2.3544e-01]],

         [[5.5797e-01, 9.2936e-01, 2.2355e-01,  ..., 1.8216e-01,
           3.2688e-01, 8.9475e-01],
          [1.9232e-01, 2.7498e-01, 1.8701e-01,  ..., 6.4586e-01,
           8.2686e-01, 6.7393e-02],
          [2.9775e-01, 7.0759e-01, 4.9133e-01,  ..., 7.8351e-01,
           4.6625e-01, 6.5659e-01],
          ...,
          [8.9228e-02, 1.6844e-02, 6.1393e-01,  ..., 6.1974e-01,
           3.4194e-01, 2.6731e-01],
          [6.1938e-01, 8.1035e-01, 5.5408e-02,  ..., 8.5811e-01,
           7.0672e-01, 5.3453e-02],
          [8.2477e-01, 7.3550e-01, 3.6963e-01,  ..., 3.0466e-01,
           5.4200e-01, 2.6358e-01]]],


        [[[1.9497e-01, 2.6420e-01, 2.7396e-01,  ..., 2.4324e-01,
           2.4607e-01, 7.7223e-01],
          [6.9457e-01, 6.3561e-01, 5.2324e-01,  ..., 5.9658e-01,
           8.2857e-01, 4.0460e-01],
          [9.2898e-01, 2.8624e-02, 3.2634e-02,  ..., 6.1700e-01,
           5.2372e-01, 1.8446e-01],
          ...,
          [1.6068e-01, 7.7634e-02, 1.9871e-01,  ..., 7.7301e-01,
           5.5415e-01, 8.6256e-01],
          [4.1040e-01, 7.6613e-01, 4.3964e-01,  ..., 7.9143e-02,
           9.3386e-01, 5.7083e-01],
          [3.6522e-01, 9.0698e-01, 8.7813e-01,  ..., 9.7256e-01,
           9.0123e-01, 1.2478e-02]],

         [[1.1224e-01, 1.7175e-01, 4.9926e-01,  ..., 9.2077e-01,
           2.0098e-01, 8.9360e-01],
          [3.0088e-01, 9.7385e-01, 1.6298e-01,  ..., 9.6584e-01,
           7.3559e-01, 1.5779e-01],
          [9.9284e-01, 3.5366e-01, 3.1706e-01,  ..., 2.0657e-01,
           5.7111e-01, 3.1980e-01],
          ...,
          [5.7601e-01, 3.3663e-01, 2.0285e-02,  ..., 2.4227e-01,
           4.6301e-02, 4.7632e-01],
          [9.1507e-01, 1.9566e-01, 3.7623e-01,  ..., 2.5681e-01,
           5.9402e-01, 7.2273e-01],
          [4.0285e-02, 3.0688e-01, 2.9951e-01,  ..., 2.6070e-01,
           1.5981e-01, 3.9149e-01]],

         [[2.7607e-01, 6.2219e-01, 8.6691e-01,  ..., 1.8999e-02,
           7.8410e-01, 1.0007e-02],
          [3.6679e-01, 7.6556e-01, 1.3702e-01,  ..., 8.7476e-01,
           9.0885e-01, 8.5545e-01],
          [2.3302e-01, 2.4988e-01, 1.2355e-02,  ..., 7.1442e-02,
           9.6119e-01, 1.1591e-01],
          ...,
          [9.6678e-01, 2.3336e-01, 3.3912e-01,  ..., 4.7855e-01,
           6.4567e-01, 3.8581e-01],
          [4.1660e-01, 4.8305e-01, 2.8074e-02,  ..., 8.3096e-01,
           9.0336e-01, 7.3112e-02],
          [3.0666e-01, 3.6686e-01, 3.9879e-01,  ..., 9.4190e-01,
           1.6331e-02, 3.8845e-01]],

         ...,

         [[4.5582e-01, 2.3651e-01, 7.8775e-01,  ..., 5.0938e-01,
           6.6481e-01, 4.6019e-02],
          [8.0173e-01, 1.5143e-01, 7.6730e-01,  ..., 1.7528e-02,
           5.2250e-01, 9.5454e-01],
          [7.4030e-02, 9.0117e-01, 9.1460e-01,  ..., 9.5254e-02,
           2.8119e-01, 4.2460e-01],
          ...,
          [4.2069e-01, 1.2640e-01, 3.1387e-01,  ..., 9.7424e-01,
           2.3808e-01, 3.9783e-01],
          [5.6344e-03, 6.8527e-01, 4.2448e-01,  ..., 6.1206e-01,
           8.9828e-02, 6.5665e-01],
          [4.9665e-01, 3.8448e-01, 1.0160e-01,  ..., 3.6977e-01,
           6.7347e-01, 1.9161e-01]],

         [[1.1866e-01, 2.1751e-01, 1.1675e-01,  ..., 4.3810e-02,
           6.1783e-01, 8.9433e-01],
          [2.4217e-01, 5.6488e-01, 5.4155e-01,  ..., 7.4600e-02,
           2.1316e-01, 2.6114e-01],
          [6.2504e-01, 7.7791e-01, 6.6688e-02,  ..., 2.6067e-01,
           1.0090e-01, 7.0397e-01],
          ...,
          [1.8782e-01, 5.4973e-01, 7.7313e-01,  ..., 4.3803e-01,
           8.5655e-01, 8.5880e-01],
          [2.3067e-01, 4.4251e-01, 8.7761e-01,  ..., 9.4822e-01,
           9.7345e-01, 9.7717e-02],
          [4.9354e-01, 5.2545e-01, 7.6117e-01,  ..., 1.2721e-01,
           3.4635e-01, 6.6477e-01]],

         [[6.1536e-01, 5.1849e-01, 4.6809e-01,  ..., 8.9603e-01,
           1.1373e-02, 9.6683e-01],
          [3.1474e-03, 4.6116e-01, 8.2492e-01,  ..., 9.5636e-01,
           7.1836e-01, 4.1483e-01],
          [5.5514e-02, 8.6531e-01, 9.6249e-01,  ..., 7.1695e-01,
           6.9576e-01, 5.8161e-01],
          ...,
          [9.3089e-01, 3.3111e-01, 1.4519e-01,  ..., 2.1369e-01,
           6.5622e-01, 3.5519e-01],
          [1.3104e-01, 6.1907e-01, 5.4606e-01,  ..., 4.9067e-01,
           1.6738e-01, 8.6256e-01],
          [1.3030e-01, 6.1702e-01, 4.8910e-01,  ..., 5.6702e-01,
           6.4176e-01, 6.4379e-01]]],


        [[[6.8594e-02, 9.6725e-01, 2.1102e-01,  ..., 7.3099e-01,
           8.3990e-01, 1.5557e-01],
          [6.4213e-01, 5.9271e-01, 2.5855e-01,  ..., 8.0681e-01,
           1.5205e-01, 2.0711e-01],
          [6.9675e-01, 6.1237e-01, 5.9893e-01,  ..., 7.0716e-01,
           2.4419e-01, 6.2255e-01],
          ...,
          [7.0105e-01, 3.7417e-01, 1.9642e-01,  ..., 8.3718e-01,
           5.8114e-01, 5.8748e-01],
          [5.0485e-01, 2.9180e-01, 9.6485e-02,  ..., 8.0298e-01,
           2.9617e-01, 8.6497e-01],
          [8.6828e-01, 6.0276e-02, 2.6398e-01,  ..., 1.0580e-01,
           9.7706e-01, 3.2338e-01]],

         [[8.4758e-05, 9.9192e-02, 5.3258e-01,  ..., 6.2107e-01,
           9.0702e-01, 7.7155e-01],
          [3.7883e-01, 4.2984e-02, 7.5755e-01,  ..., 6.2158e-01,
           6.6430e-01, 1.0970e-01],
          [4.9003e-01, 3.2872e-01, 6.8453e-01,  ..., 6.6477e-01,
           9.4976e-01, 8.6440e-01],
          ...,
          [5.4748e-01, 4.2211e-01, 2.2276e-01,  ..., 4.8725e-01,
           8.9478e-01, 9.5853e-01],
          [5.6161e-01, 9.4513e-01, 6.7308e-01,  ..., 6.5892e-01,
           2.4631e-01, 6.7435e-01],
          [5.8027e-01, 5.1126e-01, 7.4270e-01,  ..., 6.5363e-01,
           8.3960e-01, 4.2926e-01]],

         [[4.9626e-01, 7.9539e-01, 7.8556e-01,  ..., 9.5632e-02,
           5.5640e-01, 1.7729e-01],
          [5.9292e-01, 3.3928e-01, 2.5359e-01,  ..., 6.7337e-01,
           3.4461e-01, 8.0294e-01],
          [9.9989e-01, 8.4400e-01, 3.4661e-02,  ..., 3.1122e-01,
           5.6732e-01, 3.1933e-01],
          ...,
          [7.3453e-01, 6.6984e-01, 3.7715e-02,  ..., 3.1072e-02,
           4.3142e-01, 2.3425e-01],
          [8.2278e-01, 7.5537e-01, 5.2644e-01,  ..., 3.5538e-01,
           6.4393e-01, 3.1235e-01],
          [8.7988e-01, 1.0579e-01, 7.3457e-02,  ..., 1.2036e-01,
           8.1472e-01, 4.3436e-02]],

         ...,

         [[7.1538e-02, 9.1367e-01, 6.4074e-01,  ..., 5.3672e-01,
           7.0393e-01, 7.6057e-01],
          [6.8028e-01, 2.7890e-01, 2.0587e-01,  ..., 1.9625e-01,
           4.8402e-01, 6.3738e-01],
          [1.5756e-01, 7.1244e-02, 7.8651e-01,  ..., 3.5526e-01,
           4.1538e-01, 6.3922e-01],
          ...,
          [5.1892e-01, 6.4542e-01, 7.8740e-01,  ..., 7.5499e-01,
           7.9499e-01, 8.4010e-01],
          [1.6985e-01, 8.3891e-01, 9.7665e-02,  ..., 1.4957e-01,
           1.1141e-01, 1.8160e-01],
          [2.6370e-01, 1.2542e-01, 6.3158e-01,  ..., 7.3809e-01,
           9.6778e-01, 6.2307e-02]],

         [[4.5864e-01, 6.0558e-01, 6.5023e-01,  ..., 8.5854e-01,
           8.8304e-01, 1.0397e-01],
          [9.9684e-01, 6.2583e-01, 8.5486e-01,  ..., 2.5403e-01,
           5.4262e-02, 1.2006e-02],
          [7.4959e-01, 3.9441e-01, 5.9578e-01,  ..., 5.1766e-01,
           2.1043e-01, 3.7077e-01],
          ...,
          [4.9586e-01, 2.5175e-01, 4.8419e-01,  ..., 4.4356e-02,
           2.9245e-01, 1.1365e-01],
          [2.3281e-01, 8.6833e-01, 1.0102e-01,  ..., 2.6098e-01,
           1.4721e-01, 9.6786e-01],
          [7.3629e-01, 6.7504e-01, 6.6657e-02,  ..., 3.5336e-01,
           6.5451e-01, 8.1655e-01]],

         [[6.4863e-01, 8.1664e-03, 3.1123e-01,  ..., 7.4422e-01,
           9.5617e-01, 6.5129e-01],
          [3.0582e-01, 4.7063e-01, 2.2140e-01,  ..., 3.5299e-01,
           4.3431e-02, 3.1606e-01],
          [1.4991e-01, 9.6960e-01, 9.3564e-01,  ..., 8.0202e-01,
           8.1211e-01, 2.6270e-01],
          ...,
          [4.0597e-01, 6.6680e-01, 2.5692e-01,  ..., 7.3346e-01,
           3.3105e-01, 4.7140e-01],
          [7.0166e-01, 8.8942e-01, 4.7167e-01,  ..., 5.7645e-01,
           1.8088e-01, 5.2823e-01],
          [4.7774e-01, 7.7072e-01, 7.6928e-02,  ..., 4.3828e-01,
           4.2736e-01, 7.0177e-01]]]])
