tensor([[[[1.3832e-01, 9.9552e-01, 6.7512e-01,  ..., 4.4816e-01,
           6.0027e-01, 2.0561e-01],
          [4.0694e-01, 1.1671e-01, 2.4892e-01,  ..., 9.5148e-01,
           7.1837e-01, 2.5753e-01],
          [7.7269e-01, 6.2308e-01, 5.0995e-01,  ..., 2.5373e-01,
           4.8475e-01, 7.3209e-01],
          ...,
          [5.7373e-01, 6.5309e-01, 2.8921e-01,  ..., 2.2914e-02,
           2.3631e-02, 3.1485e-01],
          [6.3967e-01, 8.1852e-01, 8.8882e-01,  ..., 7.8636e-01,
           8.3366e-01, 9.7149e-01],
          [7.5145e-01, 6.2538e-02, 5.0680e-01,  ..., 4.6517e-01,
           4.4822e-02, 5.3196e-01]],

         [[6.3876e-01, 7.0506e-01, 9.0222e-01,  ..., 1.9854e-01,
           5.5287e-01, 4.8751e-01],
          [9.3222e-02, 1.7101e-01, 4.7154e-02,  ..., 1.3268e-01,
           5.2235e-01, 3.9785e-01],
          [2.4716e-01, 9.0725e-01, 5.1254e-01,  ..., 6.4220e-01,
           2.0292e-01, 7.9919e-01],
          ...,
          [8.2793e-01, 7.5525e-01, 2.2808e-01,  ..., 6.3655e-01,
           3.8764e-01, 6.5803e-01],
          [7.1238e-01, 7.5510e-01, 5.9034e-01,  ..., 5.5892e-01,
           2.8270e-01, 9.5329e-01],
          [8.0241e-01, 9.4551e-01, 8.3896e-01,  ..., 7.4254e-01,
           8.5996e-01, 7.2510e-01]],

         [[6.3773e-01, 2.4299e-01, 5.8871e-01,  ..., 5.4836e-01,
           2.2711e-01, 3.7257e-01],
          [8.3755e-01, 5.2145e-01, 6.7959e-01,  ..., 6.7127e-01,
           3.4858e-01, 5.7178e-01],
          [5.5989e-01, 8.6500e-01, 1.9596e-01,  ..., 4.8703e-01,
           3.6618e-01, 5.5225e-01],
          ...,
          [1.9348e-01, 8.7995e-01, 8.0348e-01,  ..., 3.5542e-01,
           4.9729e-01, 8.9305e-01],
          [5.2922e-01, 5.7763e-01, 3.1243e-01,  ..., 8.8235e-01,
           7.9458e-01, 5.7317e-01],
          [9.2390e-02, 2.2151e-02, 6.0069e-01,  ..., 7.0802e-02,
           6.7373e-01, 3.0589e-01]],

         ...,

         [[1.9434e-01, 1.7668e-01, 7.4351e-01,  ..., 7.7004e-01,
           9.1396e-01, 2.4576e-01],
          [5.6926e-01, 5.1768e-01, 2.6560e-01,  ..., 6.9007e-01,
           7.7270e-01, 3.0411e-01],
          [4.3570e-01, 8.4377e-01, 2.6116e-01,  ..., 4.3151e-01,
           7.5129e-01, 7.0970e-01],
          ...,
          [4.5634e-01, 6.6744e-01, 6.6033e-01,  ..., 6.7617e-01,
           3.1602e-01, 7.5328e-01],
          [9.6897e-01, 2.2853e-02, 4.3124e-01,  ..., 3.3867e-01,
           3.3279e-01, 1.3259e-01],
          [1.4590e-01, 2.2741e-02, 8.5288e-01,  ..., 3.9207e-01,
           9.1534e-01, 1.2376e-01]],

         [[1.8861e-01, 5.9404e-01, 4.8700e-01,  ..., 6.7852e-01,
           7.1135e-01, 1.1172e-01],
          [8.1997e-01, 8.6660e-03, 2.4148e-01,  ..., 6.6842e-01,
           5.2306e-01, 8.3691e-01],
          [4.6981e-01, 6.2052e-01, 5.7846e-01,  ..., 4.2756e-01,
           6.8008e-01, 3.6425e-01],
          ...,
          [7.9987e-01, 2.7174e-01, 8.0925e-01,  ..., 9.3576e-02,
           9.0870e-01, 9.8823e-01],
          [2.5107e-01, 1.4474e-01, 7.4176e-01,  ..., 2.9702e-01,
           8.3280e-01, 7.0772e-01],
          [1.1278e-01, 1.9300e-01, 2.9833e-02,  ..., 5.8590e-02,
           3.9294e-01, 4.0855e-01]],

         [[4.9190e-01, 1.7952e-01, 4.5243e-01,  ..., 2.8506e-01,
           4.3587e-01, 3.0572e-01],
          [8.8835e-01, 5.0233e-01, 5.1425e-01,  ..., 9.3770e-01,
           3.0074e-01, 2.5851e-01],
          [2.9510e-01, 6.8892e-01, 1.9002e-01,  ..., 8.6925e-01,
           4.5027e-02, 6.0617e-01],
          ...,
          [6.9361e-01, 5.1768e-01, 3.2635e-01,  ..., 4.7975e-02,
           1.2097e-01, 2.2622e-01],
          [9.3756e-01, 1.8782e-01, 7.6698e-02,  ..., 6.9693e-02,
           6.9613e-01, 8.1106e-01],
          [3.1779e-01, 2.7393e-01, 6.1346e-01,  ..., 9.7440e-02,
           7.2118e-01, 4.2989e-01]]],


        [[[6.8736e-01, 9.6397e-02, 9.3093e-02,  ..., 5.9773e-01,
           3.3365e-01, 6.6582e-01],
          [3.8388e-01, 4.9770e-01, 6.7537e-03,  ..., 1.7752e-02,
           4.8012e-01, 5.5260e-01],
          [1.3491e-01, 1.0891e-01, 2.9585e-01,  ..., 8.2486e-01,
           8.3769e-01, 4.6162e-01],
          ...,
          [9.4539e-02, 7.3640e-01, 8.2334e-01,  ..., 6.2667e-01,
           2.0250e-01, 4.9691e-01],
          [3.6429e-01, 4.1463e-01, 7.2719e-01,  ..., 1.7416e-01,
           8.2122e-01, 9.2872e-01],
          [7.7255e-01, 2.8612e-01, 7.3185e-01,  ..., 9.0304e-01,
           6.4035e-01, 2.1508e-01]],

         [[7.0496e-01, 8.0541e-01, 9.8373e-01,  ..., 4.7045e-01,
           8.6580e-01, 3.9182e-01],
          [7.6578e-01, 3.2290e-01, 3.2642e-01,  ..., 3.0609e-01,
           1.9852e-01, 7.9490e-01],
          [1.2570e-02, 8.1825e-02, 6.0378e-01,  ..., 4.5859e-01,
           5.4477e-01, 9.8879e-01],
          ...,
          [7.0961e-01, 5.5005e-01, 4.2329e-02,  ..., 2.9944e-01,
           9.5199e-01, 4.7555e-01],
          [2.8162e-01, 6.2538e-01, 1.7853e-01,  ..., 6.7596e-02,
           8.9956e-02, 2.5150e-01],
          [6.9760e-01, 4.6146e-01, 9.5480e-01,  ..., 7.9288e-01,
           9.7363e-01, 3.8970e-01]],

         [[8.1354e-01, 4.2633e-01, 7.0179e-01,  ..., 7.9225e-01,
           6.1772e-01, 7.3754e-01],
          [4.2809e-02, 1.2958e-01, 3.7067e-01,  ..., 5.0408e-01,
           1.1617e-01, 1.5038e-01],
          [6.3117e-01, 6.3671e-01, 5.1755e-01,  ..., 2.3185e-01,
           8.3423e-01, 8.1512e-01],
          ...,
          [5.3077e-01, 5.0265e-01, 8.1416e-01,  ..., 6.2676e-01,
           2.8462e-01, 7.1724e-01],
          [7.6705e-01, 3.1451e-01, 9.0133e-01,  ..., 3.3268e-01,
           6.7468e-01, 5.7767e-01],
          [7.9302e-01, 7.8541e-01, 2.5446e-01,  ..., 5.2881e-01,
           7.6714e-01, 4.2149e-01]],

         ...,

         [[3.0046e-01, 1.9277e-01, 6.2393e-01,  ..., 2.1878e-01,
           5.5318e-01, 6.9057e-01],
          [8.5009e-01, 7.2185e-01, 7.1952e-01,  ..., 4.9875e-01,
           6.7459e-01, 8.7611e-01],
          [6.5414e-01, 2.5776e-01, 8.4819e-01,  ..., 6.6662e-01,
           8.9553e-01, 2.3094e-02],
          ...,
          [5.8387e-02, 7.0232e-01, 4.5169e-01,  ..., 5.6977e-02,
           1.4213e-01, 4.4013e-01],
          [3.0500e-01, 3.0802e-01, 3.8003e-01,  ..., 5.1815e-01,
           4.6878e-01, 7.5519e-01],
          [9.9284e-01, 7.5343e-01, 6.1781e-01,  ..., 3.1325e-01,
           1.7916e-01, 5.3332e-01]],

         [[5.6701e-01, 7.7050e-01, 4.8080e-01,  ..., 5.1444e-01,
           2.0173e-01, 1.8939e-01],
          [7.4068e-01, 5.9438e-01, 1.9409e-01,  ..., 9.1617e-01,
           8.1458e-01, 1.7967e-01],
          [2.0684e-01, 2.3577e-01, 7.7367e-01,  ..., 3.7607e-01,
           6.3548e-01, 6.3401e-01],
          ...,
          [2.1579e-01, 9.0883e-03, 7.5029e-01,  ..., 1.0686e-02,
           2.7506e-01, 6.5589e-01],
          [7.1931e-01, 4.5646e-01, 4.6979e-01,  ..., 7.2923e-01,
           8.5931e-01, 8.2494e-01],
          [4.1749e-01, 2.7402e-01, 5.3938e-01,  ..., 8.1114e-01,
           2.8048e-01, 1.7556e-02]],

         [[3.4169e-01, 2.1483e-01, 7.8964e-01,  ..., 3.8516e-02,
           4.1454e-01, 6.3484e-01],
          [4.5644e-02, 9.6719e-01, 3.5283e-01,  ..., 4.9616e-01,
           9.8216e-01, 1.2826e-01],
          [2.6993e-01, 9.1713e-01, 3.8830e-01,  ..., 5.7417e-01,
           5.7183e-01, 2.7878e-01],
          ...,
          [5.9100e-01, 2.3755e-01, 9.2223e-01,  ..., 6.8523e-01,
           7.8539e-01, 7.5784e-01],
          [9.2853e-01, 6.8321e-01, 3.0587e-01,  ..., 1.1085e-01,
           7.4492e-01, 4.8835e-01],
          [2.3705e-01, 3.9557e-01, 6.3397e-01,  ..., 9.8252e-01,
           7.0395e-01, 3.2243e-01]]],


        [[[1.3584e-01, 8.7945e-01, 7.9780e-01,  ..., 4.9456e-01,
           7.7735e-01, 1.1463e-01],
          [2.0379e-01, 7.0154e-01, 9.0931e-01,  ..., 6.1212e-01,
           7.3028e-01, 1.5716e-01],
          [2.4716e-01, 9.4202e-01, 2.1615e-01,  ..., 4.7318e-01,
           9.2079e-01, 5.3767e-01],
          ...,
          [9.0382e-01, 7.7373e-01, 1.3511e-01,  ..., 6.2943e-01,
           4.0245e-01, 2.8229e-01],
          [9.8884e-02, 9.5267e-01, 4.0117e-01,  ..., 9.7395e-01,
           8.9327e-01, 9.2580e-01],
          [1.3884e-01, 5.0811e-01, 9.4836e-01,  ..., 2.4551e-01,
           3.4039e-01, 7.6343e-01]],

         [[6.5572e-01, 9.4796e-01, 7.8170e-01,  ..., 4.3224e-01,
           9.6529e-01, 6.2482e-01],
          [5.3466e-01, 5.7577e-01, 7.7928e-01,  ..., 5.0289e-02,
           1.0058e-01, 4.5731e-01],
          [7.7272e-01, 6.7232e-01, 1.2125e-01,  ..., 4.1580e-02,
           9.4194e-01, 8.8072e-01],
          ...,
          [1.0906e-01, 9.8550e-01, 9.0396e-01,  ..., 6.4236e-01,
           6.6311e-01, 5.9633e-01],
          [9.2740e-02, 7.9524e-02, 7.5419e-01,  ..., 5.7409e-01,
           8.9242e-01, 8.4867e-01],
          [9.3265e-01, 8.7513e-01, 6.7959e-01,  ..., 1.9851e-01,
           3.5341e-01, 6.8558e-01]],

         [[8.4640e-01, 1.5368e-01, 7.0498e-01,  ..., 5.5138e-01,
           1.5697e-01, 2.6526e-01],
          [2.7119e-01, 3.1758e-01, 4.8349e-01,  ..., 1.5488e-01,
           4.9652e-01, 8.0017e-01],
          [6.0763e-01, 8.8976e-01, 1.8322e-01,  ..., 9.0126e-02,
           4.6003e-01, 6.5923e-01],
          ...,
          [2.6361e-01, 1.8442e-01, 9.9060e-01,  ..., 3.0239e-01,
           8.1516e-02, 7.4498e-01],
          [4.6137e-01, 8.3322e-01, 3.8350e-01,  ..., 7.4108e-01,
           2.4171e-01, 9.0003e-01],
          [1.7794e-02, 3.7912e-01, 5.5314e-01,  ..., 5.7754e-01,
           4.2768e-01, 4.3940e-01]],

         ...,

         [[2.5771e-01, 1.2710e-01, 8.6588e-01,  ..., 8.0845e-01,
           1.8306e-01, 3.1936e-01],
          [8.1718e-01, 3.9250e-01, 3.1064e-03,  ..., 5.3384e-01,
           2.5028e-02, 3.4149e-01],
          [8.6527e-01, 4.7282e-01, 6.3695e-01,  ..., 3.2553e-01,
           2.3856e-01, 5.9418e-01],
          ...,
          [5.7714e-01, 8.6147e-01, 7.6879e-01,  ..., 2.5387e-01,
           1.1378e-01, 5.1818e-01],
          [9.6210e-01, 6.3322e-03, 7.6000e-01,  ..., 3.2467e-01,
           7.8178e-01, 1.2534e-01],
          [5.8110e-01, 7.7997e-01, 6.5428e-01,  ..., 6.8103e-01,
           9.4510e-02, 5.8108e-01]],

         [[7.0639e-01, 9.3717e-01, 7.7608e-01,  ..., 8.7252e-01,
           6.7019e-01, 1.8614e-01],
          [7.2884e-01, 1.4833e-01, 8.8556e-01,  ..., 5.2622e-01,
           5.5701e-01, 2.5848e-01],
          [5.5213e-01, 4.6012e-01, 7.7647e-01,  ..., 2.7557e-01,
           9.5877e-01, 7.1744e-02],
          ...,
          [2.2258e-01, 9.5456e-01, 4.1821e-02,  ..., 5.7765e-01,
           4.7237e-01, 9.7981e-01],
          [6.0072e-01, 5.2123e-02, 3.7377e-01,  ..., 9.4823e-01,
           5.7491e-01, 2.3903e-01],
          [5.2889e-01, 2.1424e-01, 4.1925e-01,  ..., 5.4619e-01,
           3.5250e-01, 6.0278e-02]],

         [[7.5399e-01, 5.1489e-01, 9.8442e-01,  ..., 4.6760e-01,
           9.0995e-01, 8.1823e-01],
          [9.0595e-01, 7.5291e-01, 9.3933e-01,  ..., 4.8838e-01,
           2.9637e-01, 3.3624e-02],
          [4.6146e-01, 7.2505e-01, 4.6700e-01,  ..., 7.2892e-01,
           1.5516e-01, 3.5982e-01],
          ...,
          [1.7737e-01, 7.9203e-01, 9.7453e-01,  ..., 4.2429e-01,
           1.0052e-01, 9.4869e-01],
          [3.3778e-01, 6.8733e-01, 3.4304e-01,  ..., 6.0049e-01,
           9.6865e-01, 5.3240e-01],
          [2.4676e-02, 5.5237e-02, 6.3588e-01,  ..., 2.7698e-01,
           8.7655e-01, 8.6094e-03]]],


        ...,


        [[[1.1318e-01, 3.4046e-01, 3.9182e-03,  ..., 8.1781e-01,
           9.2182e-03, 8.8224e-01],
          [5.4317e-01, 6.9322e-01, 8.7679e-01,  ..., 3.3212e-01,
           3.7141e-01, 3.2310e-01],
          [8.0728e-02, 9.1417e-01, 9.3108e-01,  ..., 6.0642e-01,
           8.3532e-02, 2.1011e-01],
          ...,
          [7.6918e-02, 8.5227e-01, 7.2310e-02,  ..., 4.6369e-01,
           2.3932e-01, 1.6071e-01],
          [7.4807e-01, 4.9767e-01, 3.6366e-01,  ..., 6.2378e-01,
           8.0963e-01, 8.9979e-01],
          [4.0578e-01, 4.3287e-01, 9.6899e-01,  ..., 4.7490e-01,
           7.0329e-01, 4.6511e-01]],

         [[6.4833e-01, 9.8104e-02, 2.8259e-01,  ..., 8.8715e-01,
           1.9157e-01, 4.6764e-01],
          [5.1853e-01, 1.9673e-01, 3.3693e-01,  ..., 8.5613e-01,
           7.0703e-01, 7.9650e-01],
          [6.0738e-01, 7.0712e-01, 7.8511e-01,  ..., 3.4604e-01,
           3.6989e-01, 9.7868e-01],
          ...,
          [9.0248e-01, 8.1420e-01, 4.9336e-02,  ..., 6.9925e-01,
           2.5682e-01, 5.1407e-01],
          [8.6617e-01, 6.0235e-01, 1.4701e-01,  ..., 4.4869e-01,
           6.0887e-01, 3.4517e-01],
          [3.1274e-01, 7.6124e-01, 5.2178e-01,  ..., 1.2884e-01,
           1.9879e-01, 6.2441e-01]],

         [[7.5483e-01, 6.9538e-01, 1.6761e-01,  ..., 5.7082e-01,
           6.3692e-01, 1.1676e-01],
          [2.5162e-01, 2.4577e-01, 5.3762e-01,  ..., 4.5369e-01,
           5.9347e-01, 3.3150e-01],
          [4.2147e-01, 8.2151e-01, 3.9344e-01,  ..., 5.3928e-01,
           3.3008e-01, 5.5875e-01],
          ...,
          [7.9971e-01, 5.9159e-01, 5.6312e-01,  ..., 8.7397e-01,
           6.0651e-01, 2.9026e-01],
          [5.1693e-01, 5.9219e-01, 9.7123e-01,  ..., 7.8723e-01,
           5.0910e-01, 5.9869e-01],
          [5.9264e-01, 7.0751e-03, 3.6036e-01,  ..., 4.2786e-01,
           5.0558e-02, 9.5225e-01]],

         ...,

         [[5.4423e-01, 4.6291e-01, 1.4608e-02,  ..., 7.0426e-01,
           3.6657e-01, 6.8055e-02],
          [8.9143e-01, 8.3012e-01, 2.5246e-01,  ..., 5.0094e-01,
           9.3853e-01, 4.1825e-01],
          [7.0576e-01, 5.3326e-01, 5.6323e-01,  ..., 2.3390e-01,
           6.1042e-01, 5.5445e-01],
          ...,
          [2.6778e-01, 2.0250e-01, 5.7820e-01,  ..., 8.3204e-01,
           7.6992e-01, 2.1187e-01],
          [1.5291e-01, 9.1526e-01, 7.4720e-01,  ..., 5.3253e-01,
           5.7550e-01, 3.2413e-02],
          [1.1209e-01, 6.2958e-01, 5.3566e-01,  ..., 4.3532e-01,
           9.5545e-01, 6.6973e-01]],

         [[7.3119e-02, 3.1635e-01, 6.9304e-01,  ..., 3.8342e-01,
           9.7508e-01, 6.2536e-02],
          [2.4629e-01, 4.5426e-01, 7.3809e-01,  ..., 5.1632e-01,
           5.0327e-01, 1.6079e-01],
          [2.2862e-01, 6.6807e-01, 4.2356e-01,  ..., 3.6369e-01,
           7.1375e-01, 6.4531e-01],
          ...,
          [2.0039e-01, 2.4498e-01, 8.7821e-01,  ..., 4.0501e-01,
           6.3316e-01, 2.2578e-01],
          [4.8677e-01, 6.8157e-01, 6.1639e-01,  ..., 9.9647e-01,
           7.4070e-01, 5.0371e-02],
          [6.2060e-01, 3.7920e-01, 5.4466e-01,  ..., 4.5435e-03,
           2.4098e-01, 5.3543e-01]],

         [[2.3151e-01, 8.2986e-01, 7.8194e-01,  ..., 6.9954e-01,
           2.0366e-01, 7.8338e-01],
          [3.5505e-02, 5.7502e-01, 1.4454e-02,  ..., 9.8773e-01,
           4.1133e-01, 3.8876e-01],
          [8.0402e-01, 3.7948e-01, 6.7580e-01,  ..., 4.6677e-02,
           1.6501e-01, 2.5176e-01],
          ...,
          [9.9279e-01, 6.9553e-01, 4.2008e-01,  ..., 5.7387e-01,
           7.1704e-01, 6.7781e-01],
          [5.3827e-01, 8.6611e-01, 8.6967e-01,  ..., 2.5928e-01,
           4.3137e-01, 7.3291e-01],
          [4.4892e-01, 1.6194e-01, 9.8689e-01,  ..., 7.7891e-01,
           3.5396e-01, 9.0182e-01]]],


        [[[8.0528e-01, 7.9939e-01, 4.7417e-02,  ..., 7.5832e-01,
           7.8842e-01, 5.3183e-01],
          [8.0313e-01, 7.9346e-01, 2.1515e-02,  ..., 5.0246e-01,
           8.8124e-01, 6.7152e-01],
          [1.9348e-01, 6.1633e-01, 5.3278e-01,  ..., 8.3619e-01,
           4.6557e-01, 5.4877e-01],
          ...,
          [9.9281e-01, 1.2108e-01, 6.8558e-01,  ..., 1.5796e-01,
           7.0240e-01, 3.7652e-01],
          [5.5930e-01, 3.9170e-01, 8.5348e-01,  ..., 2.1129e-02,
           1.1491e-01, 2.3027e-01],
          [8.3068e-01, 6.5709e-01, 1.8682e-01,  ..., 4.2717e-01,
           2.1653e-01, 8.2836e-01]],

         [[8.8484e-03, 1.8395e-01, 2.9183e-01,  ..., 4.1524e-01,
           6.0562e-02, 3.7617e-01],
          [7.3188e-01, 5.9367e-01, 3.1001e-01,  ..., 2.9370e-01,
           6.4496e-01, 4.1862e-01],
          [3.5653e-01, 4.8010e-01, 9.0128e-01,  ..., 5.8802e-01,
           5.9990e-01, 9.8299e-02],
          ...,
          [1.9550e-01, 3.7894e-01, 1.0498e-01,  ..., 2.2525e-01,
           3.6628e-01, 4.2691e-01],
          [5.8680e-01, 2.2818e-02, 1.3697e-01,  ..., 1.3691e-01,
           2.0674e-01, 4.5080e-01],
          [2.9498e-01, 4.4651e-01, 4.2388e-01,  ..., 8.7593e-01,
           1.4663e-01, 7.2948e-01]],

         [[7.8572e-01, 8.8860e-02, 3.3563e-01,  ..., 9.5974e-01,
           5.3187e-01, 6.7497e-01],
          [7.5477e-01, 3.5187e-01, 2.8927e-01,  ..., 3.5927e-01,
           3.9849e-01, 9.0164e-01],
          [3.2719e-01, 2.7581e-01, 7.2262e-02,  ..., 1.0373e-01,
           2.9252e-01, 6.1213e-01],
          ...,
          [7.1464e-01, 3.4876e-01, 8.3974e-01,  ..., 9.8894e-01,
           6.4457e-01, 8.1562e-01],
          [5.0931e-01, 7.2868e-01, 3.8736e-01,  ..., 1.1675e-01,
           9.5043e-01, 2.8442e-01],
          [8.0357e-02, 6.6392e-01, 1.5619e-01,  ..., 2.3394e-02,
           6.4653e-01, 3.5294e-01]],

         ...,

         [[6.7026e-01, 9.8047e-01, 9.6166e-02,  ..., 1.5640e-02,
           4.1141e-01, 1.5575e-01],
          [4.3733e-01, 1.8587e-01, 6.1333e-02,  ..., 7.7522e-02,
           5.3467e-01, 3.1588e-01],
          [8.9799e-01, 3.3437e-01, 8.9287e-01,  ..., 4.1762e-01,
           9.2976e-01, 6.7571e-01],
          ...,
          [3.0973e-01, 6.6499e-01, 1.0305e-01,  ..., 5.1457e-01,
           2.4411e-01, 8.0853e-01],
          [2.0757e-01, 5.7225e-01, 3.3611e-01,  ..., 1.5615e-01,
           2.2038e-01, 8.7897e-01],
          [3.0198e-01, 7.1413e-01, 7.6392e-01,  ..., 1.6214e-01,
           5.6940e-02, 9.5039e-01]],

         [[5.4241e-01, 2.0697e-01, 2.2424e-01,  ..., 3.6539e-01,
           6.2605e-01, 4.7532e-01],
          [8.7874e-01, 1.3867e-01, 9.4066e-01,  ..., 8.6742e-01,
           9.7281e-01, 6.7652e-01],
          [4.6220e-01, 3.8020e-02, 1.1986e-01,  ..., 9.7200e-01,
           9.7885e-01, 5.7173e-01],
          ...,
          [1.1021e-01, 7.2988e-01, 9.0691e-01,  ..., 8.6687e-01,
           9.4543e-01, 8.1520e-01],
          [2.8092e-01, 1.0879e-01, 7.2279e-02,  ..., 6.0499e-01,
           9.4157e-01, 3.8816e-01],
          [4.5645e-01, 8.0000e-01, 2.6217e-01,  ..., 1.1836e-01,
           8.3718e-01, 8.0256e-01]],

         [[6.5808e-01, 8.2335e-02, 7.0076e-02,  ..., 9.3353e-01,
           9.6480e-01, 7.1998e-01],
          [8.4993e-01, 7.8314e-01, 9.4977e-01,  ..., 3.4334e-02,
           3.8031e-01, 5.8266e-01],
          [8.8449e-02, 2.9187e-01, 2.5659e-01,  ..., 5.6399e-02,
           5.2253e-01, 8.7518e-01],
          ...,
          [8.6119e-01, 8.3085e-01, 3.1039e-01,  ..., 8.7038e-01,
           5.7233e-01, 5.1074e-01],
          [4.5736e-01, 1.3880e-01, 3.2935e-01,  ..., 8.2263e-01,
           6.7077e-01, 2.1218e-01],
          [7.2881e-02, 8.0673e-01, 6.1907e-01,  ..., 1.2157e-02,
           2.1555e-01, 9.8333e-01]]],


        [[[5.5039e-02, 9.8631e-01, 6.6990e-01,  ..., 7.7550e-01,
           1.2638e-01, 9.8922e-01],
          [7.0178e-01, 9.2300e-01, 3.3657e-01,  ..., 4.0675e-01,
           1.5700e-01, 9.8470e-01],
          [9.6030e-01, 8.1850e-02, 3.1964e-01,  ..., 3.7017e-01,
           6.4207e-01, 5.2992e-02],
          ...,
          [3.0328e-03, 9.5093e-01, 8.8523e-01,  ..., 6.6414e-02,
           8.9367e-01, 5.4805e-02],
          [2.0668e-01, 5.9583e-01, 1.3536e-01,  ..., 1.3648e-01,
           3.4120e-01, 1.6635e-01],
          [5.5491e-02, 6.6319e-01, 4.2912e-01,  ..., 7.3781e-01,
           7.7853e-01, 6.2930e-01]],

         [[2.7794e-01, 3.3751e-01, 4.0003e-01,  ..., 1.2339e-01,
           5.7096e-01, 2.5507e-01],
          [8.9156e-01, 6.0824e-01, 8.0053e-01,  ..., 7.4737e-01,
           6.0467e-01, 5.6223e-01],
          [4.4892e-01, 8.8683e-01, 5.1869e-01,  ..., 7.5427e-01,
           7.9080e-01, 5.6148e-01],
          ...,
          [9.8212e-01, 2.7612e-01, 5.9111e-01,  ..., 4.7298e-01,
           4.0908e-01, 7.2022e-01],
          [1.7108e-01, 6.8693e-02, 5.6737e-01,  ..., 9.1245e-01,
           2.6967e-02, 3.0924e-01],
          [3.7427e-01, 3.2312e-01, 6.6716e-01,  ..., 9.0904e-01,
           5.9031e-01, 1.2906e-01]],

         [[2.7885e-01, 7.4292e-01, 8.1611e-01,  ..., 3.8071e-01,
           2.3074e-01, 8.4350e-01],
          [2.6295e-01, 6.3801e-01, 8.7019e-01,  ..., 7.9838e-01,
           7.9044e-01, 6.2306e-02],
          [7.3209e-02, 2.2409e-02, 4.8092e-01,  ..., 5.8310e-01,
           1.2959e-01, 6.9731e-01],
          ...,
          [7.4524e-01, 8.5755e-01, 2.4949e-01,  ..., 9.9913e-01,
           8.3868e-01, 4.7210e-01],
          [9.1527e-01, 6.6283e-01, 6.1154e-01,  ..., 4.9314e-01,
           4.7016e-01, 2.8390e-01],
          [6.3080e-04, 2.6326e-01, 8.8005e-02,  ..., 9.2481e-01,
           3.8517e-01, 5.7768e-01]],

         ...,

         [[6.7109e-01, 1.4707e-01, 2.5629e-01,  ..., 2.5949e-01,
           8.9105e-01, 8.8054e-01],
          [1.3223e-01, 9.0654e-03, 6.7579e-01,  ..., 2.8615e-01,
           5.6821e-01, 6.0447e-01],
          [7.7701e-01, 6.1566e-01, 2.1663e-01,  ..., 5.0501e-01,
           5.0219e-01, 1.5693e-01],
          ...,
          [2.0105e-01, 3.5695e-03, 6.6574e-01,  ..., 4.8683e-01,
           5.3110e-02, 3.3733e-01],
          [4.8294e-01, 3.0380e-01, 7.4459e-02,  ..., 4.9070e-01,
           2.9827e-01, 6.2961e-01],
          [3.8991e-01, 9.8111e-01, 6.2356e-01,  ..., 2.9869e-01,
           7.7377e-01, 9.1621e-01]],

         [[8.6376e-01, 4.6435e-01, 9.1139e-01,  ..., 1.6171e-02,
           8.9362e-01, 2.7901e-02],
          [1.9735e-01, 6.7149e-01, 5.5786e-01,  ..., 4.3176e-01,
           4.9598e-01, 6.1479e-01],
          [1.9613e-01, 3.5477e-02, 7.2840e-01,  ..., 7.7273e-01,
           5.5212e-01, 2.9412e-02],
          ...,
          [8.3120e-01, 6.1225e-01, 6.8433e-01,  ..., 1.6488e-01,
           2.9211e-02, 3.0211e-01],
          [3.0636e-01, 7.8907e-01, 3.0167e-01,  ..., 5.9893e-01,
           7.8158e-01, 2.9788e-01],
          [4.3544e-01, 7.0837e-01, 1.4539e-01,  ..., 1.6112e-01,
           6.0955e-01, 3.2300e-01]],

         [[1.1070e-01, 8.2644e-01, 7.5057e-01,  ..., 4.4929e-01,
           4.6296e-01, 9.3564e-01],
          [6.9435e-01, 7.6142e-01, 1.5618e-01,  ..., 5.4266e-01,
           1.4593e-01, 7.6421e-01],
          [7.2097e-01, 8.7148e-01, 3.7766e-01,  ..., 5.3250e-01,
           9.1660e-01, 2.8226e-01],
          ...,
          [7.8234e-01, 9.7750e-01, 2.7161e-01,  ..., 1.1766e-01,
           7.8720e-01, 4.3919e-01],
          [8.6699e-01, 2.8557e-01, 7.8468e-01,  ..., 1.5063e-02,
           9.3262e-01, 8.3369e-01],
          [5.7291e-01, 5.0307e-01, 5.3383e-01,  ..., 6.3224e-01,
           5.9783e-01, 4.3522e-01]]]])
