tensor([[[[8.2613e-02, 3.8768e-01, 4.2199e-01,  ..., 2.2334e-01,
           4.7663e-01, 9.1274e-01],
          [2.7618e-01, 9.2105e-01, 3.1804e-01,  ..., 5.3361e-01,
           5.5407e-01, 5.0555e-01],
          [7.3214e-01, 7.6872e-01, 2.2213e-01,  ..., 3.0312e-01,
           6.2765e-02, 9.7376e-01],
          ...,
          [6.9218e-01, 1.8990e-01, 6.2271e-01,  ..., 9.5057e-01,
           3.7605e-01, 6.8960e-02],
          [5.1150e-01, 5.1180e-02, 6.0052e-01,  ..., 4.0197e-02,
           7.0407e-01, 7.2231e-01],
          [7.4084e-02, 7.4936e-01, 4.7910e-01,  ..., 5.8143e-01,
           7.2553e-01, 4.2464e-01]],

         [[7.2793e-01, 9.0978e-02, 4.3212e-01,  ..., 9.4419e-01,
           9.8268e-01, 8.1804e-02],
          [3.7322e-01, 3.8873e-01, 2.2687e-01,  ..., 3.6504e-01,
           2.5144e-01, 4.7233e-01],
          [9.7114e-04, 4.9438e-01, 6.2623e-01,  ..., 7.1895e-01,
           9.6450e-01, 4.2172e-01],
          ...,
          [3.8406e-01, 8.7101e-01, 9.5852e-01,  ..., 1.9124e-01,
           1.2813e-01, 2.3316e-01],
          [3.2769e-01, 9.5799e-01, 5.3567e-01,  ..., 4.1586e-01,
           7.0837e-01, 4.3493e-01],
          [1.7093e-01, 9.1669e-01, 7.8203e-01,  ..., 3.1921e-01,
           6.0191e-01, 5.7913e-01]],

         [[7.7443e-01, 2.6337e-01, 3.1060e-01,  ..., 3.8900e-01,
           5.1667e-01, 5.0682e-01],
          [1.0186e-01, 4.8079e-01, 1.7332e-01,  ..., 8.7316e-01,
           2.8654e-01, 9.7315e-01],
          [7.1489e-01, 4.0328e-01, 6.0559e-01,  ..., 1.4139e-01,
           3.4447e-01, 9.0648e-01],
          ...,
          [5.6866e-01, 1.9492e-01, 6.5476e-01,  ..., 4.1073e-01,
           7.8935e-01, 3.4673e-01],
          [8.5924e-01, 9.6479e-01, 1.5278e-01,  ..., 7.7616e-01,
           9.9600e-01, 1.0919e-01],
          [6.5906e-01, 6.1724e-01, 9.1141e-03,  ..., 3.0117e-01,
           6.7902e-01, 4.2393e-01]],

         ...,

         [[8.5260e-01, 6.6233e-01, 4.1634e-02,  ..., 3.0880e-01,
           7.1775e-02, 2.3164e-01],
          [6.8012e-01, 4.3247e-01, 6.1319e-01,  ..., 7.7917e-01,
           3.6436e-01, 2.2661e-01],
          [7.2340e-01, 6.0625e-01, 5.6025e-01,  ..., 9.4522e-01,
           4.4959e-01, 4.8802e-01],
          ...,
          [9.3343e-01, 1.4971e-01, 2.8220e-01,  ..., 5.8032e-01,
           2.0494e-02, 2.9662e-01],
          [1.8740e-01, 9.6958e-01, 1.1568e-01,  ..., 5.2948e-01,
           5.3363e-01, 9.0093e-02],
          [3.0456e-01, 3.8337e-01, 3.8500e-01,  ..., 7.5195e-02,
           4.1583e-01, 3.4721e-01]],

         [[8.5960e-01, 2.4163e-01, 8.6991e-02,  ..., 1.3509e-01,
           8.8702e-01, 8.6515e-01],
          [4.8544e-01, 3.1796e-01, 3.9184e-01,  ..., 4.5903e-01,
           9.4592e-01, 6.9245e-01],
          [8.0420e-01, 9.0100e-01, 6.8020e-03,  ..., 9.0130e-01,
           1.5594e-01, 4.2851e-02],
          ...,
          [5.7486e-01, 1.9361e-01, 8.4549e-01,  ..., 9.9798e-01,
           2.2645e-01, 3.0274e-01],
          [9.8384e-01, 5.5650e-01, 4.6807e-01,  ..., 8.6485e-01,
           4.6938e-01, 7.7709e-01],
          [8.6686e-01, 6.1969e-01, 9.5227e-01,  ..., 5.0406e-01,
           5.4484e-01, 3.9038e-01]],

         [[8.1105e-01, 1.2441e-01, 5.7297e-01,  ..., 9.0378e-01,
           6.0982e-01, 4.6299e-01],
          [8.7864e-02, 6.6108e-01, 7.6426e-01,  ..., 6.2068e-01,
           1.6402e-01, 6.5332e-01],
          [8.0357e-01, 2.8255e-02, 1.7085e-01,  ..., 3.0189e-01,
           2.7267e-01, 9.3653e-01],
          ...,
          [1.8052e-02, 3.8092e-02, 5.2487e-01,  ..., 3.9294e-01,
           9.2099e-01, 2.8597e-01],
          [4.3552e-01, 3.7239e-01, 2.5392e-01,  ..., 4.8929e-01,
           3.4787e-01, 1.6201e-01],
          [3.2764e-01, 5.5780e-01, 3.3059e-01,  ..., 7.2796e-01,
           2.3890e-01, 8.1378e-02]]],


        [[[1.1568e-01, 6.2448e-01, 8.3594e-02,  ..., 2.4851e-01,
           3.2160e-01, 1.0417e-02],
          [2.5567e-01, 3.8189e-01, 8.3583e-02,  ..., 1.0895e-01,
           2.9939e-01, 2.6075e-01],
          [7.2413e-01, 7.3390e-01, 5.3961e-01,  ..., 5.8670e-01,
           3.6275e-01, 9.5369e-01],
          ...,
          [1.4777e-01, 1.3966e-01, 7.4508e-02,  ..., 1.8475e-01,
           8.8207e-01, 7.8803e-01],
          [8.6172e-01, 1.5815e-01, 9.6918e-01,  ..., 1.9054e-01,
           3.4038e-01, 3.1675e-01],
          [9.3872e-01, 7.5015e-01, 5.6961e-01,  ..., 6.0763e-01,
           1.3935e-01, 8.1543e-01]],

         [[7.1104e-01, 3.9072e-01, 5.6672e-01,  ..., 3.5191e-01,
           1.0381e-01, 8.3235e-01],
          [6.6889e-01, 3.4826e-01, 2.5511e-01,  ..., 1.9402e-02,
           1.9403e-01, 2.3717e-01],
          [1.1450e-01, 4.4137e-01, 2.2663e-01,  ..., 9.4706e-01,
           5.1755e-01, 6.9331e-01],
          ...,
          [1.0797e-01, 2.8143e-01, 1.3244e-01,  ..., 3.0787e-01,
           6.4628e-01, 9.2217e-01],
          [1.9528e-02, 1.9446e-01, 3.2859e-01,  ..., 8.2420e-01,
           3.3339e-01, 7.7186e-01],
          [2.1055e-01, 5.2482e-01, 8.3210e-02,  ..., 5.9416e-01,
           9.4672e-01, 4.2044e-01]],

         [[7.8585e-01, 2.3983e-01, 9.8216e-01,  ..., 7.4134e-02,
           5.9906e-01, 6.2888e-01],
          [3.2537e-01, 9.6834e-01, 4.1320e-02,  ..., 2.4280e-01,
           6.6737e-02, 9.0358e-01],
          [6.7805e-01, 3.1616e-01, 9.1247e-01,  ..., 7.4662e-01,
           2.7319e-01, 5.0910e-02],
          ...,
          [1.2214e-02, 4.5353e-02, 1.2999e-01,  ..., 4.5439e-01,
           2.8075e-01, 7.3111e-01],
          [6.8799e-01, 4.9240e-01, 8.0234e-01,  ..., 1.7047e-01,
           6.6570e-01, 8.3009e-01],
          [9.7174e-01, 8.4639e-01, 7.3298e-01,  ..., 5.5707e-02,
           7.4963e-02, 1.2252e-01]],

         ...,

         [[7.0291e-01, 9.6092e-01, 2.2785e-01,  ..., 7.5638e-01,
           9.5944e-01, 9.8232e-01],
          [7.2222e-01, 7.0808e-02, 2.9034e-01,  ..., 5.2187e-01,
           5.7642e-01, 1.3711e-01],
          [3.3367e-03, 7.2511e-01, 3.5086e-01,  ..., 7.1982e-01,
           9.4323e-01, 6.4370e-02],
          ...,
          [2.1783e-01, 8.0926e-01, 6.7101e-02,  ..., 3.3569e-01,
           6.6341e-01, 1.4568e-01],
          [8.8389e-01, 6.1330e-03, 3.3916e-01,  ..., 7.8294e-01,
           5.4025e-01, 9.1386e-01],
          [3.2054e-01, 8.3270e-02, 3.4619e-01,  ..., 3.4019e-01,
           6.3552e-02, 8.8971e-01]],

         [[8.2235e-01, 1.1131e-01, 8.9439e-01,  ..., 1.5432e-01,
           1.9583e-01, 3.4036e-01],
          [3.4897e-01, 3.4261e-02, 9.1354e-01,  ..., 7.0630e-01,
           5.7752e-02, 9.8424e-01],
          [7.5658e-01, 2.0960e-01, 9.8898e-01,  ..., 1.1404e-01,
           2.3018e-01, 8.3459e-01],
          ...,
          [8.2938e-01, 6.8496e-01, 7.2256e-01,  ..., 7.2773e-02,
           3.7839e-01, 1.1910e-01],
          [6.0298e-01, 6.8520e-01, 2.1618e-01,  ..., 3.0351e-01,
           8.1076e-01, 1.8997e-01],
          [1.7127e-01, 4.7322e-01, 6.1566e-01,  ..., 9.2863e-01,
           1.9325e-01, 9.2503e-02]],

         [[3.7676e-01, 5.0387e-01, 9.4295e-01,  ..., 2.1568e-01,
           8.7984e-01, 5.9290e-01],
          [1.6511e-01, 8.2448e-01, 6.2365e-01,  ..., 6.2416e-01,
           4.1548e-01, 2.7575e-01],
          [2.4764e-01, 4.8181e-01, 4.5151e-01,  ..., 9.2847e-01,
           3.3302e-02, 3.8091e-01],
          ...,
          [3.0869e-01, 8.7320e-01, 4.5751e-01,  ..., 9.7891e-01,
           9.2995e-01, 3.6167e-01],
          [2.4746e-01, 7.8719e-01, 1.3889e-01,  ..., 6.2351e-01,
           6.1147e-01, 3.9613e-01],
          [9.7937e-01, 5.1797e-01, 4.8676e-01,  ..., 6.5728e-01,
           8.8916e-01, 1.4295e-01]]],


        [[[7.9688e-02, 1.6985e-01, 6.0651e-02,  ..., 3.0139e-01,
           2.1836e-01, 1.0270e-01],
          [3.4957e-01, 4.7341e-01, 2.9116e-01,  ..., 2.0384e-01,
           6.5795e-01, 6.3645e-01],
          [8.8654e-01, 4.0299e-01, 2.3650e-01,  ..., 7.3253e-01,
           9.0466e-01, 5.4068e-01],
          ...,
          [2.0445e-01, 1.3960e-01, 4.8306e-01,  ..., 2.7649e-02,
           8.3110e-01, 9.8860e-01],
          [5.8536e-01, 4.8853e-02, 3.7950e-01,  ..., 3.9654e-01,
           1.1575e-01, 5.2278e-01],
          [7.3166e-01, 2.2016e-02, 7.9820e-01,  ..., 6.4978e-01,
           4.1127e-01, 2.0106e-01]],

         [[7.1718e-01, 5.5323e-01, 1.8091e-01,  ..., 8.0963e-01,
           9.1439e-01, 9.7897e-01],
          [9.1698e-01, 9.7279e-01, 7.0372e-01,  ..., 2.7444e-01,
           8.2142e-01, 7.4045e-01],
          [8.7001e-01, 5.2727e-01, 7.0202e-01,  ..., 2.7011e-01,
           7.3926e-03, 7.3605e-01],
          ...,
          [8.7648e-01, 1.0904e-01, 1.6425e-02,  ..., 9.6994e-01,
           3.6378e-01, 8.6462e-01],
          [5.6196e-02, 5.4358e-01, 8.9152e-02,  ..., 1.7728e-01,
           3.7755e-01, 3.7327e-01],
          [6.1665e-01, 3.4699e-01, 9.4786e-01,  ..., 6.3417e-01,
           4.7779e-01, 2.3650e-01]],

         [[2.9042e-01, 2.2443e-01, 3.9280e-01,  ..., 9.2487e-01,
           6.0402e-01, 5.5215e-01],
          [4.1897e-01, 7.5605e-01, 1.6857e-01,  ..., 6.8986e-01,
           4.6504e-01, 6.8570e-01],
          [6.6230e-01, 1.5344e-01, 5.9070e-01,  ..., 8.8948e-01,
           1.3795e-01, 7.3046e-01],
          ...,
          [6.4136e-01, 3.8318e-01, 7.0949e-01,  ..., 4.0394e-01,
           2.6252e-01, 5.0161e-01],
          [9.0332e-01, 1.8178e-01, 4.9324e-01,  ..., 1.1647e-01,
           6.4872e-01, 7.4430e-01],
          [3.2954e-01, 4.7349e-01, 2.4211e-01,  ..., 9.7283e-01,
           5.4786e-01, 8.7743e-01]],

         ...,

         [[4.9389e-01, 7.1288e-01, 4.7083e-01,  ..., 1.2025e-01,
           9.2748e-01, 6.7449e-01],
          [8.2057e-01, 4.1157e-01, 8.9472e-01,  ..., 5.3430e-01,
           2.3885e-01, 7.2277e-01],
          [8.6991e-01, 8.2091e-01, 5.8867e-01,  ..., 6.7215e-01,
           3.9268e-01, 6.9404e-01],
          ...,
          [6.7360e-02, 7.1494e-01, 3.9490e-01,  ..., 4.9981e-01,
           8.2358e-01, 6.0033e-01],
          [5.4547e-02, 9.4400e-01, 9.6174e-01,  ..., 3.7035e-01,
           8.4505e-01, 8.8438e-01],
          [8.9849e-01, 2.7162e-01, 5.2135e-01,  ..., 9.8521e-01,
           7.5924e-01, 5.9111e-01]],

         [[8.7909e-01, 6.0511e-01, 7.6234e-01,  ..., 6.7617e-01,
           6.4958e-01, 8.2699e-01],
          [3.4951e-01, 4.3811e-01, 4.4106e-01,  ..., 8.1960e-01,
           4.0208e-01, 5.9069e-01],
          [8.8635e-01, 7.3676e-01, 9.8393e-01,  ..., 8.5770e-01,
           6.0416e-01, 3.0917e-01],
          ...,
          [8.6421e-01, 9.7917e-01, 2.7000e-01,  ..., 7.8977e-01,
           9.2638e-01, 5.9732e-02],
          [6.4601e-01, 8.3485e-01, 9.3616e-01,  ..., 1.8244e-01,
           2.7271e-01, 7.5901e-01],
          [6.3959e-01, 1.1560e-01, 2.6272e-01,  ..., 4.3304e-02,
           7.6462e-01, 2.4965e-01]],

         [[6.8896e-01, 9.0471e-01, 3.4135e-01,  ..., 9.6674e-01,
           9.7986e-01, 9.9757e-01],
          [7.2410e-01, 2.7846e-02, 6.9003e-01,  ..., 2.2783e-01,
           7.9087e-01, 7.5754e-02],
          [6.1395e-01, 8.9988e-01, 9.1464e-01,  ..., 7.2461e-01,
           3.3673e-01, 2.1988e-01],
          ...,
          [5.5157e-01, 3.7601e-01, 5.1716e-01,  ..., 9.8931e-02,
           8.0964e-01, 9.6676e-01],
          [8.3123e-01, 3.7864e-02, 4.4532e-01,  ..., 7.7439e-01,
           3.4591e-01, 1.3624e-01],
          [4.0351e-01, 7.3829e-01, 5.9550e-01,  ..., 8.2184e-01,
           8.0996e-01, 9.6581e-01]]],


        ...,


        [[[5.3157e-01, 4.8770e-01, 4.1991e-01,  ..., 3.5447e-01,
           7.6928e-02, 4.2520e-01],
          [9.0364e-01, 8.4526e-01, 9.5840e-01,  ..., 5.3282e-01,
           3.4206e-01, 4.0625e-02],
          [1.6799e-01, 1.5762e-01, 1.0103e-01,  ..., 1.0750e-01,
           5.8720e-01, 9.1166e-01],
          ...,
          [7.3335e-01, 5.5313e-01, 7.0502e-01,  ..., 5.7312e-01,
           5.8057e-01, 7.9663e-01],
          [8.5846e-01, 8.5001e-02, 4.4651e-01,  ..., 3.7290e-01,
           5.2333e-01, 4.6005e-01],
          [2.2643e-01, 6.7897e-01, 7.1954e-01,  ..., 1.3011e-01,
           5.9640e-01, 8.1811e-01]],

         [[5.7712e-01, 3.3344e-02, 2.9274e-02,  ..., 2.2269e-01,
           5.8448e-01, 2.5431e-01],
          [5.5839e-01, 5.6231e-01, 2.6895e-01,  ..., 4.8608e-01,
           7.1012e-01, 4.2942e-01],
          [1.2725e-01, 6.2941e-01, 6.2537e-01,  ..., 1.7687e-01,
           6.0051e-01, 6.0783e-01],
          ...,
          [1.9716e-01, 7.1755e-01, 9.2167e-01,  ..., 4.6058e-01,
           4.6622e-01, 7.6203e-02],
          [9.6487e-01, 9.0023e-01, 9.2578e-01,  ..., 7.3679e-01,
           9.9909e-01, 5.9833e-01],
          [5.0289e-01, 5.4890e-01, 4.2793e-01,  ..., 3.6385e-01,
           4.2941e-01, 6.7714e-01]],

         [[6.6341e-01, 2.8175e-02, 5.6746e-02,  ..., 2.7662e-01,
           4.2528e-02, 7.2649e-01],
          [8.5415e-01, 9.0885e-01, 6.6707e-01,  ..., 6.3718e-01,
           2.8894e-01, 9.8871e-01],
          [4.8211e-01, 3.5429e-01, 2.8858e-01,  ..., 9.4728e-01,
           3.1972e-04, 3.2167e-01],
          ...,
          [9.1188e-01, 7.3742e-01, 5.9386e-01,  ..., 9.6685e-01,
           8.5770e-01, 8.4961e-01],
          [2.8408e-01, 6.4390e-01, 5.0561e-01,  ..., 5.8336e-01,
           4.9171e-01, 2.1469e-01],
          [8.5031e-01, 2.7821e-01, 8.6485e-01,  ..., 6.2640e-01,
           5.3571e-01, 3.0050e-02]],

         ...,

         [[7.1500e-01, 5.2532e-01, 8.9842e-01,  ..., 7.3265e-01,
           5.6836e-02, 6.1425e-01],
          [3.0973e-01, 3.4238e-01, 3.1226e-01,  ..., 1.2949e-01,
           9.2480e-01, 8.8733e-02],
          [1.3378e-01, 9.4541e-02, 1.4432e-01,  ..., 4.5722e-01,
           3.4643e-01, 8.1073e-01],
          ...,
          [7.7887e-01, 8.0186e-01, 5.5688e-01,  ..., 7.7480e-01,
           6.2571e-01, 2.3956e-01],
          [6.2897e-01, 3.4122e-01, 3.9876e-01,  ..., 9.8307e-01,
           5.2751e-01, 3.3005e-01],
          [9.1005e-01, 3.7183e-01, 3.5515e-01,  ..., 1.8603e-01,
           3.8209e-01, 6.3591e-01]],

         [[9.9407e-01, 4.2363e-01, 7.0873e-01,  ..., 3.4285e-01,
           6.4212e-01, 1.2380e-02],
          [5.9839e-02, 4.0443e-01, 3.3046e-01,  ..., 9.5169e-01,
           6.2065e-01, 6.6130e-02],
          [1.8535e-01, 2.8769e-01, 6.8769e-01,  ..., 8.7233e-01,
           2.5502e-02, 4.8073e-01],
          ...,
          [9.9528e-01, 5.8215e-01, 4.9044e-01,  ..., 6.0248e-04,
           6.7623e-01, 6.6072e-01],
          [2.3157e-01, 4.3332e-01, 8.1518e-01,  ..., 6.2680e-01,
           8.0973e-01, 9.0628e-01],
          [5.3621e-01, 4.0022e-02, 7.4035e-01,  ..., 1.6990e-01,
           1.0094e-01, 7.5647e-01]],

         [[8.7875e-01, 3.8700e-01, 7.0543e-01,  ..., 2.2130e-01,
           4.7560e-01, 3.0315e-01],
          [7.6356e-01, 7.2610e-02, 8.2192e-02,  ..., 7.0745e-01,
           5.2299e-01, 2.0766e-01],
          [1.6065e-01, 8.8214e-01, 8.5547e-01,  ..., 2.1110e-01,
           6.5699e-01, 4.5638e-01],
          ...,
          [6.9476e-01, 7.8584e-01, 3.1778e-01,  ..., 4.6683e-01,
           7.4140e-01, 3.7595e-01],
          [2.8233e-01, 8.3746e-01, 9.5270e-01,  ..., 4.9456e-01,
           6.8151e-01, 7.7353e-01],
          [9.1333e-01, 4.6716e-01, 3.5755e-02,  ..., 9.8530e-01,
           3.0960e-01, 9.4300e-01]]],


        [[[8.7180e-01, 5.3719e-01, 2.3252e-01,  ..., 1.3946e-01,
           1.8750e-01, 1.0671e-01],
          [8.6470e-01, 8.9022e-01, 5.5095e-01,  ..., 2.8560e-01,
           2.1823e-01, 9.9650e-01],
          [1.3787e-01, 7.6433e-01, 5.1231e-01,  ..., 7.9685e-01,
           8.5644e-01, 5.6647e-02],
          ...,
          [1.9655e-01, 8.2727e-01, 3.4734e-01,  ..., 6.1936e-01,
           7.3639e-01, 5.9930e-02],
          [1.0268e-01, 4.2147e-01, 2.1515e-01,  ..., 1.6920e-01,
           7.9547e-01, 5.8869e-01],
          [7.1830e-01, 4.3579e-01, 7.1916e-01,  ..., 8.5782e-01,
           4.0455e-02, 8.3541e-01]],

         [[4.8413e-01, 3.0622e-01, 4.5903e-01,  ..., 9.3069e-02,
           9.3698e-01, 8.0117e-01],
          [3.9018e-01, 5.9818e-01, 2.0364e-01,  ..., 8.8717e-01,
           3.0101e-01, 7.5994e-01],
          [6.5748e-03, 1.0290e-01, 8.1541e-01,  ..., 7.6951e-01,
           8.7629e-01, 1.6710e-01],
          ...,
          [4.8682e-01, 7.1334e-01, 2.4801e-01,  ..., 5.3299e-01,
           1.3467e-02, 7.3418e-01],
          [1.6536e-01, 5.7370e-01, 1.0028e-03,  ..., 4.0180e-01,
           5.8225e-01, 3.2550e-01],
          [6.7255e-01, 8.3770e-01, 7.9931e-01,  ..., 6.5419e-01,
           4.4124e-01, 9.4685e-01]],

         [[8.6589e-01, 4.7041e-01, 7.2909e-02,  ..., 8.5593e-01,
           5.2539e-01, 2.5659e-01],
          [8.6184e-01, 4.7613e-03, 8.3794e-01,  ..., 9.3283e-01,
           6.4503e-01, 3.2108e-01],
          [3.0065e-01, 6.6576e-01, 8.5928e-01,  ..., 8.1270e-01,
           2.1134e-01, 3.8772e-01],
          ...,
          [6.7217e-01, 8.6616e-01, 3.5731e-01,  ..., 4.5235e-01,
           9.3838e-01, 8.8608e-01],
          [5.1023e-01, 1.5560e-01, 8.9594e-01,  ..., 1.7211e-01,
           2.3491e-01, 6.6540e-01],
          [4.2300e-02, 1.2246e-01, 4.4079e-01,  ..., 6.0495e-01,
           9.8615e-01, 8.3469e-01]],

         ...,

         [[3.7096e-01, 2.4827e-01, 8.9876e-01,  ..., 8.9887e-02,
           5.1638e-01, 4.9910e-01],
          [4.8230e-01, 9.7868e-01, 9.0758e-01,  ..., 4.4005e-01,
           2.2849e-01, 8.2122e-01],
          [9.2272e-01, 7.7136e-01, 5.3108e-01,  ..., 3.0146e-01,
           2.3555e-01, 7.2500e-01],
          ...,
          [7.3152e-01, 7.2076e-01, 4.8792e-01,  ..., 1.9039e-01,
           7.5495e-01, 5.1521e-01],
          [4.4142e-01, 6.4624e-01, 3.5670e-02,  ..., 3.9925e-01,
           6.1651e-01, 7.1699e-01],
          [1.3322e-01, 6.8054e-01, 7.9096e-01,  ..., 8.4216e-01,
           5.9883e-01, 5.9030e-01]],

         [[8.2018e-01, 5.4833e-01, 3.1312e-01,  ..., 9.0067e-03,
           7.1048e-01, 2.0169e-01],
          [1.0058e-01, 8.1059e-01, 1.1414e-01,  ..., 9.6916e-01,
           3.6162e-01, 4.6227e-02],
          [2.0528e-01, 6.5250e-02, 6.8129e-01,  ..., 8.6275e-01,
           1.5201e-01, 4.2892e-01],
          ...,
          [4.9273e-01, 1.4028e-02, 3.6930e-03,  ..., 5.3101e-01,
           2.9729e-01, 1.7902e-01],
          [7.2001e-01, 4.4885e-01, 8.1757e-01,  ..., 3.2873e-01,
           5.7368e-01, 8.6449e-01],
          [6.2217e-01, 6.3806e-01, 7.0659e-01,  ..., 4.8739e-01,
           4.5602e-01, 7.3214e-01]],

         [[6.1092e-01, 8.0566e-02, 4.6832e-01,  ..., 9.1906e-01,
           5.3156e-01, 4.6325e-01],
          [5.7346e-01, 1.0762e-02, 3.7144e-01,  ..., 2.2360e-01,
           3.1266e-01, 4.1597e-01],
          [9.1848e-01, 1.6560e-01, 9.1845e-01,  ..., 5.8660e-01,
           8.7742e-01, 9.6508e-01],
          ...,
          [3.2832e-02, 6.9109e-01, 3.7461e-01,  ..., 4.6621e-01,
           1.9190e-01, 3.0384e-01],
          [7.4162e-01, 5.4267e-01, 7.5232e-01,  ..., 1.0001e-01,
           7.1059e-01, 2.6456e-01],
          [5.5699e-01, 1.1351e-01, 6.9306e-01,  ..., 5.1790e-01,
           4.7392e-01, 4.0167e-01]]],


        [[[8.9587e-01, 1.8362e-02, 1.1633e-01,  ..., 9.5778e-01,
           8.1334e-01, 3.0623e-01],
          [4.9103e-01, 9.8687e-01, 5.8710e-01,  ..., 7.1053e-01,
           9.3449e-01, 2.5229e-01],
          [9.3061e-01, 7.1403e-01, 7.3203e-01,  ..., 5.3275e-01,
           9.9466e-01, 6.5049e-01],
          ...,
          [5.4206e-01, 3.3623e-01, 5.2785e-01,  ..., 5.6106e-01,
           9.5792e-01, 9.7402e-01],
          [5.2536e-01, 5.2952e-02, 6.2535e-01,  ..., 8.8671e-01,
           6.7719e-01, 9.2653e-01],
          [2.0841e-01, 5.2572e-01, 3.0909e-01,  ..., 3.5528e-01,
           9.8889e-01, 7.0175e-01]],

         [[5.2141e-01, 7.4528e-01, 7.2220e-01,  ..., 9.9165e-01,
           7.0612e-02, 4.1281e-01],
          [7.8656e-01, 1.7296e-01, 8.1894e-01,  ..., 7.6956e-01,
           5.5486e-01, 9.7493e-01],
          [3.5488e-01, 6.7638e-01, 7.7948e-01,  ..., 1.4183e-01,
           9.2588e-02, 5.4572e-01],
          ...,
          [4.9087e-01, 4.4458e-01, 9.9896e-01,  ..., 8.7363e-01,
           8.5920e-01, 7.9088e-02],
          [7.4696e-01, 8.0674e-01, 5.2545e-01,  ..., 8.5885e-01,
           1.5512e-01, 6.7911e-01],
          [4.5400e-02, 3.9188e-01, 7.1606e-01,  ..., 8.6992e-01,
           6.0632e-01, 3.1220e-01]],

         [[9.7452e-01, 7.3420e-01, 6.6872e-01,  ..., 7.8586e-01,
           5.1269e-01, 5.1207e-01],
          [4.7261e-01, 7.4582e-01, 4.6603e-01,  ..., 7.2657e-01,
           4.0692e-01, 3.0549e-01],
          [9.0468e-01, 7.2928e-01, 5.7148e-01,  ..., 2.2192e-01,
           5.3549e-01, 6.0118e-01],
          ...,
          [6.1463e-01, 1.6388e-01, 6.6518e-01,  ..., 9.3117e-01,
           8.6404e-01, 7.3641e-01],
          [7.7848e-01, 8.9015e-01, 9.9499e-01,  ..., 8.7695e-01,
           4.5778e-01, 9.5396e-02],
          [8.9697e-01, 1.3115e-01, 1.2268e-02,  ..., 1.7205e-02,
           3.0936e-01, 4.1681e-01]],

         ...,

         [[5.7448e-01, 8.2903e-02, 3.7997e-01,  ..., 8.3973e-01,
           5.2499e-01, 7.9536e-01],
          [3.5534e-02, 3.3583e-01, 6.3792e-02,  ..., 3.0801e-01,
           6.7812e-01, 4.8388e-01],
          [7.1797e-01, 3.9121e-01, 5.1500e-01,  ..., 3.1941e-01,
           3.8772e-01, 9.3330e-01],
          ...,
          [8.2523e-01, 5.0671e-01, 6.4207e-01,  ..., 2.3253e-01,
           4.6751e-02, 7.9661e-01],
          [6.6937e-01, 9.6239e-01, 2.0239e-01,  ..., 8.5313e-02,
           9.6012e-03, 1.3092e-01],
          [6.8529e-01, 6.0736e-01, 5.4135e-01,  ..., 1.6963e-01,
           5.8700e-01, 3.7945e-01]],

         [[4.7695e-01, 2.6795e-01, 3.2615e-01,  ..., 7.6144e-01,
           7.6272e-01, 2.4663e-01],
          [6.4966e-01, 2.0551e-01, 4.4415e-01,  ..., 1.6891e-01,
           1.1784e-01, 9.3414e-01],
          [3.5732e-01, 1.0475e-01, 6.5512e-01,  ..., 4.6803e-01,
           5.0017e-01, 5.8885e-01],
          ...,
          [9.2476e-01, 7.1018e-01, 1.9715e-02,  ..., 6.9658e-01,
           9.5793e-01, 3.2409e-01],
          [5.5387e-01, 6.6654e-02, 6.3983e-01,  ..., 7.3565e-01,
           7.1597e-01, 6.4257e-02],
          [9.6005e-01, 5.3903e-01, 1.2924e-01,  ..., 5.6505e-01,
           9.6735e-01, 5.2909e-02]],

         [[9.7878e-02, 4.4920e-01, 1.8002e-01,  ..., 2.6065e-02,
           5.9514e-01, 9.1894e-01],
          [6.1635e-02, 8.7658e-01, 1.4199e-01,  ..., 5.5608e-01,
           7.9350e-01, 1.9560e-02],
          [1.0760e-01, 9.6105e-01, 5.7108e-01,  ..., 4.0962e-02,
           6.8908e-01, 9.8057e-01],
          ...,
          [2.6725e-02, 7.0090e-02, 1.3417e-01,  ..., 6.3787e-01,
           3.4096e-01, 6.8695e-01],
          [8.4423e-01, 4.4807e-01, 9.4049e-01,  ..., 3.6948e-01,
           8.1652e-01, 9.2530e-01],
          [4.1202e-01, 2.2040e-01, 3.9268e-01,  ..., 5.2860e-01,
           5.7374e-01, 3.5927e-01]]]])
