tensor([[[[7.9901e-01, 8.6546e-02, 9.9519e-01,  ..., 1.1030e-01,
           8.1891e-01, 7.6110e-02],
          [3.1893e-01, 2.5884e-01, 9.4450e-01,  ..., 2.4717e-01,
           4.9700e-01, 9.5500e-01],
          [5.8980e-01, 1.5764e-01, 8.4285e-01,  ..., 6.2492e-01,
           1.6641e-01, 6.0730e-01],
          ...,
          [5.6034e-01, 8.4395e-02, 3.2139e-01,  ..., 1.4789e-01,
           4.9587e-01, 2.7666e-01],
          [2.2795e-01, 9.3535e-01, 7.1860e-01,  ..., 4.8957e-01,
           8.7790e-01, 7.1652e-01],
          [2.8111e-01, 9.7143e-01, 3.8498e-01,  ..., 1.5030e-01,
           4.4816e-01, 1.7239e-01]],

         [[9.7492e-01, 2.5912e-01, 2.0636e-01,  ..., 4.7955e-01,
           2.1853e-01, 8.7161e-01],
          [7.5757e-01, 1.8856e-01, 5.5414e-01,  ..., 6.1300e-01,
           2.4289e-01, 4.2182e-01],
          [2.1344e-01, 5.5711e-01, 8.4308e-01,  ..., 9.5927e-01,
           3.1492e-01, 7.3504e-01],
          ...,
          [1.7619e-01, 7.3469e-01, 3.4617e-01,  ..., 7.7122e-01,
           7.0379e-01, 4.8527e-01],
          [6.2252e-02, 3.5071e-01, 2.0835e-01,  ..., 5.7872e-01,
           4.5987e-01, 4.7225e-01],
          [8.9965e-01, 3.3713e-01, 5.6200e-01,  ..., 5.6415e-01,
           9.6309e-01, 7.5296e-01]],

         [[2.1165e-01, 4.4105e-01, 7.5118e-01,  ..., 2.3671e-01,
           6.1762e-01, 7.6350e-01],
          [8.2056e-01, 2.8270e-01, 5.1208e-01,  ..., 2.7885e-01,
           3.3906e-01, 2.7185e-02],
          [4.1157e-01, 5.4239e-01, 3.0494e-01,  ..., 7.2341e-01,
           6.4341e-01, 9.3988e-01],
          ...,
          [2.3616e-01, 5.0439e-01, 9.7127e-01,  ..., 5.5717e-01,
           1.9274e-01, 2.5295e-01],
          [8.7613e-01, 6.1610e-01, 2.8415e-02,  ..., 3.1117e-01,
           2.4919e-02, 3.0112e-01],
          [9.7178e-01, 7.1848e-01, 4.5274e-01,  ..., 8.6521e-01,
           8.5502e-01, 9.4212e-01]],

         ...,

         [[9.7824e-01, 6.8608e-01, 8.0444e-01,  ..., 3.5371e-01,
           9.9657e-01, 6.9287e-01],
          [3.7905e-01, 1.8228e-01, 1.9543e-01,  ..., 9.1294e-01,
           6.5921e-02, 4.0023e-01],
          [4.2469e-01, 5.3573e-01, 7.5447e-01,  ..., 5.9300e-01,
           8.2026e-01, 2.5812e-01],
          ...,
          [8.0464e-01, 5.0232e-01, 9.5399e-01,  ..., 6.1935e-01,
           8.3636e-01, 3.9484e-01],
          [6.9262e-01, 2.5313e-01, 3.4446e-01,  ..., 5.3133e-01,
           4.8894e-01, 8.6279e-01],
          [6.3985e-01, 3.7397e-01, 5.7017e-01,  ..., 5.0637e-01,
           2.0925e-01, 4.4276e-01]],

         [[4.8423e-01, 4.0175e-01, 2.1157e-01,  ..., 5.5777e-01,
           3.9245e-02, 2.1985e-01],
          [8.7262e-01, 7.8276e-01, 1.4841e-01,  ..., 1.5889e-02,
           4.5275e-01, 1.0236e-01],
          [6.5489e-01, 8.8889e-01, 3.0223e-01,  ..., 8.1434e-01,
           4.6600e-03, 2.1840e-01],
          ...,
          [1.7731e-01, 7.4681e-02, 3.6001e-01,  ..., 2.3863e-01,
           2.7040e-01, 8.3479e-01],
          [3.8568e-01, 9.3419e-01, 9.7050e-01,  ..., 2.2250e-01,
           2.0498e-01, 6.1173e-01],
          [7.7753e-01, 1.9689e-01, 9.7902e-01,  ..., 5.6452e-01,
           1.7141e-01, 8.3121e-01]],

         [[1.4159e-01, 2.8187e-01, 9.7167e-01,  ..., 5.5709e-01,
           5.0846e-02, 9.8489e-01],
          [1.6407e-01, 1.1799e-01, 4.9648e-01,  ..., 8.3701e-01,
           2.6037e-01, 7.2706e-01],
          [4.0573e-01, 9.0345e-01, 9.9787e-01,  ..., 5.0784e-01,
           3.8012e-01, 8.1485e-01],
          ...,
          [8.8634e-01, 1.6289e-01, 8.4602e-01,  ..., 9.9964e-01,
           6.2861e-01, 7.6715e-01],
          [9.8747e-01, 2.4421e-01, 2.9289e-01,  ..., 1.3322e-01,
           1.3407e-01, 4.1059e-02],
          [3.7366e-01, 5.2235e-01, 2.1429e-01,  ..., 7.0903e-01,
           5.7148e-01, 2.9487e-01]]],


        [[[6.3035e-01, 7.0040e-01, 1.1955e-01,  ..., 3.2178e-02,
           5.9322e-01, 3.8639e-01],
          [8.1782e-01, 9.4454e-01, 3.9508e-01,  ..., 1.2318e-01,
           4.6943e-01, 3.7018e-01],
          [9.2078e-01, 6.0855e-01, 3.5602e-01,  ..., 1.8181e-01,
           9.0658e-01, 5.8563e-01],
          ...,
          [1.0835e-01, 6.2171e-01, 8.0243e-02,  ..., 1.0637e-01,
           7.9383e-01, 5.9248e-01],
          [3.3114e-01, 9.6890e-01, 8.8500e-01,  ..., 9.2939e-01,
           2.7780e-01, 6.6944e-02],
          [6.0328e-01, 4.9421e-01, 6.1590e-01,  ..., 3.4984e-01,
           6.2759e-01, 4.1503e-01]],

         [[9.9042e-01, 2.8381e-01, 1.8766e-01,  ..., 6.8892e-01,
           5.1956e-01, 8.4916e-01],
          [4.3020e-01, 9.3656e-01, 6.5651e-01,  ..., 5.8676e-01,
           6.3491e-01, 5.4042e-01],
          [4.1803e-01, 4.6813e-01, 9.2572e-01,  ..., 4.5068e-01,
           5.5805e-01, 6.0866e-01],
          ...,
          [1.0790e-01, 1.1371e-01, 5.3997e-01,  ..., 1.9967e-01,
           5.5602e-01, 8.4773e-01],
          [5.3878e-01, 6.4548e-01, 3.3232e-01,  ..., 3.8535e-01,
           5.1444e-01, 4.6798e-01],
          [5.4388e-01, 2.8061e-01, 3.2421e-01,  ..., 3.9230e-01,
           7.6265e-01, 2.0968e-02]],

         [[9.9661e-01, 9.0047e-01, 8.0572e-02,  ..., 6.8200e-01,
           5.1703e-01, 5.8631e-01],
          [2.4197e-01, 4.9466e-02, 5.5908e-01,  ..., 3.9365e-01,
           3.3560e-01, 9.2374e-02],
          [1.4150e-01, 9.5695e-01, 9.6013e-01,  ..., 6.5866e-01,
           9.2446e-01, 9.9584e-01],
          ...,
          [7.2440e-01, 7.8724e-01, 8.9242e-01,  ..., 3.4130e-01,
           4.4507e-01, 1.8998e-01],
          [6.1541e-01, 5.0971e-01, 8.1199e-01,  ..., 3.9441e-01,
           2.0299e-01, 1.8194e-01],
          [7.2542e-01, 2.3404e-01, 7.8851e-01,  ..., 7.3801e-02,
           4.1841e-01, 2.5039e-01]],

         ...,

         [[1.7601e-03, 1.4306e-01, 2.6622e-01,  ..., 7.3514e-01,
           3.8568e-01, 1.4790e-01],
          [7.8437e-01, 6.4566e-01, 9.7725e-01,  ..., 6.3314e-01,
           8.0799e-01, 5.3118e-01],
          [2.1623e-01, 3.3485e-01, 1.6359e-01,  ..., 2.4803e-01,
           6.3711e-01, 7.7545e-01],
          ...,
          [1.8382e-01, 1.1046e-01, 9.6202e-02,  ..., 8.8101e-01,
           7.1583e-01, 5.5556e-01],
          [1.7742e-01, 9.9382e-01, 8.8854e-01,  ..., 2.0752e-01,
           9.8905e-02, 7.8807e-01],
          [4.6742e-01, 4.2797e-01, 2.4921e-01,  ..., 4.9388e-01,
           4.7216e-01, 1.2396e-02]],

         [[3.9176e-01, 5.7236e-01, 9.7365e-02,  ..., 4.5515e-01,
           2.1615e-02, 4.9878e-01],
          [1.8478e-01, 5.0932e-01, 3.5755e-01,  ..., 5.6926e-01,
           7.6693e-01, 2.2747e-01],
          [2.1156e-01, 9.4941e-01, 3.5207e-01,  ..., 9.5822e-01,
           5.7315e-01, 3.9258e-01],
          ...,
          [2.9757e-01, 6.2760e-01, 3.8008e-01,  ..., 4.3975e-01,
           8.0751e-01, 6.2270e-01],
          [5.9938e-01, 5.3585e-01, 5.9614e-01,  ..., 7.8848e-01,
           3.0264e-01, 1.6402e-01],
          [8.6432e-01, 6.4703e-02, 9.4710e-01,  ..., 4.2793e-01,
           6.5249e-01, 8.5859e-01]],

         [[8.5764e-01, 3.7794e-01, 6.3923e-01,  ..., 7.9601e-01,
           4.4352e-01, 5.3239e-01],
          [8.3289e-01, 3.8733e-01, 5.7117e-03,  ..., 3.5574e-01,
           4.2006e-01, 7.2274e-01],
          [1.7006e-01, 9.8725e-01, 2.2004e-01,  ..., 9.1062e-01,
           4.9741e-01, 7.7068e-01],
          ...,
          [7.1306e-01, 5.4256e-01, 3.0229e-01,  ..., 1.5095e-01,
           7.9562e-02, 1.0648e-01],
          [7.1575e-01, 3.2046e-01, 1.6259e-01,  ..., 3.2757e-01,
           2.2093e-01, 9.6189e-01],
          [5.4682e-01, 5.8224e-01, 3.9939e-01,  ..., 3.2919e-01,
           4.1129e-01, 4.7854e-01]]],


        [[[7.9374e-01, 9.4317e-01, 2.8397e-01,  ..., 2.4344e-01,
           2.1885e-01, 7.7759e-01],
          [6.8740e-01, 6.6058e-02, 6.4328e-01,  ..., 4.7482e-01,
           4.1088e-01, 5.2064e-01],
          [7.1366e-01, 9.0271e-01, 5.1975e-01,  ..., 3.6692e-01,
           7.0009e-01, 9.5860e-01],
          ...,
          [4.8205e-01, 1.9991e-01, 7.2037e-01,  ..., 9.4395e-01,
           2.9824e-02, 3.9667e-01],
          [1.2487e-01, 2.6174e-01, 8.7919e-01,  ..., 3.0035e-01,
           1.3521e-01, 8.3197e-02],
          [6.6040e-01, 6.4139e-01, 2.5542e-01,  ..., 2.5095e-01,
           7.1374e-01, 3.9446e-01]],

         [[4.8233e-01, 1.2624e-01, 5.1837e-01,  ..., 4.9044e-02,
           6.2738e-01, 1.3261e-01],
          [5.8984e-03, 1.1041e-01, 6.9764e-01,  ..., 3.1568e-03,
           4.7652e-01, 1.3076e-01],
          [5.1627e-01, 2.4804e-01, 2.6269e-01,  ..., 9.1560e-01,
           8.1828e-01, 8.7948e-03],
          ...,
          [2.8293e-01, 7.6847e-01, 3.6342e-01,  ..., 4.8475e-01,
           6.9083e-01, 7.6641e-01],
          [1.3771e-01, 8.2257e-01, 3.5839e-01,  ..., 8.4545e-01,
           9.3192e-01, 3.9555e-01],
          [2.9935e-01, 7.7158e-01, 9.8003e-01,  ..., 7.6764e-01,
           4.0272e-01, 8.2139e-01]],

         [[7.4905e-02, 7.6680e-01, 5.5482e-01,  ..., 1.1534e-01,
           4.6279e-02, 2.2870e-01],
          [4.7318e-01, 6.8171e-01, 1.9187e-01,  ..., 5.1964e-01,
           9.4617e-01, 2.4421e-01],
          [5.9608e-01, 5.9275e-01, 8.8567e-01,  ..., 4.1120e-01,
           5.2899e-02, 6.0911e-01],
          ...,
          [9.7313e-01, 3.7423e-01, 2.4476e-01,  ..., 3.0996e-01,
           5.7154e-01, 1.4520e-01],
          [1.0168e-01, 8.5980e-01, 6.4370e-02,  ..., 2.6013e-01,
           7.4811e-01, 8.8460e-02],
          [6.2038e-01, 8.0450e-01, 3.8432e-01,  ..., 4.9795e-01,
           9.2694e-01, 4.1067e-01]],

         ...,

         [[8.0163e-01, 9.8118e-01, 1.1362e-01,  ..., 3.3631e-01,
           1.1391e-01, 8.0582e-01],
          [1.4468e-01, 2.2278e-02, 1.0729e-01,  ..., 2.3556e-01,
           2.0585e-02, 1.2194e-01],
          [6.7505e-01, 5.5587e-01, 4.1641e-01,  ..., 2.9234e-02,
           9.1986e-01, 8.3230e-01],
          ...,
          [9.2723e-01, 8.4887e-01, 3.3473e-01,  ..., 5.4077e-01,
           2.0970e-01, 9.6312e-01],
          [3.5313e-01, 4.1254e-01, 4.9194e-02,  ..., 6.1777e-01,
           8.0644e-01, 2.7397e-01],
          [6.0242e-02, 8.3448e-01, 6.1766e-01,  ..., 3.8388e-01,
           5.0684e-01, 3.7435e-01]],

         [[7.5812e-02, 1.2753e-01, 3.6908e-01,  ..., 1.7430e-01,
           5.6405e-01, 5.8254e-02],
          [4.3157e-01, 9.1930e-01, 3.8378e-01,  ..., 7.9095e-01,
           3.5401e-01, 6.4244e-01],
          [6.3952e-01, 2.7934e-01, 9.4049e-01,  ..., 1.3385e-01,
           6.6543e-01, 4.2463e-02],
          ...,
          [7.4454e-01, 1.7649e-01, 5.9606e-01,  ..., 5.7639e-01,
           6.2677e-01, 8.2708e-01],
          [1.1909e-01, 3.3567e-01, 1.2756e-01,  ..., 6.4821e-01,
           7.9900e-01, 7.8803e-01],
          [4.4140e-01, 4.8345e-01, 5.0737e-01,  ..., 3.8940e-01,
           4.7202e-01, 1.6003e-01]],

         [[3.0695e-01, 2.6295e-01, 7.6014e-01,  ..., 8.8363e-01,
           7.4899e-01, 7.6014e-01],
          [7.5977e-01, 3.7120e-01, 3.2542e-01,  ..., 4.6658e-02,
           3.8066e-01, 8.2772e-01],
          [9.2390e-02, 6.6897e-01, 6.0622e-01,  ..., 5.9505e-01,
           2.2533e-01, 6.8235e-01],
          ...,
          [9.5967e-01, 9.1706e-01, 8.1128e-02,  ..., 9.9115e-01,
           9.7911e-01, 8.5178e-01],
          [4.2604e-01, 4.3280e-01, 1.3547e-01,  ..., 1.5721e-01,
           5.8149e-01, 7.2736e-01],
          [1.0639e-01, 3.6660e-01, 5.6128e-01,  ..., 1.3593e-01,
           7.4807e-01, 3.2964e-01]]],


        ...,


        [[[4.7557e-01, 3.5941e-02, 9.1143e-01,  ..., 4.5594e-01,
           2.5776e-01, 6.3929e-01],
          [6.6813e-01, 2.9930e-02, 4.0011e-02,  ..., 4.1824e-01,
           8.5961e-01, 3.0801e-02],
          [8.7516e-01, 7.5454e-01, 5.1836e-01,  ..., 4.3042e-01,
           3.5536e-01, 3.0557e-01],
          ...,
          [2.4910e-01, 5.4625e-01, 3.1122e-01,  ..., 9.7144e-04,
           8.3369e-01, 6.6150e-01],
          [7.9576e-01, 3.0135e-01, 6.3391e-01,  ..., 7.1417e-01,
           9.1856e-01, 1.5553e-01],
          [5.7590e-01, 2.1436e-01, 3.9576e-01,  ..., 3.4964e-01,
           4.1996e-01, 6.9372e-01]],

         [[3.5655e-01, 6.1322e-01, 3.3671e-01,  ..., 7.6934e-01,
           6.3237e-01, 5.8955e-01],
          [3.3530e-01, 1.6272e-01, 3.9821e-01,  ..., 1.1012e-02,
           2.2454e-01, 4.0321e-01],
          [1.7605e-01, 9.9804e-01, 6.1806e-01,  ..., 9.6193e-01,
           4.3390e-01, 1.2840e-01],
          ...,
          [8.5876e-01, 2.7940e-01, 8.0618e-02,  ..., 4.5988e-01,
           1.5528e-01, 2.6598e-01],
          [5.9364e-01, 9.2005e-01, 3.4727e-02,  ..., 1.8117e-01,
           1.3440e-01, 2.4234e-01],
          [5.5519e-01, 9.0673e-01, 6.2935e-01,  ..., 5.0251e-01,
           9.0611e-01, 7.3771e-01]],

         [[5.6447e-01, 3.6711e-02, 9.7016e-01,  ..., 3.1092e-01,
           3.9827e-01, 3.8589e-02],
          [6.1000e-01, 9.1750e-01, 5.6992e-01,  ..., 2.7230e-01,
           1.7678e-01, 1.7987e-01],
          [1.1681e-01, 3.5464e-01, 9.3950e-01,  ..., 4.0137e-01,
           4.6537e-01, 3.9722e-01],
          ...,
          [5.3234e-02, 6.4274e-02, 1.5657e-01,  ..., 2.5827e-01,
           9.7704e-01, 8.1528e-01],
          [1.9667e-01, 6.7148e-01, 2.7130e-01,  ..., 8.1486e-01,
           6.8668e-03, 8.3186e-01],
          [4.3322e-01, 5.2922e-01, 4.4338e-01,  ..., 9.8749e-01,
           2.3088e-01, 7.8320e-01]],

         ...,

         [[9.3836e-01, 2.6037e-01, 6.1445e-01,  ..., 5.4272e-01,
           3.0889e-01, 2.5395e-01],
          [5.0636e-02, 4.6701e-02, 9.5733e-01,  ..., 5.7362e-01,
           7.3155e-01, 3.4006e-01],
          [9.6521e-01, 6.6650e-02, 5.6708e-01,  ..., 3.6928e-01,
           3.6529e-01, 2.4931e-01],
          ...,
          [5.4786e-01, 6.4998e-01, 3.9208e-01,  ..., 6.1269e-01,
           4.3065e-01, 2.4881e-01],
          [1.4360e-01, 4.9889e-01, 3.8757e-01,  ..., 9.3969e-02,
           1.8008e-01, 1.0098e-01],
          [9.6976e-01, 1.0607e-01, 9.3598e-01,  ..., 2.9943e-01,
           6.6053e-01, 8.6794e-02]],

         [[7.1413e-02, 9.0213e-02, 2.7284e-01,  ..., 2.4831e-01,
           1.3763e-01, 9.0291e-01],
          [9.8753e-01, 8.6480e-01, 4.1155e-01,  ..., 6.5897e-01,
           9.0387e-01, 1.5908e-01],
          [9.4074e-01, 1.8021e-01, 6.1025e-01,  ..., 2.2303e-01,
           6.2850e-01, 5.4303e-02],
          ...,
          [5.2145e-01, 7.7377e-01, 5.4216e-01,  ..., 5.7335e-01,
           8.3668e-01, 5.6805e-01],
          [6.5057e-02, 7.2620e-01, 4.4658e-01,  ..., 4.1907e-01,
           4.3989e-01, 4.3687e-01],
          [5.3668e-01, 8.7115e-01, 6.6732e-01,  ..., 5.5683e-02,
           7.5111e-01, 5.6245e-01]],

         [[6.1690e-01, 2.4346e-02, 6.5621e-01,  ..., 2.4014e-01,
           3.8932e-01, 4.9885e-01],
          [8.1367e-01, 4.8485e-01, 3.6274e-01,  ..., 2.6661e-01,
           9.1088e-01, 5.9821e-01],
          [2.9648e-01, 4.2387e-01, 9.3699e-01,  ..., 2.1792e-01,
           3.4083e-01, 5.9871e-01],
          ...,
          [2.1264e-01, 2.0855e-01, 5.3561e-01,  ..., 3.6625e-01,
           8.9102e-01, 9.8060e-01],
          [8.0792e-01, 7.0036e-02, 5.3334e-01,  ..., 3.5869e-01,
           9.3243e-01, 9.9672e-01],
          [2.6682e-01, 3.1214e-01, 3.7148e-01,  ..., 5.6794e-01,
           9.2258e-01, 5.2949e-01]]],


        [[[1.9111e-01, 4.3885e-01, 7.3281e-01,  ..., 4.4055e-01,
           4.3279e-01, 3.0650e-01],
          [6.3848e-01, 8.3240e-02, 3.4828e-01,  ..., 9.4464e-01,
           1.3998e-01, 3.5901e-01],
          [7.7933e-01, 5.4768e-02, 3.1636e-01,  ..., 9.0450e-01,
           6.5703e-01, 9.3103e-02],
          ...,
          [2.6138e-01, 1.5888e-01, 4.9162e-01,  ..., 4.5428e-01,
           9.1703e-01, 8.2977e-01],
          [9.5202e-01, 9.1715e-01, 1.9357e-01,  ..., 1.0550e-01,
           3.8975e-01, 5.6901e-01],
          [5.1050e-01, 2.6967e-01, 7.3386e-01,  ..., 4.9090e-01,
           7.5642e-01, 4.7902e-01]],

         [[7.5845e-01, 3.3692e-01, 6.9860e-01,  ..., 5.6657e-01,
           8.2281e-01, 5.7871e-01],
          [7.1197e-01, 5.8323e-01, 2.9152e-01,  ..., 1.3687e-01,
           6.3457e-01, 3.3078e-01],
          [8.0994e-01, 7.0646e-01, 6.2560e-01,  ..., 4.0769e-01,
           2.6917e-01, 3.5095e-01],
          ...,
          [1.3323e-01, 3.7106e-01, 8.2191e-01,  ..., 9.3852e-01,
           4.6247e-01, 2.2866e-01],
          [3.8675e-01, 2.3325e-01, 3.6900e-01,  ..., 5.3414e-01,
           5.7374e-01, 4.6067e-01],
          [4.7312e-01, 7.2876e-01, 5.1028e-01,  ..., 7.5801e-01,
           8.2350e-01, 5.7600e-01]],

         [[8.1148e-01, 8.2463e-01, 8.5246e-01,  ..., 8.1348e-01,
           4.2833e-01, 1.1527e-01],
          [3.6686e-01, 8.6880e-01, 8.1871e-01,  ..., 3.6078e-01,
           6.1866e-01, 3.1107e-01],
          [2.3843e-01, 4.3369e-01, 9.1196e-01,  ..., 8.4295e-01,
           5.5265e-01, 5.7689e-01],
          ...,
          [1.6887e-01, 8.9394e-01, 5.8387e-02,  ..., 8.6543e-01,
           4.4743e-01, 5.0117e-01],
          [4.8047e-01, 6.1373e-01, 8.4582e-01,  ..., 5.7915e-01,
           2.8453e-01, 8.0441e-03],
          [5.2477e-01, 8.9075e-01, 4.7369e-01,  ..., 6.7442e-01,
           7.3071e-01, 1.9419e-02]],

         ...,

         [[3.3026e-01, 3.4435e-01, 7.4477e-01,  ..., 9.9066e-01,
           3.5042e-01, 4.0757e-02],
          [2.4668e-01, 9.9408e-02, 8.9591e-01,  ..., 2.6174e-01,
           9.5617e-01, 5.7840e-04],
          [1.5665e-01, 5.0415e-02, 1.0797e-02,  ..., 4.6589e-01,
           6.6295e-01, 1.5507e-01],
          ...,
          [2.0709e-01, 6.3642e-01, 2.8560e-01,  ..., 8.8602e-01,
           9.4315e-01, 7.1047e-01],
          [8.0252e-01, 2.7220e-01, 2.2189e-01,  ..., 1.4860e-01,
           5.7486e-01, 9.4154e-01],
          [9.8034e-01, 7.8174e-02, 9.9671e-01,  ..., 6.5508e-01,
           8.9035e-01, 4.0178e-01]],

         [[5.6735e-01, 4.4896e-01, 7.5224e-01,  ..., 1.0383e-01,
           7.9724e-01, 5.8524e-01],
          [6.0773e-01, 9.1653e-01, 1.4596e-01,  ..., 3.0958e-01,
           7.8735e-01, 7.0063e-01],
          [8.7058e-01, 2.8219e-01, 5.0260e-01,  ..., 1.3432e-01,
           3.2221e-01, 9.3122e-01],
          ...,
          [7.9250e-01, 7.3723e-01, 5.4009e-01,  ..., 5.1441e-02,
           8.6254e-01, 2.7655e-02],
          [9.1629e-01, 9.7069e-01, 2.2732e-01,  ..., 4.3764e-01,
           8.3593e-02, 6.8465e-01],
          [4.1374e-01, 8.4962e-01, 4.8096e-01,  ..., 3.4694e-02,
           7.2270e-01, 3.6818e-01]],

         [[1.3770e-01, 3.7661e-02, 7.0252e-01,  ..., 7.9027e-01,
           6.2080e-01, 8.1691e-01],
          [9.0290e-01, 3.1375e-03, 6.8781e-01,  ..., 2.8182e-01,
           5.0855e-01, 3.9389e-01],
          [7.0405e-01, 8.9855e-01, 3.9056e-01,  ..., 2.8370e-01,
           4.9001e-01, 2.6304e-01],
          ...,
          [9.7616e-01, 7.1447e-01, 9.4289e-01,  ..., 4.3781e-01,
           5.8061e-01, 6.7209e-01],
          [3.7362e-01, 4.4823e-01, 3.6347e-01,  ..., 1.7675e-01,
           1.7280e-01, 3.9667e-01],
          [4.7048e-01, 6.5045e-01, 8.5909e-01,  ..., 4.0018e-01,
           4.8347e-01, 4.0796e-01]]],


        [[[9.6978e-02, 1.6039e-01, 2.2987e-01,  ..., 4.9399e-01,
           3.2305e-01, 7.0428e-01],
          [6.4160e-01, 4.1155e-01, 4.6659e-01,  ..., 5.0767e-01,
           3.0744e-01, 2.4690e-01],
          [5.1835e-01, 5.4060e-01, 9.7146e-01,  ..., 1.1815e-01,
           1.2916e-01, 1.4678e-01],
          ...,
          [7.0857e-01, 4.2635e-01, 5.6586e-01,  ..., 4.6157e-01,
           6.6021e-01, 9.9863e-01],
          [8.0449e-03, 9.2907e-01, 4.0956e-01,  ..., 8.4136e-01,
           8.2950e-01, 8.1143e-01],
          [9.9266e-01, 4.8124e-01, 9.9645e-01,  ..., 8.8800e-01,
           6.0661e-01, 6.3241e-01]],

         [[5.0486e-01, 2.3040e-01, 8.5305e-01,  ..., 6.0094e-01,
           8.3099e-01, 1.6408e-01],
          [1.7366e-01, 6.0690e-01, 9.4944e-01,  ..., 5.2065e-01,
           5.8441e-01, 1.8317e-01],
          [6.5175e-01, 1.1918e-01, 7.3167e-02,  ..., 6.2029e-01,
           2.7692e-01, 7.6831e-01],
          ...,
          [7.0140e-01, 2.0328e-01, 2.8265e-01,  ..., 2.1585e-01,
           8.7804e-01, 9.2426e-01],
          [4.0748e-01, 6.1029e-01, 3.9725e-02,  ..., 2.8537e-02,
           1.7616e-01, 2.6485e-01],
          [1.0943e-01, 2.1367e-01, 7.5804e-02,  ..., 6.3806e-01,
           6.9990e-03, 5.8828e-01]],

         [[6.4117e-01, 6.4665e-01, 3.7552e-01,  ..., 1.7711e-01,
           1.1484e-01, 5.0245e-01],
          [1.7232e-01, 5.3405e-01, 5.3041e-01,  ..., 7.7057e-01,
           4.8261e-01, 9.5720e-01],
          [6.9004e-01, 9.5180e-01, 7.2587e-01,  ..., 3.8815e-01,
           1.6391e-01, 9.6264e-01],
          ...,
          [5.1466e-02, 7.9062e-01, 5.1489e-01,  ..., 5.0089e-01,
           4.9771e-01, 2.3943e-01],
          [4.0112e-01, 9.8671e-01, 9.9624e-01,  ..., 3.0282e-02,
           6.4603e-01, 1.3834e-03],
          [4.2421e-02, 7.5071e-01, 1.7873e-01,  ..., 6.3459e-01,
           1.1098e-01, 6.4807e-01]],

         ...,

         [[7.8908e-01, 6.3272e-01, 2.5889e-01,  ..., 4.5541e-01,
           6.4169e-01, 1.3499e-01],
          [5.4336e-01, 9.1883e-01, 8.1236e-01,  ..., 1.1602e-01,
           6.3449e-01, 2.8958e-02],
          [3.6265e-01, 6.3908e-01, 7.0472e-01,  ..., 6.9508e-01,
           2.5507e-01, 2.9304e-01],
          ...,
          [6.7821e-01, 2.5018e-02, 7.1748e-01,  ..., 8.0330e-01,
           2.0681e-01, 8.4956e-01],
          [8.7174e-01, 3.6292e-01, 6.2297e-02,  ..., 8.7867e-01,
           7.9315e-01, 4.8349e-01],
          [2.8061e-01, 8.3243e-01, 6.2223e-01,  ..., 2.9211e-01,
           7.4664e-01, 4.8774e-01]],

         [[6.1693e-01, 8.8943e-01, 9.3189e-01,  ..., 3.1921e-01,
           1.7135e-01, 6.4329e-01],
          [5.0321e-01, 8.4443e-01, 9.3817e-01,  ..., 8.2128e-01,
           3.2184e-01, 2.3351e-01],
          [3.1242e-01, 3.5140e-01, 6.3500e-01,  ..., 8.8609e-01,
           2.6333e-02, 7.2896e-01],
          ...,
          [4.6426e-01, 9.4637e-01, 3.6750e-01,  ..., 6.0657e-01,
           3.6293e-01, 4.1992e-01],
          [5.5068e-01, 7.3369e-01, 5.3981e-02,  ..., 8.3844e-01,
           2.5029e-01, 3.2037e-01],
          [5.9840e-01, 3.1943e-01, 9.9033e-01,  ..., 2.0690e-01,
           4.3578e-01, 3.0150e-01]],

         [[5.3559e-01, 7.7311e-01, 3.1782e-01,  ..., 1.6684e-02,
           1.3665e-01, 4.7482e-01],
          [4.3158e-01, 6.9967e-01, 1.3538e-01,  ..., 6.9231e-01,
           2.4085e-01, 4.8051e-01],
          [3.8494e-01, 1.5582e-01, 4.0563e-01,  ..., 3.4058e-01,
           2.6733e-01, 1.0454e-01],
          ...,
          [2.6669e-01, 1.5312e-01, 9.0994e-01,  ..., 8.1410e-01,
           6.9027e-02, 6.0863e-01],
          [7.2190e-01, 6.2808e-01, 6.1687e-01,  ..., 5.9272e-01,
           1.5204e-01, 7.9955e-01],
          [5.6435e-02, 4.5139e-02, 1.3241e-01,  ..., 8.3316e-01,
           6.6309e-01, 2.8961e-01]]]])
