tensor([[[[7.4740e-01, 3.4661e-01, 1.6490e-01,  ..., 2.0532e-01,
           1.9014e-01, 8.7125e-02],
          [5.2395e-01, 8.8480e-01, 4.7243e-01,  ..., 1.8961e-01,
           6.2943e-01, 1.4899e-02],
          [6.7670e-01, 2.5436e-01, 9.3552e-01,  ..., 4.1362e-01,
           3.5097e-02, 1.6997e-01],
          ...,
          [5.0827e-02, 1.9027e-01, 5.3732e-01,  ..., 2.5444e-01,
           8.7302e-01, 1.8998e-01],
          [8.9770e-02, 8.2188e-01, 7.0647e-01,  ..., 7.0565e-02,
           5.6030e-01, 1.6948e-02],
          [8.1887e-01, 1.9988e-01, 4.7275e-01,  ..., 2.1889e-01,
           3.3750e-01, 6.9907e-02]],

         [[2.5980e-01, 1.5889e-01, 4.0792e-02,  ..., 3.2810e-01,
           7.7414e-01, 3.1562e-01],
          [9.4351e-01, 9.8655e-01, 4.4465e-01,  ..., 2.4293e-01,
           3.6877e-01, 5.5139e-01],
          [6.7704e-02, 4.8453e-01, 4.2863e-01,  ..., 9.2144e-03,
           9.0596e-01, 7.7605e-01],
          ...,
          [7.3741e-01, 6.9582e-01, 9.2580e-01,  ..., 1.1513e-01,
           7.5119e-01, 3.8419e-01],
          [5.8100e-01, 4.5218e-01, 8.3590e-01,  ..., 7.4750e-01,
           1.7380e-01, 2.1291e-01],
          [6.0429e-01, 9.0683e-01, 7.6442e-02,  ..., 4.0683e-01,
           7.0676e-02, 1.6935e-01]],

         [[5.3299e-02, 9.2604e-01, 7.1928e-01,  ..., 4.4701e-01,
           3.6456e-01, 2.3163e-01],
          [9.1853e-01, 2.0847e-01, 4.9122e-01,  ..., 1.8773e-01,
           2.5927e-01, 1.2362e-01],
          [7.0044e-02, 5.8435e-01, 3.7429e-01,  ..., 3.9446e-01,
           5.5650e-01, 7.0141e-01],
          ...,
          [9.7111e-01, 7.4621e-01, 9.7624e-01,  ..., 4.3433e-02,
           7.8999e-01, 8.6449e-02],
          [5.5305e-01, 3.4914e-01, 9.0810e-01,  ..., 8.2704e-01,
           8.3804e-01, 9.3013e-01],
          [1.1431e-01, 5.8259e-01, 3.1769e-01,  ..., 6.7705e-01,
           3.6383e-01, 6.8566e-01]],

         ...,

         [[3.9531e-01, 1.5875e-01, 4.1032e-02,  ..., 2.0678e-01,
           3.9002e-01, 8.6856e-01],
          [8.4242e-01, 1.8305e-01, 9.6346e-01,  ..., 9.5358e-01,
           7.8796e-01, 6.9455e-01],
          [8.3831e-01, 1.5505e-01, 8.2825e-01,  ..., 7.4403e-01,
           8.1753e-01, 7.2188e-01],
          ...,
          [1.3598e-01, 7.2960e-01, 2.3961e-01,  ..., 7.8266e-01,
           5.7458e-01, 7.5525e-01],
          [5.4080e-01, 1.9209e-01, 4.1330e-01,  ..., 8.0984e-01,
           4.8068e-01, 9.6666e-01],
          [3.7958e-01, 8.2436e-01, 1.6045e-01,  ..., 5.2909e-01,
           6.4864e-01, 3.8953e-01]],

         [[3.5305e-02, 7.6750e-01, 1.5271e-01,  ..., 9.3175e-01,
           5.3268e-02, 6.2278e-02],
          [3.2890e-01, 9.8811e-01, 1.0756e-01,  ..., 8.5033e-01,
           2.6442e-01, 6.0720e-01],
          [4.8634e-01, 2.6972e-01, 4.9445e-01,  ..., 7.0750e-01,
           3.3676e-01, 4.5355e-02],
          ...,
          [7.5886e-01, 5.2136e-01, 9.7005e-02,  ..., 6.1878e-01,
           8.7052e-01, 8.8931e-02],
          [8.1621e-01, 3.3258e-01, 6.7266e-01,  ..., 4.6490e-01,
           4.4021e-02, 2.8342e-01],
          [1.8581e-01, 1.1042e-01, 6.7045e-01,  ..., 7.5136e-01,
           9.3507e-01, 6.1918e-01]],

         [[2.6291e-02, 9.1370e-01, 5.0008e-01,  ..., 8.2565e-01,
           3.2764e-01, 8.2622e-01],
          [7.5189e-01, 3.6942e-01, 6.5361e-03,  ..., 4.3656e-01,
           5.2807e-02, 5.1108e-01],
          [3.6404e-01, 4.0834e-01, 7.8050e-01,  ..., 1.9058e-01,
           1.6465e-01, 4.9003e-01],
          ...,
          [7.9860e-01, 5.7930e-01, 8.1925e-01,  ..., 5.4780e-01,
           3.1213e-01, 3.8856e-02],
          [9.9072e-01, 1.8628e-01, 9.1092e-01,  ..., 2.8999e-01,
           2.7917e-01, 7.3565e-01],
          [4.7982e-01, 1.9327e-01, 4.8750e-01,  ..., 2.6448e-01,
           4.3199e-01, 4.8663e-01]]],


        [[[1.8100e-01, 1.2955e-01, 2.2341e-01,  ..., 6.3590e-01,
           1.2545e-01, 5.3499e-01],
          [6.6808e-01, 8.7210e-01, 6.0766e-01,  ..., 4.8972e-01,
           1.6803e-01, 4.2224e-04],
          [1.8907e-01, 3.0584e-01, 4.5226e-01,  ..., 8.4043e-01,
           9.2789e-03, 9.2569e-01],
          ...,
          [7.6331e-02, 7.6619e-01, 2.2259e-01,  ..., 7.2271e-01,
           9.5377e-01, 1.6185e-02],
          [4.0737e-01, 7.7709e-01, 8.6148e-01,  ..., 4.0373e-01,
           9.1452e-01, 8.8352e-01],
          [4.4941e-01, 8.3807e-01, 9.2740e-01,  ..., 7.9243e-01,
           8.8451e-01, 6.8380e-01]],

         [[6.7689e-01, 6.3983e-01, 2.4123e-01,  ..., 7.9800e-01,
           9.8679e-01, 2.1582e-01],
          [5.9224e-02, 8.7092e-01, 8.9997e-01,  ..., 1.7561e-01,
           3.1195e-01, 1.4281e-01],
          [4.1502e-01, 7.3827e-01, 1.0790e-01,  ..., 3.7628e-01,
           7.4987e-01, 2.1838e-01],
          ...,
          [5.5339e-02, 4.4970e-01, 7.9445e-01,  ..., 9.6560e-01,
           8.3455e-01, 8.6651e-01],
          [6.4760e-01, 2.0337e-01, 3.0992e-01,  ..., 8.4502e-01,
           8.2434e-01, 8.3725e-02],
          [8.2909e-01, 1.9449e-01, 7.2556e-01,  ..., 9.0052e-01,
           9.0476e-01, 1.7488e-01]],

         [[8.6979e-01, 4.8017e-01, 6.1606e-01,  ..., 7.3905e-01,
           2.4003e-01, 4.8043e-01],
          [6.6499e-01, 9.3251e-02, 7.3358e-01,  ..., 3.1920e-01,
           3.8763e-01, 5.5432e-01],
          [4.4932e-01, 1.2347e-01, 2.4486e-01,  ..., 6.7476e-02,
           2.7787e-01, 4.2969e-01],
          ...,
          [3.2374e-01, 5.2550e-01, 3.7108e-01,  ..., 5.0949e-01,
           7.0111e-01, 4.3034e-01],
          [6.6607e-01, 4.5119e-01, 3.3745e-01,  ..., 9.3735e-01,
           4.6798e-02, 5.6184e-01],
          [1.9819e-01, 6.1651e-01, 8.5358e-01,  ..., 1.6244e-01,
           1.7985e-01, 5.8244e-01]],

         ...,

         [[1.0416e-02, 9.4027e-01, 5.7416e-01,  ..., 8.7091e-01,
           2.5498e-01, 9.2520e-01],
          [3.2330e-01, 2.2191e-01, 9.5983e-01,  ..., 9.3457e-02,
           2.6825e-01, 3.5619e-01],
          [9.5388e-01, 2.1935e-02, 5.8956e-02,  ..., 2.4013e-01,
           3.5529e-01, 9.3362e-01],
          ...,
          [9.4289e-01, 4.7051e-01, 8.2570e-01,  ..., 1.6422e-01,
           2.6379e-01, 8.5905e-01],
          [9.3839e-01, 5.9822e-01, 2.0168e-01,  ..., 2.3451e-01,
           5.3653e-01, 2.3013e-01],
          [9.5630e-01, 6.2315e-01, 6.6228e-01,  ..., 4.0073e-01,
           3.8643e-01, 6.8779e-01]],

         [[6.6562e-01, 6.9791e-02, 9.4246e-01,  ..., 9.5103e-01,
           6.7566e-01, 2.9019e-02],
          [1.9516e-01, 5.7740e-01, 6.2998e-01,  ..., 9.8897e-01,
           7.9081e-01, 9.6954e-01],
          [2.4631e-01, 4.4951e-01, 4.9745e-01,  ..., 5.9523e-02,
           7.8178e-01, 8.0090e-01],
          ...,
          [7.5830e-01, 3.0673e-01, 5.5677e-01,  ..., 4.4135e-01,
           9.6786e-01, 8.3891e-01],
          [6.0000e-01, 3.4067e-01, 1.9722e-02,  ..., 4.0036e-01,
           1.3550e-01, 5.9434e-01],
          [4.7819e-01, 9.6482e-02, 9.8679e-01,  ..., 2.4720e-01,
           8.6728e-01, 6.1483e-01]],

         [[6.1005e-01, 5.7442e-01, 2.9742e-01,  ..., 6.0833e-02,
           2.6313e-01, 1.5741e-01],
          [7.5692e-01, 9.9634e-01, 9.8404e-01,  ..., 5.2354e-01,
           8.2270e-01, 3.0360e-01],
          [6.1718e-02, 3.3191e-01, 2.6728e-01,  ..., 6.6683e-01,
           9.7285e-01, 4.1786e-01],
          ...,
          [5.8692e-01, 9.7645e-01, 7.3329e-01,  ..., 6.4788e-01,
           8.1446e-02, 6.2216e-01],
          [2.4098e-02, 7.0784e-01, 1.2751e-01,  ..., 4.4394e-01,
           7.0240e-01, 3.0968e-01],
          [8.8464e-01, 5.5466e-01, 8.4115e-01,  ..., 3.6691e-01,
           4.5030e-02, 2.9551e-01]]],


        [[[7.6981e-01, 3.6625e-01, 5.3025e-01,  ..., 6.0069e-01,
           1.2373e-01, 2.2850e-01],
          [5.0815e-01, 2.9660e-02, 9.0529e-01,  ..., 1.9052e-01,
           4.8059e-01, 2.0639e-01],
          [4.3575e-01, 2.2087e-02, 5.6668e-01,  ..., 9.5633e-01,
           8.9313e-01, 8.7950e-01],
          ...,
          [5.6985e-01, 2.4796e-01, 6.6403e-01,  ..., 6.8686e-01,
           2.0779e-01, 3.9194e-01],
          [7.0252e-01, 2.7542e-01, 5.6378e-01,  ..., 2.5199e-01,
           4.3279e-01, 8.5341e-01],
          [6.1084e-01, 8.8578e-01, 3.4492e-02,  ..., 5.0780e-01,
           8.2366e-01, 3.2743e-01]],

         [[7.7791e-01, 8.2730e-01, 2.6208e-01,  ..., 2.9105e-01,
           1.8392e-02, 6.4810e-01],
          [5.5040e-02, 9.7820e-01, 4.0500e-01,  ..., 1.1656e-02,
           2.6439e-01, 5.4549e-01],
          [3.4609e-01, 3.5997e-01, 8.3721e-01,  ..., 4.4758e-01,
           3.1293e-01, 2.8600e-01],
          ...,
          [6.1439e-01, 4.6012e-01, 5.0516e-01,  ..., 5.8717e-02,
           1.3187e-01, 1.5181e-01],
          [9.6316e-01, 4.3898e-01, 8.3282e-01,  ..., 3.1687e-01,
           7.0033e-01, 9.8639e-01],
          [6.1283e-01, 6.1459e-01, 5.1614e-01,  ..., 4.0164e-01,
           4.5008e-01, 3.4850e-01]],

         [[2.4946e-01, 3.5802e-01, 9.1411e-01,  ..., 5.6754e-01,
           1.7674e-01, 1.5686e-01],
          [5.3436e-01, 7.7220e-01, 8.2414e-01,  ..., 3.7240e-01,
           7.5645e-01, 4.4287e-01],
          [3.8023e-01, 8.0167e-01, 9.6573e-02,  ..., 4.0098e-01,
           1.9919e-01, 7.1486e-02],
          ...,
          [9.8144e-01, 2.1716e-01, 1.7236e-01,  ..., 4.6071e-01,
           8.4008e-01, 4.8526e-01],
          [6.5394e-01, 3.4412e-02, 7.8469e-02,  ..., 1.3133e-01,
           7.0018e-01, 9.4631e-01],
          [8.6087e-01, 5.9663e-01, 8.7858e-01,  ..., 8.1619e-01,
           9.1957e-01, 4.8692e-01]],

         ...,

         [[2.3377e-01, 1.4899e-01, 4.3489e-01,  ..., 9.2746e-01,
           2.9484e-01, 9.5784e-01],
          [9.0262e-02, 2.5044e-01, 8.9549e-01,  ..., 7.5737e-01,
           6.9595e-01, 9.5281e-01],
          [3.8285e-02, 6.8316e-01, 3.8342e-01,  ..., 9.6691e-01,
           3.0409e-01, 1.2471e-03],
          ...,
          [3.5869e-01, 7.4903e-01, 4.3246e-01,  ..., 9.6742e-01,
           6.8466e-01, 6.9849e-01],
          [2.3992e-01, 6.1372e-01, 1.0961e-01,  ..., 6.7746e-01,
           2.9383e-01, 9.3171e-01],
          [2.7434e-01, 7.2072e-02, 5.2393e-02,  ..., 5.5886e-01,
           3.1206e-01, 4.7631e-01]],

         [[6.7669e-01, 3.0101e-01, 5.7777e-01,  ..., 9.7991e-01,
           5.4345e-01, 7.4098e-01],
          [1.6273e-01, 6.3705e-01, 2.5023e-01,  ..., 3.5493e-01,
           6.3220e-01, 8.2985e-01],
          [1.6937e-01, 9.5612e-02, 6.5663e-01,  ..., 4.3207e-01,
           6.3803e-01, 8.2539e-01],
          ...,
          [9.9583e-02, 4.2368e-02, 7.8084e-01,  ..., 3.8158e-02,
           3.0282e-01, 3.6160e-01],
          [9.9993e-01, 3.7324e-01, 5.5642e-01,  ..., 7.3995e-01,
           6.8971e-01, 1.5612e-01],
          [7.5050e-01, 5.0141e-01, 4.6617e-01,  ..., 3.4486e-01,
           3.8379e-01, 7.2600e-01]],

         [[3.3459e-01, 3.0973e-01, 2.5066e-01,  ..., 1.7597e-01,
           3.1859e-01, 5.0542e-01],
          [9.6846e-01, 9.6812e-01, 5.7340e-02,  ..., 9.1786e-01,
           7.4508e-02, 2.8024e-01],
          [8.5597e-02, 8.5477e-01, 1.8932e-01,  ..., 6.8144e-01,
           2.0026e-01, 7.9450e-01],
          ...,
          [5.9400e-01, 2.4099e-02, 7.9606e-01,  ..., 7.4928e-01,
           1.2512e-01, 7.8216e-01],
          [6.8080e-01, 1.8535e-01, 3.0410e-01,  ..., 7.6013e-01,
           3.0868e-01, 3.3472e-01],
          [1.5134e-01, 4.6869e-01, 1.3081e-02,  ..., 6.0657e-01,
           5.5700e-01, 4.2900e-01]]],


        ...,


        [[[4.9400e-02, 7.8164e-02, 3.4357e-02,  ..., 5.3346e-02,
           2.2425e-01, 1.5733e-01],
          [2.1754e-01, 3.4168e-01, 6.7227e-01,  ..., 9.7768e-01,
           1.2286e-01, 7.3660e-01],
          [4.4901e-03, 2.4201e-01, 1.5890e-01,  ..., 2.9440e-01,
           4.6020e-01, 7.0235e-01],
          ...,
          [2.9048e-01, 5.5495e-02, 4.6407e-01,  ..., 7.9318e-01,
           8.0721e-01, 1.8597e-02],
          [4.4916e-01, 4.1158e-01, 3.9367e-01,  ..., 2.5501e-01,
           7.1343e-01, 5.0867e-01],
          [8.7399e-01, 9.8085e-01, 8.0997e-01,  ..., 7.7587e-01,
           8.7341e-01, 8.7482e-01]],

         [[3.9109e-01, 7.1994e-02, 7.3505e-01,  ..., 8.3985e-01,
           8.6285e-01, 8.3645e-01],
          [7.1072e-01, 5.4707e-01, 9.4418e-01,  ..., 9.7256e-01,
           9.6222e-01, 8.7339e-01],
          [3.0915e-01, 9.0620e-01, 8.2896e-01,  ..., 4.3137e-01,
           1.2790e-01, 3.1550e-01],
          ...,
          [5.5324e-01, 3.4321e-01, 4.5244e-01,  ..., 4.0249e-02,
           4.2805e-01, 8.4755e-01],
          [9.2308e-01, 4.7387e-01, 3.9089e-01,  ..., 4.5238e-01,
           1.4133e-01, 9.0523e-01],
          [6.8686e-01, 1.4637e-02, 4.9345e-01,  ..., 5.7932e-01,
           2.0455e-01, 2.5741e-01]],

         [[3.1221e-01, 2.3600e-01, 7.1056e-01,  ..., 2.2456e-01,
           2.0136e-01, 9.9051e-02],
          [3.4262e-01, 2.9553e-01, 3.3386e-01,  ..., 6.2930e-01,
           9.7819e-01, 5.0765e-02],
          [1.6674e-03, 4.0516e-01, 6.7187e-02,  ..., 5.1176e-01,
           7.3323e-01, 2.4138e-03],
          ...,
          [4.4931e-01, 4.8772e-01, 8.3201e-01,  ..., 7.0466e-01,
           1.7187e-01, 8.2447e-01],
          [5.9432e-01, 4.8178e-01, 7.4069e-01,  ..., 6.5772e-01,
           7.0339e-01, 6.5611e-01],
          [3.8521e-01, 5.1615e-01, 3.1339e-01,  ..., 8.0648e-01,
           6.0076e-02, 7.1997e-01]],

         ...,

         [[1.5769e-02, 6.8150e-02, 7.3916e-02,  ..., 5.4511e-01,
           4.9092e-01, 6.2781e-01],
          [8.0864e-01, 7.8707e-01, 5.1527e-01,  ..., 8.9950e-01,
           2.4950e-01, 7.2836e-01],
          [7.4604e-01, 6.7514e-01, 5.4494e-01,  ..., 8.3536e-02,
           2.6844e-01, 2.4040e-01],
          ...,
          [8.8574e-01, 4.7488e-01, 7.0234e-01,  ..., 1.2934e-01,
           7.5737e-01, 1.4782e-01],
          [1.3474e-01, 6.6737e-02, 4.5896e-01,  ..., 1.8652e-01,
           5.0485e-01, 4.2998e-01],
          [1.6310e-01, 7.4641e-01, 1.7560e-01,  ..., 4.1463e-01,
           5.9581e-01, 4.6473e-01]],

         [[2.8616e-01, 6.8542e-01, 9.3586e-01,  ..., 7.6866e-01,
           5.5607e-01, 9.1488e-01],
          [9.9619e-01, 8.2155e-01, 4.1757e-02,  ..., 1.8405e-02,
           8.0844e-01, 9.6240e-01],
          [3.1271e-01, 9.0132e-02, 5.0074e-01,  ..., 2.5496e-01,
           6.3206e-01, 9.9202e-01],
          ...,
          [4.6344e-01, 5.0214e-01, 4.8523e-01,  ..., 4.9982e-01,
           2.2189e-01, 3.5274e-01],
          [8.0697e-01, 9.4468e-01, 1.0316e-01,  ..., 7.1506e-01,
           7.4431e-02, 6.8798e-01],
          [1.1945e-01, 6.3405e-01, 3.2438e-01,  ..., 5.1989e-01,
           3.0081e-01, 5.5457e-01]],

         [[9.5607e-01, 9.8834e-01, 3.8280e-01,  ..., 1.0917e-01,
           3.6146e-01, 5.1829e-01],
          [5.0897e-01, 5.4941e-01, 3.2057e-01,  ..., 1.2306e-02,
           1.7926e-01, 7.1427e-01],
          [1.4116e-01, 3.0079e-01, 5.6141e-01,  ..., 6.2190e-01,
           3.3503e-02, 5.2401e-01],
          ...,
          [9.9144e-01, 4.5570e-01, 7.9914e-01,  ..., 5.3663e-01,
           1.3161e-01, 5.7914e-01],
          [3.8405e-01, 9.1924e-01, 7.5367e-01,  ..., 2.3110e-01,
           2.0790e-01, 2.0168e-01],
          [4.5736e-01, 9.1741e-01, 5.4717e-01,  ..., 3.3849e-01,
           2.5242e-01, 7.0673e-01]]],


        [[[6.3073e-01, 2.4182e-01, 6.0718e-01,  ..., 1.7792e-01,
           7.1933e-01, 9.1611e-01],
          [6.5173e-01, 6.5251e-01, 7.9937e-01,  ..., 9.4935e-01,
           4.4508e-01, 7.0956e-01],
          [8.3353e-01, 8.2135e-03, 8.3473e-01,  ..., 1.3029e-01,
           1.4050e-01, 2.2804e-01],
          ...,
          [7.9205e-01, 5.7350e-01, 8.5270e-01,  ..., 6.8194e-01,
           8.4938e-02, 6.9040e-01],
          [2.0076e-01, 8.3257e-01, 7.7698e-01,  ..., 2.9537e-01,
           4.7681e-01, 6.8772e-02],
          [1.5372e-01, 9.3759e-01, 3.1830e-01,  ..., 3.5070e-01,
           2.8977e-01, 3.5419e-01]],

         [[2.2688e-01, 2.1981e-01, 6.9727e-01,  ..., 2.5252e-01,
           7.5017e-01, 1.7883e-01],
          [6.0349e-01, 4.1885e-01, 3.7216e-01,  ..., 2.2530e-01,
           5.1438e-03, 1.5148e-01],
          [8.6652e-01, 5.3178e-01, 6.6075e-01,  ..., 2.4434e-03,
           8.8216e-01, 1.1283e-01],
          ...,
          [6.9561e-01, 7.7928e-01, 8.6520e-01,  ..., 9.6102e-01,
           8.5973e-01, 8.0960e-01],
          [9.9909e-01, 3.7157e-01, 8.0966e-01,  ..., 7.2395e-01,
           3.0075e-01, 4.8745e-01],
          [7.0477e-01, 9.7272e-01, 2.7220e-01,  ..., 3.9690e-01,
           6.7928e-01, 4.4323e-01]],

         [[8.6507e-01, 4.3554e-01, 2.6924e-01,  ..., 1.3963e-01,
           9.5081e-01, 9.3035e-01],
          [2.1750e-01, 6.9678e-01, 7.6582e-01,  ..., 6.2327e-01,
           3.3171e-01, 9.3904e-01],
          [8.2720e-01, 7.0292e-01, 4.7142e-01,  ..., 8.9506e-01,
           9.1120e-01, 9.9459e-01],
          ...,
          [2.9044e-01, 9.6588e-01, 5.2985e-02,  ..., 9.3642e-01,
           6.5534e-01, 2.8298e-01],
          [9.8384e-01, 7.8634e-01, 1.5684e-01,  ..., 8.3745e-01,
           2.6971e-01, 3.0780e-01],
          [9.1550e-03, 4.8007e-01, 5.4714e-01,  ..., 4.4168e-01,
           3.6339e-01, 5.1115e-01]],

         ...,

         [[4.8628e-01, 3.4594e-03, 2.0269e-01,  ..., 1.0157e-01,
           7.6726e-01, 5.8169e-01],
          [8.0280e-01, 7.4374e-01, 1.8041e-01,  ..., 3.9028e-01,
           6.0248e-01, 1.9436e-01],
          [8.9501e-01, 6.1420e-01, 3.4755e-02,  ..., 3.3368e-02,
           4.0329e-01, 3.4211e-01],
          ...,
          [4.4245e-01, 5.5027e-01, 3.0767e-02,  ..., 4.0645e-01,
           4.1328e-01, 9.0694e-01],
          [8.2276e-01, 1.4239e-01, 7.9741e-01,  ..., 2.7562e-01,
           8.6565e-01, 8.7287e-01],
          [2.1712e-01, 5.9792e-02, 2.6785e-01,  ..., 7.7811e-03,
           8.7757e-01, 2.9910e-01]],

         [[9.7286e-02, 1.8646e-02, 5.1973e-01,  ..., 2.4641e-01,
           2.6679e-01, 3.4244e-01],
          [4.3569e-01, 4.0319e-02, 8.2110e-01,  ..., 8.0734e-01,
           6.9910e-01, 1.4295e-01],
          [4.3269e-01, 7.7591e-01, 5.7644e-01,  ..., 3.1759e-01,
           5.3299e-01, 5.8294e-01],
          ...,
          [3.6142e-01, 6.8388e-01, 9.5866e-01,  ..., 1.9950e-01,
           2.8682e-01, 8.5816e-01],
          [9.2438e-01, 7.7663e-02, 4.3336e-01,  ..., 1.5380e-01,
           3.3784e-01, 7.7786e-01],
          [4.9115e-01, 1.2727e-01, 2.5299e-01,  ..., 5.9588e-02,
           1.1844e-01, 7.6150e-01]],

         [[7.3574e-01, 3.4577e-01, 1.5813e-01,  ..., 8.3818e-01,
           6.9362e-01, 8.2584e-01],
          [6.9895e-01, 4.7006e-01, 5.8648e-01,  ..., 2.6833e-02,
           5.6511e-01, 9.4646e-01],
          [1.3204e-01, 2.2673e-01, 5.9959e-01,  ..., 8.5990e-01,
           1.4318e-01, 8.0788e-01],
          ...,
          [5.0791e-02, 8.3755e-01, 4.2054e-01,  ..., 1.0043e-02,
           7.8687e-02, 1.1667e-01],
          [4.5693e-01, 4.2039e-01, 9.2165e-01,  ..., 7.2476e-01,
           4.8302e-01, 8.0423e-01],
          [7.9945e-01, 4.2863e-01, 5.0024e-01,  ..., 8.9347e-01,
           6.9824e-01, 5.7859e-01]]],


        [[[7.7849e-01, 5.4134e-01, 9.0585e-01,  ..., 1.0057e-01,
           5.9074e-01, 6.4080e-01],
          [4.8063e-01, 1.9990e-01, 8.3083e-01,  ..., 3.2086e-02,
           1.0670e-01, 5.9477e-01],
          [1.6722e-01, 9.9483e-01, 3.7588e-02,  ..., 3.7902e-01,
           7.0081e-01, 5.7256e-01],
          ...,
          [3.1125e-01, 9.1095e-01, 8.7418e-01,  ..., 2.0381e-01,
           2.3697e-01, 8.1874e-01],
          [3.0297e-01, 1.0742e-01, 9.9336e-01,  ..., 9.8167e-01,
           6.4293e-01, 2.3824e-01],
          [3.5100e-01, 8.3985e-01, 4.9545e-01,  ..., 1.9276e-01,
           6.0763e-01, 9.8654e-01]],

         [[7.1392e-01, 3.6694e-01, 1.7707e-02,  ..., 1.4682e-01,
           1.0941e-01, 7.7636e-01],
          [6.6670e-02, 8.7394e-01, 9.7132e-01,  ..., 2.5679e-01,
           8.3569e-01, 2.3551e-01],
          [8.2624e-01, 6.4220e-01, 3.7186e-01,  ..., 9.8129e-01,
           4.8171e-02, 8.2150e-01],
          ...,
          [5.0359e-02, 4.2784e-01, 2.5195e-01,  ..., 5.6759e-01,
           9.7219e-01, 1.3333e-01],
          [6.9072e-01, 5.3754e-01, 8.4760e-01,  ..., 8.8603e-01,
           7.4278e-01, 4.2652e-02],
          [5.9159e-01, 1.0749e-01, 2.8798e-01,  ..., 5.7877e-01,
           5.4990e-01, 4.8196e-01]],

         [[2.5354e-01, 8.2236e-01, 4.1322e-01,  ..., 3.7147e-01,
           1.0292e-01, 1.2595e-01],
          [9.9831e-01, 4.1004e-01, 7.8299e-01,  ..., 7.4811e-01,
           2.8310e-01, 9.9720e-01],
          [4.4895e-01, 5.8411e-01, 2.9420e-01,  ..., 3.6654e-01,
           7.6895e-01, 1.8986e-01],
          ...,
          [4.9518e-01, 3.5957e-01, 6.4636e-01,  ..., 9.3661e-01,
           6.7503e-01, 7.9865e-02],
          [1.3065e-01, 2.5818e-01, 8.7371e-01,  ..., 8.5924e-01,
           9.3463e-01, 9.7055e-02],
          [2.6548e-01, 9.9050e-01, 4.4005e-02,  ..., 4.3271e-01,
           7.8098e-01, 4.3432e-01]],

         ...,

         [[5.2580e-01, 8.7589e-01, 8.5338e-01,  ..., 7.2568e-01,
           7.8294e-01, 9.7947e-01],
          [4.8355e-01, 7.4874e-01, 8.0054e-01,  ..., 6.7411e-01,
           2.5683e-01, 2.8026e-01],
          [8.6607e-01, 7.3631e-01, 7.4619e-01,  ..., 4.8875e-01,
           9.5905e-01, 8.6917e-01],
          ...,
          [2.1167e-01, 2.6442e-01, 4.5663e-01,  ..., 6.0548e-01,
           4.5610e-01, 3.1826e-01],
          [2.6883e-01, 3.6232e-01, 2.3766e-02,  ..., 5.4071e-01,
           6.3423e-01, 3.9331e-01],
          [7.8343e-01, 9.5277e-01, 4.0210e-01,  ..., 6.2845e-01,
           7.8129e-01, 8.2106e-01]],

         [[8.2653e-01, 1.7111e-01, 6.1009e-02,  ..., 4.5956e-01,
           4.7023e-01, 8.9488e-01],
          [8.2705e-01, 5.7251e-01, 2.5010e-01,  ..., 3.2213e-02,
           2.6839e-01, 3.4865e-01],
          [9.1861e-01, 2.5227e-01, 5.6345e-02,  ..., 2.0511e-02,
           1.4008e-01, 8.6833e-01],
          ...,
          [4.2728e-01, 7.3221e-01, 9.8629e-01,  ..., 1.8627e-01,
           7.9380e-01, 4.9998e-03],
          [1.0460e-01, 9.0020e-01, 4.6098e-02,  ..., 1.6866e-01,
           8.3660e-01, 7.0498e-01],
          [4.4865e-01, 5.4882e-01, 5.5443e-01,  ..., 4.8908e-01,
           1.6942e-01, 6.7598e-01]],

         [[6.4065e-02, 6.2684e-01, 5.8503e-01,  ..., 8.2183e-02,
           1.3652e-02, 9.6241e-02],
          [2.7824e-02, 4.8872e-01, 3.5440e-01,  ..., 9.2279e-01,
           4.1529e-02, 7.9767e-01],
          [6.5513e-01, 2.5980e-01, 6.0737e-01,  ..., 6.7245e-01,
           3.3693e-01, 3.6391e-01],
          ...,
          [1.3770e-01, 9.7149e-01, 6.5226e-01,  ..., 7.8384e-01,
           6.2552e-01, 4.3888e-01],
          [6.8810e-01, 6.1151e-01, 8.4199e-02,  ..., 1.5529e-02,
           9.4322e-01, 3.7471e-01],
          [9.3384e-02, 5.0940e-03, 7.9618e-01,  ..., 3.6096e-01,
           8.4015e-01, 6.6059e-01]]]])
