tensor([[[[7.4934e-01, 9.7205e-01, 3.7797e-01,  ..., 7.3819e-01,
           2.0243e-01, 8.1881e-01],
          [5.6752e-01, 3.1651e-01, 3.2673e-01,  ..., 9.0955e-01,
           5.9637e-01, 3.1164e-01],
          [8.0611e-01, 5.2460e-01, 5.5276e-01,  ..., 8.5990e-01,
           1.7811e-01, 8.3052e-01],
          ...,
          [7.1316e-01, 2.2384e-01, 8.9706e-01,  ..., 5.2002e-01,
           5.8004e-01, 5.2514e-01],
          [4.0299e-01, 3.3623e-01, 4.4645e-01,  ..., 9.7593e-02,
           5.8788e-01, 8.4946e-01],
          [3.4860e-01, 9.2951e-01, 4.9242e-01,  ..., 7.7305e-01,
           5.8391e-01, 6.4822e-01]],

         [[5.7660e-01, 3.0761e-01, 6.9053e-01,  ..., 2.2699e-01,
           6.7773e-01, 5.9096e-01],
          [1.6512e-01, 9.4745e-01, 9.6884e-01,  ..., 3.6370e-01,
           9.9199e-01, 9.0327e-01],
          [1.7728e-01, 7.7377e-01, 5.6362e-01,  ..., 8.7934e-01,
           4.7787e-01, 2.6677e-01],
          ...,
          [5.5108e-01, 9.7399e-01, 2.9646e-01,  ..., 5.1014e-01,
           7.1078e-02, 3.3385e-01],
          [1.7021e-01, 2.2210e-01, 7.4373e-01,  ..., 7.7804e-01,
           7.4657e-01, 4.0005e-02],
          [8.5519e-01, 7.8337e-01, 9.0719e-01,  ..., 1.9680e-01,
           7.9525e-01, 6.3490e-01]],

         [[9.9584e-01, 4.4932e-02, 5.6562e-02,  ..., 1.1808e-01,
           8.0152e-02, 9.1838e-01],
          [7.4022e-01, 5.5065e-01, 5.3847e-01,  ..., 5.0146e-01,
           8.6402e-01, 9.8560e-01],
          [2.4424e-01, 3.5270e-01, 6.9280e-01,  ..., 4.6312e-01,
           9.5856e-01, 8.7985e-01],
          ...,
          [2.3159e-01, 5.9721e-01, 6.1480e-01,  ..., 8.1980e-01,
           8.8413e-01, 8.0467e-01],
          [4.5596e-01, 3.4091e-01, 6.1678e-01,  ..., 8.8125e-01,
           2.2064e-01, 5.4602e-02],
          [1.6996e-01, 2.2374e-01, 6.2402e-01,  ..., 6.7765e-01,
           4.5254e-01, 7.1221e-01]],

         ...,

         [[9.0955e-01, 5.2802e-01, 3.9134e-01,  ..., 5.6008e-01,
           6.3649e-01, 3.8386e-01],
          [6.1194e-01, 6.3894e-02, 9.7845e-01,  ..., 5.7336e-01,
           6.0094e-01, 2.0872e-01],
          [2.3400e-01, 5.0981e-01, 7.6418e-01,  ..., 4.6050e-01,
           5.0967e-01, 7.6618e-01],
          ...,
          [9.0713e-01, 2.7566e-01, 5.7179e-02,  ..., 2.2079e-01,
           4.4398e-01, 6.7701e-01],
          [1.4447e-01, 9.1373e-01, 2.9199e-01,  ..., 4.7198e-01,
           9.5873e-03, 6.9045e-01],
          [7.4288e-01, 3.7430e-01, 1.7881e-01,  ..., 4.8825e-02,
           2.3946e-01, 1.1447e-01]],

         [[7.9963e-01, 6.8566e-01, 4.8332e-02,  ..., 4.6094e-02,
           1.3652e-01, 6.9804e-01],
          [7.6243e-01, 6.2920e-01, 7.9690e-01,  ..., 1.8506e-01,
           3.9263e-01, 3.3083e-01],
          [4.1762e-01, 9.9366e-01, 4.7008e-01,  ..., 3.6399e-01,
           2.5334e-01, 8.5384e-02],
          ...,
          [8.8148e-01, 7.2446e-01, 4.5120e-01,  ..., 7.4659e-01,
           6.3684e-01, 9.2741e-01],
          [6.7414e-02, 3.2247e-01, 6.1532e-02,  ..., 3.1145e-01,
           7.7967e-01, 6.9765e-01],
          [2.5740e-01, 5.6372e-01, 7.2837e-03,  ..., 5.5345e-01,
           9.4018e-02, 7.5444e-01]],

         [[4.5250e-01, 9.5240e-01, 1.9847e-01,  ..., 9.6122e-03,
           1.9799e-01, 2.8144e-02],
          [6.2809e-01, 1.1844e-01, 2.4695e-02,  ..., 7.3107e-01,
           5.1492e-01, 7.9045e-01],
          [9.8436e-01, 8.0555e-01, 5.2920e-01,  ..., 5.9471e-01,
           1.9931e-01, 6.3838e-01],
          ...,
          [4.2246e-01, 9.8660e-01, 4.9604e-01,  ..., 6.0440e-01,
           3.4887e-01, 3.4591e-01],
          [8.9013e-01, 3.7422e-01, 2.8382e-02,  ..., 9.7594e-01,
           7.6660e-01, 4.8788e-01],
          [7.7272e-01, 5.1269e-01, 6.8697e-01,  ..., 1.7391e-02,
           6.2942e-01, 3.6528e-01]]],


        [[[3.0277e-01, 5.7443e-01, 6.2716e-01,  ..., 9.0343e-01,
           7.5806e-01, 9.7598e-01],
          [7.8301e-01, 2.8093e-01, 5.1369e-01,  ..., 3.1339e-01,
           8.6360e-01, 7.2221e-01],
          [6.5056e-01, 5.1134e-01, 1.7116e-01,  ..., 7.2401e-01,
           5.5698e-01, 4.1866e-01],
          ...,
          [6.3320e-01, 8.8364e-01, 8.9978e-01,  ..., 9.4188e-01,
           7.8507e-01, 5.4620e-01],
          [8.8199e-01, 9.4767e-01, 2.1354e-01,  ..., 7.5781e-01,
           2.7269e-01, 7.5380e-01],
          [5.7508e-01, 9.0628e-01, 1.6390e-01,  ..., 7.1413e-01,
           8.8521e-01, 2.0302e-01]],

         [[6.6114e-01, 6.4979e-01, 9.8160e-01,  ..., 2.1600e-01,
           8.4984e-01, 4.3799e-01],
          [9.5173e-01, 2.3478e-04, 5.7795e-01,  ..., 1.4160e-01,
           8.8062e-01, 3.3863e-02],
          [6.3001e-01, 3.8137e-01, 1.9920e-01,  ..., 5.0043e-03,
           7.8406e-01, 3.2014e-02],
          ...,
          [3.1384e-01, 3.4635e-01, 8.8571e-01,  ..., 2.0650e-01,
           1.0323e-01, 2.9772e-01],
          [2.2166e-01, 7.6355e-01, 2.6861e-01,  ..., 7.3951e-01,
           6.5536e-01, 1.1748e-01],
          [5.8462e-02, 9.7119e-01, 3.3679e-02,  ..., 2.1228e-02,
           8.5792e-01, 9.8764e-01]],

         [[3.2543e-01, 9.1081e-01, 5.5259e-01,  ..., 9.7247e-01,
           1.0591e-01, 3.2333e-01],
          [2.0923e-01, 4.2599e-01, 7.3772e-01,  ..., 5.8559e-01,
           2.4068e-01, 9.4069e-01],
          [9.5908e-01, 8.9398e-01, 3.2344e-02,  ..., 5.1242e-01,
           2.5373e-01, 5.1182e-01],
          ...,
          [3.1124e-01, 5.9273e-01, 5.1095e-01,  ..., 2.0919e-01,
           7.2543e-03, 5.8607e-01],
          [6.0755e-01, 9.0175e-01, 6.9166e-02,  ..., 6.1635e-01,
           2.9669e-01, 7.3453e-01],
          [6.2537e-02, 3.7829e-01, 1.2343e-01,  ..., 2.6985e-01,
           7.3707e-02, 9.2437e-01]],

         ...,

         [[6.6238e-02, 5.2288e-02, 1.4257e-01,  ..., 2.6951e-01,
           9.7000e-01, 4.8875e-02],
          [4.5914e-01, 4.9604e-01, 6.2130e-01,  ..., 6.0968e-01,
           3.7171e-01, 2.3459e-01],
          [1.9400e-01, 5.4746e-01, 6.5112e-01,  ..., 8.6147e-01,
           9.6202e-01, 9.6010e-02],
          ...,
          [3.1043e-01, 3.1766e-01, 3.4143e-01,  ..., 8.9865e-01,
           2.4517e-01, 1.8929e-01],
          [6.2190e-01, 3.0288e-01, 8.9297e-01,  ..., 7.4820e-01,
           2.8862e-01, 8.7234e-01],
          [2.5352e-01, 4.8352e-03, 9.8820e-01,  ..., 6.5041e-01,
           6.4507e-01, 8.8698e-01]],

         [[1.3410e-01, 3.8747e-01, 3.1368e-01,  ..., 3.1822e-01,
           7.7642e-01, 8.0322e-01],
          [5.7782e-01, 9.3033e-01, 6.4764e-01,  ..., 3.2855e-02,
           4.5930e-01, 8.4210e-01],
          [5.4212e-01, 6.5972e-01, 2.7279e-01,  ..., 1.5193e-01,
           2.0904e-01, 2.7329e-01],
          ...,
          [2.4000e-01, 2.9559e-01, 7.0364e-02,  ..., 9.0167e-01,
           3.4012e-01, 2.5389e-01],
          [2.4613e-01, 8.3328e-01, 5.5097e-01,  ..., 9.4429e-01,
           6.2200e-01, 1.1357e-01],
          [1.2018e-01, 3.3553e-01, 7.3614e-01,  ..., 1.1324e-01,
           5.7294e-01, 9.9808e-01]],

         [[7.1409e-01, 1.5071e-01, 3.4597e-01,  ..., 5.3811e-01,
           3.4989e-01, 8.9223e-01],
          [7.8058e-01, 9.5688e-01, 7.2685e-02,  ..., 1.0372e-01,
           6.0118e-01, 8.2749e-01],
          [5.0328e-01, 7.2608e-01, 1.4550e-01,  ..., 7.4903e-01,
           1.1825e-01, 3.1184e-01],
          ...,
          [2.1026e-01, 4.1219e-01, 8.6460e-01,  ..., 1.4174e-01,
           2.1242e-01, 1.7193e-01],
          [7.9928e-01, 7.4910e-01, 6.2282e-01,  ..., 8.9176e-01,
           4.5375e-01, 8.1434e-01],
          [1.2304e-01, 7.2012e-01, 6.0185e-01,  ..., 1.1169e-02,
           8.0004e-01, 4.2859e-01]]],


        [[[6.5097e-01, 7.7322e-02, 4.2438e-01,  ..., 9.4640e-01,
           4.2105e-01, 6.2448e-01],
          [6.7807e-02, 5.0355e-01, 8.7161e-01,  ..., 5.0200e-01,
           7.5499e-01, 7.7386e-01],
          [7.7295e-01, 2.3938e-01, 4.3121e-01,  ..., 6.9393e-01,
           3.7065e-01, 3.7711e-01],
          ...,
          [5.2631e-01, 9.4525e-01, 1.0563e-01,  ..., 4.9840e-01,
           3.5562e-01, 3.4397e-01],
          [2.5461e-01, 3.1385e-01, 4.0072e-01,  ..., 8.7908e-01,
           7.0097e-01, 5.6841e-01],
          [1.4299e-01, 5.4538e-01, 1.3551e-01,  ..., 7.0141e-01,
           9.9066e-01, 1.6994e-01]],

         [[1.8789e-02, 8.2071e-01, 2.5946e-01,  ..., 4.4230e-01,
           6.1616e-02, 1.6767e-01],
          [9.4085e-01, 7.4301e-01, 6.6062e-01,  ..., 4.5682e-01,
           1.6255e-01, 5.4661e-01],
          [1.7909e-01, 8.2574e-01, 9.7096e-01,  ..., 1.7707e-02,
           9.5251e-01, 4.5025e-02],
          ...,
          [8.0678e-01, 3.8490e-01, 3.0385e-01,  ..., 7.3323e-01,
           5.3454e-01, 5.2400e-01],
          [4.1976e-01, 4.3832e-01, 2.8276e-01,  ..., 7.7050e-01,
           4.3294e-01, 6.6114e-01],
          [4.4079e-01, 8.0080e-01, 4.7730e-02,  ..., 1.1823e-01,
           7.6203e-01, 3.1386e-01]],

         [[1.1222e-01, 1.4091e-01, 6.5797e-01,  ..., 2.0392e-01,
           1.9884e-01, 4.5759e-01],
          [1.0890e-01, 6.8516e-01, 9.5794e-01,  ..., 9.7483e-01,
           6.2723e-01, 4.9620e-01],
          [5.8309e-01, 1.2209e-01, 9.6730e-01,  ..., 1.9250e-01,
           7.2749e-01, 8.6692e-01],
          ...,
          [6.2243e-01, 9.1877e-01, 2.0042e-02,  ..., 9.4119e-02,
           2.6496e-01, 3.5123e-02],
          [5.2972e-01, 2.7911e-01, 5.2215e-01,  ..., 9.6663e-02,
           9.1397e-01, 9.1167e-01],
          [4.6094e-01, 5.6461e-01, 1.6543e-01,  ..., 4.2567e-01,
           1.6918e-01, 3.7170e-01]],

         ...,

         [[1.7610e-01, 2.6678e-01, 1.4489e-01,  ..., 7.9624e-01,
           2.5140e-01, 6.9746e-01],
          [6.6861e-01, 4.4211e-01, 2.2946e-01,  ..., 8.7762e-01,
           4.4420e-01, 2.9672e-01],
          [5.2588e-01, 6.9046e-01, 1.0667e-01,  ..., 7.9904e-01,
           2.8490e-01, 4.2837e-01],
          ...,
          [2.8243e-01, 4.3238e-01, 6.5038e-01,  ..., 6.1412e-01,
           7.5268e-01, 2.0459e-01],
          [6.5405e-01, 6.2366e-01, 9.5492e-01,  ..., 5.6581e-01,
           6.1823e-01, 1.9809e-01],
          [3.9674e-01, 8.0122e-01, 3.0606e-01,  ..., 5.1459e-01,
           2.1620e-01, 2.5018e-01]],

         [[8.8930e-01, 7.8405e-01, 3.2614e-01,  ..., 6.2935e-01,
           2.3403e-01, 3.3045e-01],
          [1.9283e-01, 6.7950e-01, 3.1821e-01,  ..., 4.9989e-02,
           9.5120e-01, 1.0802e-01],
          [5.5095e-01, 9.5501e-01, 2.0587e-03,  ..., 3.0205e-01,
           3.9787e-01, 3.9700e-01],
          ...,
          [5.6647e-01, 5.1690e-01, 8.5861e-01,  ..., 7.7544e-01,
           3.3698e-01, 4.3370e-01],
          [4.1074e-01, 4.2672e-01, 8.5073e-01,  ..., 6.4611e-01,
           6.0281e-01, 3.8849e-02],
          [4.6111e-01, 5.5791e-02, 4.4651e-01,  ..., 1.7194e-01,
           9.0876e-02, 9.6659e-01]],

         [[9.5352e-01, 8.3275e-01, 7.7401e-01,  ..., 4.9621e-01,
           2.6091e-01, 7.4336e-01],
          [4.1296e-01, 9.5553e-01, 9.8768e-01,  ..., 1.9183e-01,
           1.1561e-01, 2.5151e-01],
          [4.8948e-01, 1.0646e-01, 1.1155e-01,  ..., 4.0751e-01,
           9.3474e-01, 5.9341e-01],
          ...,
          [4.4721e-01, 1.7545e-01, 6.8379e-02,  ..., 4.8748e-01,
           5.1732e-01, 3.3569e-01],
          [5.8707e-01, 6.6247e-01, 4.1277e-01,  ..., 2.3768e-01,
           8.4930e-02, 8.1821e-01],
          [6.8549e-01, 3.7070e-01, 5.2186e-01,  ..., 9.6034e-01,
           4.7342e-02, 6.3668e-01]]],


        ...,


        [[[4.8051e-01, 7.3805e-02, 2.9767e-01,  ..., 2.7442e-01,
           6.5993e-01, 3.3053e-01],
          [6.0212e-01, 8.0807e-02, 6.2451e-01,  ..., 8.6337e-01,
           3.5239e-01, 2.1369e-01],
          [8.1726e-01, 3.2207e-01, 7.8342e-01,  ..., 1.9811e-01,
           9.3468e-01, 4.9636e-01],
          ...,
          [5.2473e-01, 9.4361e-01, 2.7495e-01,  ..., 7.2262e-01,
           1.4058e-01, 6.3820e-01],
          [5.9730e-01, 3.3045e-01, 8.4766e-01,  ..., 4.7720e-01,
           2.5629e-01, 1.0142e-02],
          [6.3914e-01, 7.7454e-01, 6.0275e-02,  ..., 7.9343e-01,
           7.0194e-01, 4.9775e-01]],

         [[8.3635e-01, 6.4990e-01, 2.2221e-01,  ..., 3.5436e-01,
           8.3589e-01, 9.4984e-01],
          [6.6166e-01, 2.0204e-01, 8.0772e-01,  ..., 8.6024e-01,
           1.9977e-01, 2.7761e-01],
          [6.8451e-01, 5.5761e-01, 9.0606e-01,  ..., 4.7088e-01,
           3.3836e-01, 2.2330e-02],
          ...,
          [2.4704e-01, 4.6589e-01, 9.6646e-01,  ..., 7.3897e-01,
           5.1903e-01, 7.9144e-01],
          [4.8428e-01, 4.5642e-01, 8.9842e-01,  ..., 3.1347e-01,
           1.5061e-01, 3.3789e-01],
          [1.3540e-01, 5.9861e-01, 5.3912e-01,  ..., 1.9624e-01,
           7.8661e-01, 1.5477e-01]],

         [[1.1922e-01, 4.1170e-03, 1.4309e-03,  ..., 6.8933e-02,
           4.1368e-01, 5.7718e-01],
          [5.0818e-01, 2.8082e-02, 2.5012e-01,  ..., 5.9457e-01,
           2.9479e-03, 6.1747e-01],
          [1.9488e-02, 7.5548e-01, 3.5822e-01,  ..., 6.2361e-01,
           1.6983e-02, 2.1948e-01],
          ...,
          [8.4611e-01, 2.4367e-01, 2.9833e-01,  ..., 2.0174e-01,
           4.2845e-01, 4.9914e-01],
          [6.2739e-01, 6.0213e-01, 5.5711e-01,  ..., 2.5313e-01,
           8.2666e-01, 4.8732e-02],
          [6.7941e-01, 8.8003e-01, 5.9193e-01,  ..., 7.1713e-01,
           4.7540e-01, 1.4992e-01]],

         ...,

         [[9.0698e-01, 2.1435e-01, 2.2285e-01,  ..., 6.1467e-01,
           9.1181e-01, 8.7842e-01],
          [3.9872e-01, 7.9935e-01, 1.3798e-01,  ..., 6.5553e-01,
           6.0161e-01, 7.8037e-01],
          [1.0419e-01, 2.1952e-01, 7.3039e-01,  ..., 8.0016e-01,
           1.6659e-01, 4.4627e-01],
          ...,
          [7.9983e-01, 9.2280e-01, 2.6454e-01,  ..., 6.6987e-01,
           1.0223e-01, 1.8506e-01],
          [3.2333e-02, 6.5417e-01, 1.5855e-01,  ..., 1.7089e-01,
           9.4984e-01, 4.2968e-01],
          [4.5592e-01, 4.8313e-02, 3.7205e-01,  ..., 2.1598e-01,
           8.7095e-01, 2.5777e-01]],

         [[7.9400e-01, 7.5449e-01, 1.3464e-01,  ..., 4.4419e-01,
           4.0691e-01, 8.4817e-01],
          [2.3434e-01, 5.3297e-01, 7.5846e-01,  ..., 1.2934e-01,
           3.3568e-01, 8.1359e-01],
          [2.5853e-01, 6.0048e-01, 6.7801e-01,  ..., 6.0224e-01,
           4.0929e-01, 5.8828e-01],
          ...,
          [1.0454e-01, 6.3199e-01, 7.1356e-01,  ..., 3.8318e-01,
           5.0251e-01, 8.9041e-01],
          [2.8045e-01, 7.0424e-01, 8.1069e-01,  ..., 6.6054e-01,
           6.0254e-01, 7.0295e-01],
          [3.4512e-01, 9.5413e-01, 1.9405e-01,  ..., 3.3499e-01,
           5.8894e-01, 5.5577e-01]],

         [[4.4171e-01, 2.2708e-01, 5.8588e-01,  ..., 9.9640e-01,
           1.3634e-01, 6.1721e-01],
          [6.6777e-01, 2.5010e-02, 9.6239e-01,  ..., 9.3057e-01,
           6.7032e-01, 8.6870e-02],
          [6.7881e-01, 9.9546e-01, 4.1766e-02,  ..., 7.6144e-01,
           4.4173e-01, 1.2119e-01],
          ...,
          [5.5258e-01, 4.2853e-01, 2.0770e-02,  ..., 3.0856e-01,
           2.7517e-01, 6.9835e-02],
          [7.3924e-01, 3.9652e-02, 7.0327e-01,  ..., 2.3259e-02,
           4.5826e-01, 8.1399e-01],
          [2.4481e-01, 1.9073e-01, 9.6207e-02,  ..., 6.4386e-01,
           9.3663e-01, 1.5223e-02]]],


        [[[1.4632e-01, 7.7846e-01, 4.7174e-01,  ..., 9.0955e-01,
           3.2917e-01, 5.1063e-01],
          [9.0810e-01, 2.8687e-01, 3.0643e-01,  ..., 9.3136e-01,
           2.7851e-01, 3.7347e-01],
          [6.0141e-01, 6.7384e-01, 9.9174e-01,  ..., 2.9479e-01,
           9.5663e-01, 4.1189e-01],
          ...,
          [5.4351e-01, 6.3531e-01, 9.2040e-01,  ..., 2.3632e-01,
           8.5742e-01, 7.0468e-01],
          [8.9655e-01, 8.0282e-01, 3.2184e-01,  ..., 1.4163e-01,
           8.6939e-02, 8.4659e-01],
          [1.7087e-01, 4.3997e-01, 6.0737e-01,  ..., 7.1378e-01,
           8.4456e-01, 7.9559e-01]],

         [[6.7135e-01, 2.4528e-01, 6.1616e-01,  ..., 6.8210e-02,
           6.0725e-01, 4.1010e-03],
          [4.5028e-01, 5.6136e-01, 9.9879e-01,  ..., 8.4273e-02,
           8.7649e-01, 8.3799e-01],
          [9.4040e-01, 7.0500e-01, 1.9442e-01,  ..., 7.1131e-01,
           6.9455e-01, 2.7099e-01],
          ...,
          [1.1859e-01, 8.5390e-01, 2.8863e-02,  ..., 7.2656e-01,
           1.7507e-01, 9.3122e-01],
          [2.0023e-01, 5.2486e-01, 6.3450e-01,  ..., 9.8532e-01,
           1.2713e-01, 5.9213e-02],
          [1.3670e-03, 2.2664e-01, 5.1669e-01,  ..., 9.5520e-02,
           5.5019e-01, 2.0896e-01]],

         [[4.9836e-01, 8.5701e-01, 7.6715e-01,  ..., 7.4038e-01,
           1.3204e-01, 2.5500e-01],
          [2.6427e-01, 4.7857e-01, 6.2003e-01,  ..., 2.0807e-01,
           6.7498e-01, 5.3673e-01],
          [9.2717e-01, 6.7865e-01, 8.1739e-01,  ..., 4.2359e-01,
           8.2979e-01, 9.4980e-01],
          ...,
          [2.7588e-01, 5.4820e-01, 6.1254e-01,  ..., 8.1663e-01,
           8.2637e-01, 4.8916e-01],
          [7.3496e-01, 2.9380e-01, 6.6340e-01,  ..., 9.8113e-01,
           9.6497e-01, 2.6858e-01],
          [5.3388e-01, 7.7948e-01, 8.4856e-01,  ..., 4.5974e-01,
           3.9767e-01, 5.9048e-01]],

         ...,

         [[7.6513e-01, 6.5582e-01, 5.2576e-01,  ..., 4.0891e-02,
           5.5146e-01, 9.3246e-01],
          [8.3734e-01, 6.3826e-01, 5.2818e-01,  ..., 1.0778e-01,
           2.1930e-01, 5.0502e-01],
          [4.7873e-01, 3.7029e-01, 6.0262e-01,  ..., 7.4805e-01,
           2.7581e-01, 2.0058e-01],
          ...,
          [3.5405e-01, 3.7121e-02, 1.2124e-01,  ..., 3.2412e-01,
           8.0425e-01, 9.7260e-01],
          [3.4880e-01, 8.7002e-01, 3.1527e-01,  ..., 1.2834e-01,
           9.7130e-02, 5.7776e-01],
          [5.2882e-01, 3.1866e-01, 1.5907e-01,  ..., 3.3066e-02,
           4.2301e-01, 2.9162e-01]],

         [[9.3870e-01, 8.9969e-01, 1.0927e-01,  ..., 9.9520e-01,
           7.0934e-01, 8.6832e-01],
          [8.1147e-01, 1.7647e-02, 4.4192e-02,  ..., 6.8320e-01,
           9.5668e-01, 6.0631e-01],
          [9.7021e-01, 4.2379e-01, 4.6543e-01,  ..., 3.1770e-01,
           1.9646e-01, 4.0963e-01],
          ...,
          [1.4725e-01, 8.3721e-01, 4.0932e-02,  ..., 2.4308e-01,
           3.0613e-01, 6.2972e-01],
          [4.1860e-01, 1.2079e-01, 2.2770e-01,  ..., 4.7353e-01,
           6.4897e-01, 9.7035e-02],
          [5.9013e-01, 5.0339e-01, 5.3206e-01,  ..., 6.8195e-01,
           4.3767e-01, 1.5684e-01]],

         [[8.7912e-01, 8.7071e-01, 4.0918e-01,  ..., 2.7220e-01,
           4.7074e-01, 4.1624e-02],
          [4.4751e-01, 2.8167e-01, 8.7084e-01,  ..., 4.5374e-01,
           2.5445e-01, 1.8008e-01],
          [7.7527e-01, 2.7235e-01, 2.6964e-02,  ..., 3.8675e-01,
           3.7436e-01, 1.7656e-01],
          ...,
          [7.7602e-01, 1.9429e-01, 4.1013e-01,  ..., 3.5473e-01,
           4.6380e-01, 9.7638e-01],
          [7.5699e-01, 8.1233e-02, 9.3789e-01,  ..., 3.8385e-01,
           1.3600e-01, 4.6622e-01],
          [5.0060e-01, 2.0961e-01, 9.2737e-01,  ..., 4.7348e-02,
           4.9754e-01, 9.0607e-01]]],


        [[[5.1114e-01, 3.7954e-01, 3.7502e-01,  ..., 8.9657e-01,
           8.2362e-01, 2.6039e-01],
          [6.9672e-02, 2.3575e-02, 8.5287e-01,  ..., 1.6437e-01,
           7.2449e-01, 7.3573e-01],
          [4.8669e-01, 9.1818e-01, 3.3047e-02,  ..., 6.8927e-01,
           7.2302e-01, 8.7894e-01],
          ...,
          [9.3523e-01, 5.8560e-01, 6.2715e-02,  ..., 8.1012e-02,
           7.6265e-01, 1.2297e-01],
          [6.9418e-01, 5.9545e-01, 5.3086e-01,  ..., 6.2339e-02,
           9.5273e-01, 1.6688e-02],
          [8.2182e-01, 1.3884e-01, 6.0027e-01,  ..., 4.0286e-01,
           6.2649e-01, 7.4952e-02]],

         [[4.2909e-01, 3.6342e-02, 6.7331e-01,  ..., 9.7404e-01,
           9.9299e-01, 1.8351e-02],
          [3.9443e-01, 3.8851e-01, 6.9955e-01,  ..., 8.9859e-01,
           2.7404e-02, 6.8497e-01],
          [8.6446e-01, 3.4874e-01, 9.3320e-01,  ..., 8.8110e-01,
           8.5513e-01, 7.6944e-04],
          ...,
          [1.3068e-01, 9.1965e-01, 4.6096e-01,  ..., 8.9171e-01,
           1.6497e-01, 8.8408e-01],
          [7.5582e-01, 1.4770e-01, 8.2304e-01,  ..., 9.8198e-01,
           1.5759e-01, 7.6349e-01],
          [7.7861e-01, 1.8070e-01, 8.8243e-01,  ..., 2.2251e-02,
           8.5215e-01, 5.4941e-01]],

         [[4.6128e-01, 4.2368e-01, 9.0047e-02,  ..., 1.2544e-01,
           5.4349e-01, 1.2215e-01],
          [7.9716e-02, 1.6957e-01, 3.9229e-01,  ..., 1.1527e-01,
           4.1714e-01, 2.7990e-01],
          [9.1599e-01, 7.3590e-02, 3.6710e-01,  ..., 5.4966e-01,
           9.6811e-01, 3.6902e-01],
          ...,
          [4.8547e-01, 4.1029e-01, 5.9029e-01,  ..., 8.5611e-02,
           4.8195e-01, 1.5051e-01],
          [5.8912e-01, 4.6356e-01, 5.2102e-01,  ..., 2.7316e-01,
           3.2113e-01, 4.6275e-01],
          [9.3812e-01, 2.1193e-01, 3.1021e-01,  ..., 3.3257e-02,
           4.2152e-01, 5.7024e-01]],

         ...,

         [[3.0278e-01, 4.5851e-01, 9.9751e-02,  ..., 4.7837e-01,
           2.1913e-01, 5.4296e-02],
          [3.2359e-01, 5.6004e-01, 1.3995e-02,  ..., 5.1664e-01,
           3.0206e-02, 8.7968e-01],
          [2.2981e-02, 3.4600e-01, 7.6668e-03,  ..., 8.3434e-01,
           8.0120e-02, 5.1183e-01],
          ...,
          [3.4117e-01, 7.6487e-01, 6.2362e-01,  ..., 5.4896e-01,
           4.4011e-01, 1.3477e-01],
          [9.8657e-01, 5.5604e-01, 8.3173e-01,  ..., 8.3137e-01,
           2.6862e-01, 9.3261e-02],
          [5.9014e-01, 9.5342e-01, 7.4459e-02,  ..., 5.2250e-01,
           5.1393e-02, 9.7253e-01]],

         [[9.1536e-01, 7.3973e-02, 8.0001e-01,  ..., 8.1853e-01,
           4.6273e-01, 2.8748e-02],
          [8.6314e-01, 6.7103e-01, 7.3099e-01,  ..., 3.7402e-01,
           3.5950e-01, 4.6155e-01],
          [9.6649e-02, 9.4546e-01, 8.3799e-01,  ..., 4.5000e-03,
           6.9112e-01, 8.8976e-01],
          ...,
          [8.3987e-01, 4.4286e-01, 4.0495e-01,  ..., 2.0619e-01,
           8.7187e-01, 6.2720e-01],
          [4.0178e-01, 2.7771e-01, 9.7732e-02,  ..., 8.5312e-01,
           6.2152e-01, 3.8692e-01],
          [7.1764e-01, 2.8080e-01, 4.0098e-01,  ..., 5.4601e-01,
           2.3553e-01, 1.7356e-01]],

         [[3.1763e-01, 7.3775e-01, 3.3252e-01,  ..., 4.2254e-01,
           7.6903e-02, 9.8453e-01],
          [6.0432e-01, 5.8461e-01, 2.3265e-01,  ..., 4.5172e-01,
           2.6489e-01, 8.2541e-02],
          [5.9923e-01, 2.1539e-01, 2.7146e-01,  ..., 3.9641e-02,
           3.4520e-01, 9.3505e-01],
          ...,
          [2.0719e-01, 3.5093e-01, 5.5422e-01,  ..., 5.7591e-01,
           1.2864e-01, 2.1118e-01],
          [4.5561e-01, 8.6965e-01, 8.4806e-01,  ..., 5.4307e-01,
           8.4863e-01, 2.9849e-01],
          [2.0564e-01, 1.8702e-01, 9.8871e-01,  ..., 2.9814e-01,
           2.1039e-01, 5.2445e-01]]]])
