tensor([[[[3.8836e-02, 8.5050e-01, 4.6409e-01,  ..., 2.3775e-03,
           4.9589e-01, 9.8906e-02],
          [8.1576e-01, 2.3556e-01, 9.7138e-01,  ..., 7.1315e-01,
           4.7305e-01, 2.9782e-01],
          [4.5948e-01, 3.8140e-02, 2.3997e-01,  ..., 4.9943e-01,
           9.1563e-01, 8.2730e-02],
          ...,
          [3.9115e-01, 4.4535e-01, 2.2632e-01,  ..., 2.3446e-01,
           4.1388e-01, 6.3771e-02],
          [9.1494e-01, 5.4731e-01, 5.2799e-01,  ..., 1.2575e-01,
           8.3798e-01, 6.2962e-01],
          [9.4076e-02, 7.7063e-01, 9.9579e-01,  ..., 9.0184e-01,
           2.3479e-01, 5.1888e-01]],

         [[9.1099e-01, 1.2615e-01, 4.4442e-01,  ..., 1.4802e-01,
           3.3746e-01, 6.6340e-01],
          [9.5806e-01, 4.6034e-01, 8.9543e-01,  ..., 4.5296e-01,
           4.6939e-01, 1.5184e-01],
          [7.1078e-01, 1.8860e-01, 4.9228e-02,  ..., 1.2816e-01,
           5.5491e-02, 3.9878e-01],
          ...,
          [4.1052e-01, 6.7475e-01, 7.2303e-01,  ..., 4.2968e-01,
           2.4138e-01, 3.8210e-01],
          [1.3706e-01, 1.3328e-01, 6.3154e-02,  ..., 5.2411e-01,
           1.9249e-01, 4.5878e-01],
          [2.8005e-01, 3.5735e-01, 9.4264e-01,  ..., 7.0359e-01,
           4.1829e-01, 5.7348e-01]],

         [[1.3425e-01, 6.5389e-01, 5.6744e-01,  ..., 5.4069e-02,
           8.0389e-01, 9.6537e-01],
          [6.4573e-01, 7.5664e-01, 6.5358e-03,  ..., 9.0377e-01,
           2.9860e-01, 8.3045e-01],
          [7.3914e-01, 8.0493e-01, 1.0630e-01,  ..., 8.6105e-01,
           2.6712e-01, 2.5181e-01],
          ...,
          [9.5677e-01, 3.1480e-01, 9.1488e-01,  ..., 9.5593e-01,
           8.0576e-01, 8.5865e-02],
          [7.8806e-01, 2.9114e-01, 6.9767e-01,  ..., 5.2471e-01,
           2.4509e-02, 5.0390e-01],
          [2.1729e-01, 7.5386e-01, 5.7698e-01,  ..., 5.5891e-01,
           5.6361e-02, 4.5289e-01]],

         ...,

         [[8.4503e-01, 7.4330e-02, 8.3014e-01,  ..., 2.5305e-01,
           1.6914e-01, 2.0052e-01],
          [5.2254e-02, 2.5730e-01, 4.1334e-02,  ..., 4.9763e-01,
           4.3456e-01, 9.9949e-01],
          [6.9973e-02, 5.2180e-01, 1.6475e-01,  ..., 5.9025e-01,
           5.6830e-01, 3.9609e-01],
          ...,
          [3.2910e-01, 6.8358e-01, 4.5641e-01,  ..., 6.4691e-01,
           3.6068e-01, 2.4011e-01],
          [6.8629e-01, 1.9671e-01, 9.6643e-01,  ..., 1.9085e-01,
           5.8071e-01, 7.1996e-01],
          [2.4038e-01, 8.5220e-01, 6.4101e-01,  ..., 2.7527e-01,
           4.5613e-01, 6.0829e-01]],

         [[2.6421e-01, 5.2221e-01, 4.2274e-01,  ..., 6.7074e-01,
           3.1508e-01, 6.2176e-01],
          [2.4655e-01, 6.7434e-01, 6.3227e-01,  ..., 2.6958e-01,
           3.5155e-01, 8.9950e-01],
          [7.9425e-01, 2.0169e-01, 2.6855e-01,  ..., 9.7365e-01,
           2.5986e-01, 2.5263e-02],
          ...,
          [1.5933e-01, 2.3001e-01, 9.4516e-01,  ..., 2.7272e-01,
           8.7690e-01, 7.1480e-01],
          [7.5179e-01, 7.8054e-01, 8.0523e-01,  ..., 9.1169e-01,
           4.5818e-01, 1.7163e-01],
          [4.3917e-01, 5.2173e-01, 5.8532e-01,  ..., 4.2166e-01,
           4.3827e-01, 3.1124e-01]],

         [[8.9938e-01, 6.3779e-01, 6.4409e-02,  ..., 4.8365e-01,
           8.8085e-01, 9.3285e-01],
          [6.8078e-01, 6.5073e-01, 3.2227e-01,  ..., 3.5616e-01,
           1.3801e-01, 7.2314e-01],
          [3.5738e-01, 7.9916e-01, 8.0765e-01,  ..., 8.4201e-02,
           4.9294e-02, 7.3757e-01],
          ...,
          [2.1565e-01, 2.2481e-01, 4.4979e-01,  ..., 7.6151e-01,
           7.4812e-01, 2.6923e-01],
          [9.2665e-01, 9.5344e-01, 9.9005e-01,  ..., 4.7027e-01,
           7.3331e-01, 6.2330e-01],
          [1.6618e-01, 8.5954e-01, 8.8630e-01,  ..., 5.3841e-01,
           9.5541e-01, 4.5143e-01]]],


        [[[6.6817e-01, 3.6669e-01, 2.7187e-01,  ..., 9.9295e-01,
           4.4663e-01, 6.9090e-01],
          [2.4323e-02, 7.7898e-02, 5.3574e-01,  ..., 5.3437e-01,
           9.1852e-01, 2.9916e-01],
          [6.2814e-01, 9.1845e-01, 7.8042e-01,  ..., 5.4178e-01,
           1.1178e-01, 3.8850e-01],
          ...,
          [3.5707e-01, 1.7064e-01, 7.6844e-01,  ..., 7.7639e-01,
           1.4088e-01, 4.1353e-02],
          [7.8697e-02, 3.4822e-01, 9.2937e-03,  ..., 7.6662e-01,
           8.0401e-01, 3.0521e-01],
          [9.5852e-01, 5.5831e-01, 3.9778e-01,  ..., 8.2213e-01,
           6.5595e-01, 6.3326e-01]],

         [[9.5531e-01, 9.0254e-01, 6.4074e-01,  ..., 2.1035e-01,
           8.7144e-01, 6.9500e-01],
          [9.8582e-01, 6.1988e-01, 4.7264e-01,  ..., 9.7949e-01,
           7.5200e-01, 9.4382e-01],
          [4.8778e-02, 6.8981e-01, 1.5214e-01,  ..., 2.1286e-01,
           4.2647e-01, 2.9300e-01],
          ...,
          [6.4978e-01, 8.8696e-02, 1.0386e-01,  ..., 6.7716e-01,
           7.7399e-02, 2.4527e-01],
          [8.2228e-01, 4.2900e-01, 3.2875e-02,  ..., 4.5852e-02,
           1.2810e-01, 9.3111e-01],
          [5.6380e-01, 3.9574e-01, 5.2464e-01,  ..., 9.5442e-02,
           8.0455e-01, 4.9028e-01]],

         [[1.0046e-01, 2.7730e-01, 3.3916e-01,  ..., 9.3838e-01,
           1.9807e-02, 8.3260e-01],
          [3.1236e-01, 6.3082e-01, 3.1178e-01,  ..., 2.6764e-01,
           6.2240e-01, 3.2083e-01],
          [1.6138e-01, 9.7706e-01, 3.1254e-01,  ..., 5.0767e-01,
           9.1075e-01, 8.5866e-01],
          ...,
          [2.0677e-01, 8.6996e-01, 6.9156e-01,  ..., 6.3472e-01,
           1.6814e-01, 7.3861e-01],
          [6.3733e-01, 1.3095e-01, 8.0523e-02,  ..., 5.6660e-01,
           9.5475e-01, 7.4370e-01],
          [7.0215e-01, 1.5095e-01, 3.4408e-01,  ..., 9.0403e-01,
           5.3567e-02, 8.0843e-01]],

         ...,

         [[6.2245e-01, 3.9219e-01, 7.3216e-01,  ..., 3.2136e-01,
           5.2791e-01, 7.4949e-01],
          [3.1294e-01, 2.5899e-01, 8.6364e-01,  ..., 1.9903e-01,
           8.0680e-01, 5.8389e-02],
          [8.9848e-01, 2.8002e-01, 2.1994e-01,  ..., 6.4192e-01,
           7.9383e-01, 4.6782e-01],
          ...,
          [6.9707e-01, 3.4829e-01, 4.1244e-01,  ..., 7.6201e-01,
           8.9926e-01, 8.2394e-01],
          [2.1616e-01, 5.0521e-01, 9.4367e-01,  ..., 8.4980e-01,
           7.8716e-01, 5.5405e-01],
          [6.2458e-01, 9.7975e-01, 9.7897e-02,  ..., 1.5942e-01,
           9.9945e-01, 3.0720e-01]],

         [[5.1625e-01, 8.3990e-01, 2.2446e-01,  ..., 2.6397e-01,
           8.2904e-01, 3.1171e-01],
          [4.1859e-01, 5.0543e-01, 1.6325e-01,  ..., 9.1618e-01,
           2.1978e-01, 5.4944e-01],
          [7.2325e-01, 4.4194e-01, 4.2783e-01,  ..., 6.5400e-01,
           2.0471e-01, 2.1713e-01],
          ...,
          [6.2778e-01, 7.5084e-01, 1.4330e-01,  ..., 5.8947e-02,
           4.7575e-01, 5.8634e-01],
          [4.9990e-01, 4.8067e-01, 5.2540e-02,  ..., 1.7575e-02,
           5.5724e-01, 2.4347e-01],
          [3.5539e-01, 2.5273e-01, 3.8008e-01,  ..., 2.4152e-01,
           5.4090e-01, 9.2033e-01]],

         [[4.3242e-01, 3.2498e-01, 9.2908e-01,  ..., 5.5686e-01,
           9.5337e-01, 1.3701e-01],
          [1.7459e-01, 9.2009e-01, 3.7877e-01,  ..., 1.1161e-01,
           5.5183e-01, 7.1620e-01],
          [5.4916e-01, 1.6247e-01, 8.2661e-01,  ..., 5.0085e-02,
           7.4318e-01, 9.3763e-01],
          ...,
          [9.5711e-01, 2.3594e-01, 9.2014e-01,  ..., 7.7022e-01,
           9.1943e-01, 6.4983e-01],
          [5.5278e-01, 3.8061e-02, 7.5284e-02,  ..., 7.6671e-01,
           4.0515e-01, 3.4807e-01],
          [1.9830e-01, 3.6017e-01, 1.3173e-01,  ..., 3.4854e-01,
           3.2293e-01, 2.9267e-01]]],


        [[[7.1147e-01, 7.6054e-01, 5.9036e-01,  ..., 3.5195e-01,
           8.7470e-02, 8.6364e-01],
          [3.2355e-01, 3.7826e-01, 6.5979e-01,  ..., 6.6441e-01,
           8.6029e-01, 2.4608e-01],
          [4.3008e-01, 1.1254e-01, 2.0419e-01,  ..., 8.9762e-01,
           1.1516e-01, 1.5346e-01],
          ...,
          [2.9704e-01, 3.7204e-01, 2.4673e-02,  ..., 9.6436e-01,
           4.5971e-01, 7.7869e-01],
          [9.6219e-01, 7.6980e-01, 4.4170e-01,  ..., 2.0401e-02,
           3.1185e-01, 2.7472e-01],
          [1.4313e-01, 5.6247e-01, 5.9682e-01,  ..., 7.0894e-01,
           1.4922e-01, 9.8188e-01]],

         [[9.0754e-01, 3.9665e-01, 4.8987e-01,  ..., 2.0965e-01,
           3.1844e-01, 6.4622e-01],
          [7.7524e-01, 8.1171e-02, 2.0398e-01,  ..., 7.0130e-01,
           3.4792e-01, 5.6428e-01],
          [1.0478e-01, 6.8748e-01, 4.0547e-01,  ..., 4.9929e-02,
           8.5001e-01, 5.5678e-02],
          ...,
          [7.6305e-01, 4.5481e-01, 6.4491e-01,  ..., 4.7486e-01,
           6.5243e-01, 8.5051e-01],
          [7.5306e-01, 6.0186e-01, 3.8020e-01,  ..., 8.8323e-01,
           4.5305e-01, 7.3671e-01],
          [3.7382e-01, 5.3264e-01, 9.0272e-02,  ..., 7.8400e-01,
           6.6796e-01, 4.9827e-01]],

         [[4.1602e-01, 9.7274e-01, 7.8061e-01,  ..., 6.7064e-01,
           7.2105e-01, 1.2640e-01],
          [7.2923e-01, 9.8083e-01, 6.4696e-01,  ..., 3.4264e-02,
           1.4298e-01, 9.5707e-01],
          [8.0002e-01, 5.6847e-01, 5.1145e-01,  ..., 6.7918e-01,
           3.4790e-01, 3.3757e-01],
          ...,
          [5.1049e-02, 1.8237e-01, 3.0653e-01,  ..., 4.9851e-02,
           1.0139e-01, 2.5980e-01],
          [7.1891e-01, 6.8237e-01, 4.9976e-01,  ..., 3.4594e-01,
           5.2072e-01, 7.7999e-01],
          [6.4719e-01, 9.8187e-01, 5.9006e-01,  ..., 5.2947e-02,
           4.2641e-01, 7.5973e-01]],

         ...,

         [[7.9721e-01, 6.1952e-01, 9.1406e-01,  ..., 6.5281e-01,
           6.6171e-01, 7.7695e-01],
          [9.6544e-01, 9.5656e-02, 2.6425e-01,  ..., 7.3345e-02,
           4.5345e-01, 5.1405e-01],
          [9.3153e-01, 8.8968e-01, 9.2831e-01,  ..., 6.6689e-01,
           8.5894e-01, 9.8026e-01],
          ...,
          [9.0742e-01, 6.7210e-01, 8.7774e-01,  ..., 3.7047e-01,
           6.6605e-01, 2.7108e-02],
          [4.1316e-01, 5.5617e-01, 9.5843e-01,  ..., 8.9000e-01,
           3.2680e-01, 4.4239e-01],
          [2.7857e-01, 5.6065e-01, 9.0012e-01,  ..., 6.0641e-01,
           4.4462e-01, 3.7647e-01]],

         [[1.0517e-01, 1.8342e-01, 1.5067e-02,  ..., 6.2150e-01,
           3.9787e-01, 7.2791e-01],
          [5.4743e-02, 5.6604e-01, 4.3304e-01,  ..., 8.3544e-01,
           7.1078e-01, 4.7852e-01],
          [4.4076e-01, 5.1071e-01, 6.9714e-01,  ..., 2.6843e-01,
           4.4216e-01, 1.4461e-01],
          ...,
          [1.0400e-01, 9.0057e-01, 9.5586e-01,  ..., 8.2269e-01,
           3.7030e-02, 9.8412e-01],
          [5.1884e-01, 5.2862e-01, 4.9301e-02,  ..., 6.5781e-01,
           8.8052e-01, 5.8775e-01],
          [5.6083e-01, 1.1757e-01, 6.3868e-02,  ..., 1.9083e-01,
           8.3979e-01, 8.7320e-01]],

         [[6.6514e-01, 8.8278e-01, 6.6643e-01,  ..., 3.8873e-01,
           4.6319e-01, 5.7356e-01],
          [3.9499e-01, 5.6246e-01, 8.5421e-01,  ..., 6.1476e-02,
           4.6457e-01, 9.7402e-01],
          [2.6089e-01, 8.0522e-01, 5.6878e-01,  ..., 3.4115e-02,
           1.5004e-01, 5.3485e-01],
          ...,
          [2.2182e-01, 4.7476e-01, 1.1207e-01,  ..., 3.9284e-01,
           1.1274e-02, 7.0651e-01],
          [8.8920e-01, 4.0868e-01, 4.9200e-01,  ..., 9.6608e-01,
           5.7720e-01, 5.2219e-01],
          [8.3895e-01, 3.9561e-01, 1.0661e-01,  ..., 3.5953e-01,
           8.8083e-01, 3.2854e-01]]],


        ...,


        [[[5.1139e-01, 6.4069e-01, 4.7210e-01,  ..., 7.0926e-01,
           2.7045e-01, 3.9365e-01],
          [9.6790e-01, 2.7122e-01, 4.4256e-01,  ..., 8.4662e-01,
           8.1414e-02, 6.5962e-01],
          [4.0809e-01, 8.1132e-01, 9.6512e-01,  ..., 2.2272e-01,
           8.0337e-01, 5.6479e-01],
          ...,
          [6.4316e-02, 6.9894e-01, 6.8662e-01,  ..., 7.4678e-02,
           1.6807e-01, 2.7380e-01],
          [5.7298e-01, 8.7446e-01, 3.1688e-02,  ..., 3.8871e-01,
           1.6247e-02, 2.9272e-01],
          [7.8201e-01, 1.8238e-01, 4.2844e-01,  ..., 3.9414e-01,
           1.5993e-01, 2.8986e-01]],

         [[2.5524e-01, 2.3962e-02, 7.1430e-01,  ..., 9.6177e-01,
           4.1013e-01, 3.0844e-01],
          [2.3613e-01, 1.2144e-01, 4.6564e-01,  ..., 4.5527e-01,
           1.5777e-01, 3.1069e-01],
          [6.3174e-01, 5.0415e-02, 5.1237e-01,  ..., 4.9774e-01,
           4.0337e-01, 5.2440e-01],
          ...,
          [3.0795e-01, 4.4564e-01, 7.7229e-01,  ..., 8.1282e-01,
           4.0417e-01, 4.2859e-01],
          [6.1646e-01, 4.3931e-01, 5.3779e-01,  ..., 8.4771e-01,
           1.2746e-01, 1.6559e-01],
          [3.0995e-01, 6.3944e-01, 8.1432e-01,  ..., 6.1612e-01,
           6.5706e-01, 3.3393e-02]],

         [[9.9053e-01, 8.1878e-01, 2.8304e-01,  ..., 1.7594e-01,
           3.1921e-01, 9.6284e-01],
          [2.3348e-01, 4.0572e-01, 9.2061e-01,  ..., 2.9570e-01,
           5.5894e-01, 7.3416e-01],
          [3.4915e-03, 9.6228e-01, 3.1327e-01,  ..., 2.1915e-01,
           6.4095e-01, 4.3049e-01],
          ...,
          [6.6777e-01, 3.2208e-01, 4.4431e-01,  ..., 6.0385e-01,
           5.2623e-01, 8.8615e-01],
          [5.3449e-01, 6.6744e-02, 3.9576e-01,  ..., 5.4733e-01,
           1.2321e-01, 3.6428e-01],
          [7.8719e-01, 3.3029e-01, 8.7805e-01,  ..., 1.4055e-02,
           6.1937e-01, 9.5395e-01]],

         ...,

         [[9.1833e-01, 2.3732e-01, 9.2171e-01,  ..., 4.5108e-01,
           5.5961e-01, 8.0711e-01],
          [5.6021e-01, 4.5924e-01, 4.8781e-01,  ..., 1.5580e-01,
           9.4247e-01, 1.1873e-01],
          [1.5797e-01, 2.5463e-02, 9.1461e-02,  ..., 9.1167e-01,
           1.8036e-01, 4.7427e-01],
          ...,
          [6.3537e-01, 8.7594e-01, 4.8434e-01,  ..., 7.5036e-01,
           1.4337e-01, 6.1871e-01],
          [5.4599e-01, 3.6598e-02, 9.8769e-01,  ..., 4.2821e-01,
           8.7477e-01, 7.7445e-01],
          [1.9337e-01, 7.8189e-01, 3.2577e-01,  ..., 8.7211e-01,
           7.8473e-01, 9.3402e-01]],

         [[8.1161e-01, 5.0934e-01, 9.9908e-01,  ..., 1.4135e-01,
           5.7993e-01, 4.3365e-01],
          [5.7337e-01, 2.4131e-01, 4.8664e-01,  ..., 5.0915e-01,
           1.5781e-01, 9.8768e-01],
          [3.3606e-01, 9.2130e-01, 2.3780e-02,  ..., 6.2845e-01,
           3.8359e-01, 5.4996e-01],
          ...,
          [1.2631e-01, 9.0664e-01, 5.6960e-01,  ..., 9.3764e-01,
           7.3729e-01, 3.5573e-01],
          [8.9390e-01, 6.5079e-02, 8.7524e-01,  ..., 4.7033e-01,
           6.9838e-02, 7.0043e-01],
          [1.9659e-01, 8.2500e-01, 6.5096e-01,  ..., 7.9564e-02,
           6.4615e-01, 4.2609e-01]],

         [[6.8950e-02, 1.2747e-01, 2.3430e-01,  ..., 5.8777e-01,
           9.3121e-01, 3.6952e-01],
          [3.2257e-01, 4.5273e-01, 3.7573e-01,  ..., 9.2024e-01,
           4.5619e-01, 6.3226e-01],
          [7.8587e-01, 5.1729e-01, 6.5261e-02,  ..., 4.2001e-01,
           2.5559e-01, 5.8446e-01],
          ...,
          [3.2244e-01, 8.1739e-01, 8.1180e-02,  ..., 2.2042e-01,
           3.3683e-01, 7.7784e-01],
          [4.6786e-01, 9.7556e-01, 2.6453e-01,  ..., 8.4536e-02,
           9.8227e-01, 5.5101e-01],
          [7.1454e-01, 4.4427e-01, 9.4896e-01,  ..., 4.1559e-01,
           4.3918e-01, 7.9860e-01]]],


        [[[3.3290e-01, 9.4473e-02, 8.1629e-01,  ..., 2.5913e-01,
           9.9679e-01, 2.4764e-01],
          [4.1681e-01, 3.6796e-01, 1.7933e-01,  ..., 1.2426e-01,
           7.9921e-01, 9.4978e-01],
          [5.4560e-03, 6.0788e-01, 1.5698e-02,  ..., 2.8038e-01,
           3.5347e-01, 1.5883e-01],
          ...,
          [7.1966e-01, 6.8407e-01, 2.7173e-01,  ..., 6.4699e-01,
           6.9859e-01, 7.1483e-01],
          [9.6258e-01, 3.1580e-01, 2.2753e-01,  ..., 8.5283e-01,
           7.3040e-01, 2.2830e-01],
          [9.7265e-01, 1.7693e-01, 2.9930e-01,  ..., 8.3167e-02,
           2.6293e-01, 4.9639e-01]],

         [[5.1143e-01, 5.9828e-01, 3.0999e-01,  ..., 1.1868e-01,
           4.3007e-01, 4.5033e-01],
          [1.1058e-01, 2.1209e-01, 7.4805e-01,  ..., 2.0635e-01,
           6.8673e-01, 8.2114e-01],
          [7.3814e-01, 8.2061e-01, 9.2993e-03,  ..., 7.1345e-01,
           1.5082e-01, 4.6669e-01],
          ...,
          [9.0200e-01, 5.8258e-01, 4.5104e-01,  ..., 8.3239e-01,
           8.1314e-01, 9.3962e-01],
          [9.3433e-01, 2.5111e-01, 6.3717e-01,  ..., 7.1295e-01,
           8.9991e-01, 1.1393e-01],
          [2.3377e-01, 1.1471e-01, 6.5655e-01,  ..., 2.3829e-01,
           6.6721e-01, 8.6041e-01]],

         [[5.5750e-01, 6.4405e-01, 7.3418e-01,  ..., 9.2838e-01,
           4.6800e-01, 4.7001e-01],
          [8.0969e-01, 7.7521e-01, 8.2555e-01,  ..., 2.2290e-01,
           3.2585e-01, 1.2963e-01],
          [1.2796e-01, 4.4939e-01, 3.8950e-01,  ..., 6.7739e-01,
           2.8000e-01, 3.4687e-01],
          ...,
          [5.3698e-01, 5.6985e-01, 6.1645e-02,  ..., 7.3821e-02,
           8.3063e-01, 4.2140e-01],
          [5.6227e-01, 6.8501e-02, 6.7608e-01,  ..., 7.4826e-01,
           8.1021e-02, 4.5154e-01],
          [2.2003e-01, 1.1674e-01, 8.0634e-01,  ..., 1.9976e-01,
           7.4775e-01, 5.6044e-01]],

         ...,

         [[6.1762e-01, 9.9523e-01, 7.8399e-01,  ..., 3.9867e-02,
           1.5503e-01, 2.0853e-01],
          [5.2806e-01, 4.8714e-01, 6.1300e-01,  ..., 4.2423e-01,
           4.8395e-01, 3.4300e-01],
          [2.4356e-01, 2.5442e-01, 3.7565e-01,  ..., 3.0988e-01,
           6.7399e-01, 8.9462e-02],
          ...,
          [3.2471e-01, 1.0230e-01, 9.0683e-01,  ..., 3.8469e-01,
           8.0900e-01, 3.5604e-01],
          [3.2500e-01, 1.2832e-01, 3.9080e-02,  ..., 9.1705e-01,
           7.9939e-01, 8.7409e-01],
          [5.0986e-02, 7.3920e-01, 2.9151e-01,  ..., 1.1129e-02,
           7.7965e-01, 6.9559e-01]],

         [[8.3302e-01, 3.8149e-01, 3.7851e-01,  ..., 4.2045e-01,
           2.5600e-01, 2.6536e-01],
          [4.2208e-01, 6.8507e-02, 5.6098e-02,  ..., 2.9538e-01,
           5.1561e-03, 6.9132e-01],
          [6.7814e-01, 6.6879e-01, 8.6821e-01,  ..., 9.6278e-03,
           8.5783e-01, 4.3790e-01],
          ...,
          [9.4087e-01, 3.7445e-02, 3.3536e-01,  ..., 3.0661e-01,
           3.0387e-02, 9.4177e-01],
          [3.3564e-01, 7.0473e-01, 8.8728e-01,  ..., 7.8177e-02,
           4.2793e-01, 3.8750e-01],
          [7.3044e-01, 4.1421e-01, 3.2414e-01,  ..., 6.6798e-01,
           6.2056e-01, 6.8694e-01]],

         [[5.1754e-01, 5.7679e-03, 3.0140e-01,  ..., 4.9921e-01,
           3.9900e-02, 7.9358e-01],
          [3.1676e-01, 4.9333e-01, 4.9665e-01,  ..., 8.2156e-01,
           7.9022e-01, 4.6176e-01],
          [2.9170e-01, 4.1283e-01, 4.5648e-01,  ..., 2.7453e-01,
           7.3966e-01, 1.9233e-01],
          ...,
          [1.0799e-01, 7.5653e-02, 3.7344e-01,  ..., 8.2984e-01,
           9.1553e-01, 2.4483e-01],
          [7.3696e-01, 1.1427e-01, 6.2847e-01,  ..., 5.3169e-01,
           7.7750e-01, 1.9691e-01],
          [3.5202e-01, 1.9425e-01, 6.3607e-02,  ..., 7.5750e-01,
           7.2993e-01, 5.2716e-01]]],


        [[[3.0924e-02, 8.2780e-01, 9.9793e-01,  ..., 3.0919e-01,
           4.3344e-01, 5.2420e-01],
          [4.7778e-01, 2.7488e-01, 6.0769e-01,  ..., 5.5401e-01,
           3.3789e-01, 1.2716e-01],
          [2.6539e-01, 9.1055e-01, 6.5872e-01,  ..., 2.0011e-01,
           4.7984e-01, 5.2783e-01],
          ...,
          [3.8672e-01, 7.9714e-01, 5.2074e-01,  ..., 4.9691e-01,
           8.8670e-01, 1.0696e-01],
          [2.5040e-01, 9.9929e-01, 8.8576e-01,  ..., 6.2362e-01,
           4.1723e-04, 5.6058e-01],
          [9.7598e-01, 9.3131e-01, 9.0112e-01,  ..., 9.8827e-01,
           6.5152e-01, 7.8157e-01]],

         [[9.9722e-01, 2.0216e-01, 1.2614e-01,  ..., 3.6938e-01,
           8.9108e-01, 9.9697e-01],
          [8.9269e-01, 3.7050e-01, 6.4418e-01,  ..., 2.9867e-01,
           5.0840e-02, 2.9092e-01],
          [6.5058e-02, 7.4829e-01, 4.5282e-01,  ..., 4.4438e-01,
           7.0136e-01, 2.3989e-02],
          ...,
          [4.7527e-01, 2.2701e-02, 5.2189e-01,  ..., 4.5609e-01,
           5.6190e-01, 8.3469e-02],
          [1.5679e-02, 1.7612e-01, 8.7960e-01,  ..., 9.1834e-01,
           7.7418e-01, 3.9047e-01],
          [5.8343e-01, 2.6132e-01, 3.9090e-01,  ..., 1.0817e-01,
           8.8892e-02, 3.7943e-01]],

         [[8.6173e-01, 2.0984e-01, 5.9118e-01,  ..., 4.9337e-01,
           9.7221e-01, 3.6210e-01],
          [4.4983e-01, 4.4226e-01, 3.1673e-01,  ..., 9.9965e-03,
           3.6727e-02, 3.4381e-01],
          [2.1032e-01, 7.8206e-01, 4.4424e-01,  ..., 9.9114e-01,
           7.7543e-01, 9.7225e-01],
          ...,
          [7.3987e-01, 8.2247e-01, 4.8617e-01,  ..., 8.0871e-01,
           7.8164e-01, 6.2792e-01],
          [8.5235e-01, 6.7066e-01, 6.4763e-01,  ..., 7.2084e-01,
           5.9193e-01, 4.5536e-02],
          [7.3990e-01, 3.0382e-01, 8.2647e-01,  ..., 1.7953e-01,
           9.1192e-01, 7.2755e-01]],

         ...,

         [[7.5746e-01, 9.0425e-03, 5.4252e-01,  ..., 4.2235e-01,
           7.3673e-01, 4.3978e-01],
          [1.7341e-01, 2.4374e-01, 9.6409e-01,  ..., 4.0945e-01,
           7.9948e-01, 7.1706e-01],
          [3.4850e-02, 4.5439e-01, 9.9393e-02,  ..., 8.4446e-01,
           2.1272e-01, 2.9254e-01],
          ...,
          [4.8767e-01, 6.8465e-01, 6.1660e-01,  ..., 2.7777e-01,
           2.2820e-01, 4.6992e-01],
          [3.7594e-01, 4.1663e-01, 8.0000e-01,  ..., 1.8100e-01,
           6.2877e-01, 9.9267e-01],
          [6.5611e-01, 6.0210e-01, 4.0160e-01,  ..., 4.8638e-01,
           4.4747e-01, 2.8281e-01]],

         [[6.0778e-02, 9.9313e-01, 2.5016e-01,  ..., 9.2104e-01,
           6.7990e-01, 8.2114e-02],
          [5.3692e-01, 8.5062e-01, 2.4627e-01,  ..., 7.3044e-01,
           3.2985e-02, 8.3072e-01],
          [5.4182e-01, 4.5892e-01, 3.7904e-01,  ..., 8.1583e-01,
           7.7633e-01, 4.6912e-01],
          ...,
          [4.0796e-01, 2.9560e-01, 8.1218e-01,  ..., 8.2489e-01,
           2.7908e-01, 6.5425e-01],
          [1.8171e-01, 9.1639e-01, 2.7174e-01,  ..., 6.2841e-01,
           3.1247e-01, 1.8582e-01],
          [7.5419e-01, 2.3393e-01, 2.5215e-01,  ..., 7.7333e-01,
           8.3086e-01, 6.1479e-01]],

         [[2.1609e-01, 1.7837e-01, 5.0466e-01,  ..., 3.2785e-01,
           8.8276e-01, 1.2822e-02],
          [2.2455e-01, 2.7633e-01, 3.6658e-01,  ..., 7.2810e-01,
           7.3028e-01, 1.6871e-01],
          [3.5333e-01, 8.3563e-01, 5.3559e-01,  ..., 8.3460e-01,
           2.7534e-01, 9.4625e-01],
          ...,
          [1.5831e-04, 7.3356e-01, 8.4980e-01,  ..., 2.4498e-01,
           5.1629e-01, 3.2096e-01],
          [5.3995e-01, 9.1215e-01, 7.1184e-01,  ..., 8.7966e-01,
           3.2259e-01, 7.7678e-01],
          [5.4848e-02, 3.8916e-01, 3.5083e-02,  ..., 3.4745e-01,
           1.6799e-01, 5.2868e-01]]]])
