tensor([[[[0.2424, 0.3231, 0.5242,  ..., 0.5045, 0.6915, 0.3334],
          [0.1210, 0.7712, 0.4628,  ..., 0.8797, 0.3178, 0.7207],
          [0.0088, 0.3613, 0.7308,  ..., 0.2451, 0.2267, 0.2829],
          ...,
          [0.2224, 0.6633, 0.1280,  ..., 0.5012, 0.9579, 0.0324],
          [0.0404, 0.7855, 0.5390,  ..., 0.0935, 0.6936, 0.6430],
          [0.0794, 0.1829, 0.1155,  ..., 0.8295, 0.1055, 0.0437]],

         [[0.5646, 0.2541, 0.8374,  ..., 0.6159, 0.8274, 0.3616],
          [0.1016, 0.8155, 0.2137,  ..., 0.3201, 0.2640, 0.9660],
          [0.8032, 0.3527, 0.4031,  ..., 0.9309, 0.9891, 0.5491],
          ...,
          [0.6289, 0.5304, 0.3709,  ..., 0.5558, 0.4942, 0.3726],
          [0.2799, 0.2670, 0.5019,  ..., 0.9772, 0.1750, 0.3743],
          [0.1486, 0.4432, 0.0616,  ..., 0.8087, 0.2973, 0.7191]],

         [[0.2517, 0.8968, 0.9932,  ..., 0.0847, 0.5536, 0.0839],
          [0.8935, 0.9803, 0.6787,  ..., 0.0415, 0.4596, 0.9050],
          [0.5758, 0.6246, 0.9736,  ..., 0.3444, 0.1596, 0.6793],
          ...,
          [0.4483, 0.6527, 0.2874,  ..., 0.1559, 0.4375, 0.6084],
          [0.8834, 0.2103, 0.6934,  ..., 0.0024, 0.9476, 0.9205],
          [0.8302, 0.5849, 0.1051,  ..., 0.6339, 0.4942, 0.0903]],

         ...,

         [[0.0355, 0.1748, 0.0306,  ..., 0.6477, 0.6688, 0.5603],
          [0.2970, 0.2091, 0.2189,  ..., 0.2489, 0.0780, 0.2493],
          [0.4284, 0.3054, 0.1330,  ..., 0.3014, 0.5352, 0.3752],
          ...,
          [0.5227, 0.8169, 0.5310,  ..., 0.4247, 0.5378, 0.3895],
          [0.5638, 0.7729, 0.4461,  ..., 0.3910, 0.9529, 0.8756],
          [0.6488, 0.2375, 0.5156,  ..., 0.1091, 0.7881, 0.4202]],

         [[0.9856, 0.2468, 0.3267,  ..., 0.1807, 0.7326, 0.1439],
          [0.3128, 0.1796, 0.0436,  ..., 0.0833, 0.3335, 0.1517],
          [0.4383, 0.6924, 0.0611,  ..., 0.6018, 0.9730, 0.0055],
          ...,
          [0.9804, 0.1960, 0.6974,  ..., 0.8256, 0.9770, 0.0421],
          [0.2619, 0.1249, 0.4725,  ..., 0.3628, 0.7530, 0.0379],
          [0.6870, 0.6723, 0.3895,  ..., 0.7279, 0.3962, 0.1584]],

         [[0.1270, 0.5835, 0.5222,  ..., 0.9765, 0.4002, 0.0344],
          [0.5472, 0.6654, 0.9642,  ..., 0.5365, 0.3586, 0.7203],
          [0.4086, 0.3198, 0.7089,  ..., 0.3836, 0.3389, 0.0237],
          ...,
          [0.5553, 0.2331, 0.8833,  ..., 0.2071, 0.2336, 0.8354],
          [0.0229, 0.7031, 0.3287,  ..., 0.3930, 0.5424, 0.1773],
          [0.1521, 0.2894, 0.1076,  ..., 0.1170, 0.7337, 0.9304]]],


        [[[0.0109, 0.9646, 0.7496,  ..., 0.0255, 0.8697, 0.1030],
          [0.9614, 0.1210, 0.4129,  ..., 0.0562, 0.5840, 0.8871],
          [0.8341, 0.6625, 0.8518,  ..., 0.7863, 0.2383, 0.8418],
          ...,
          [0.8034, 0.7135, 0.3444,  ..., 0.7516, 0.0705, 0.3925],
          [0.3713, 0.5526, 0.5857,  ..., 0.9931, 0.3811, 0.0499],
          [0.4300, 0.1785, 0.6419,  ..., 0.3295, 0.9108, 0.0145]],

         [[0.5339, 0.6919, 0.7250,  ..., 0.5534, 0.9926, 0.2513],
          [0.5335, 0.5371, 0.5894,  ..., 0.5458, 0.0787, 0.1226],
          [0.6802, 0.6438, 0.6999,  ..., 0.2472, 0.8866, 0.2598],
          ...,
          [0.7157, 0.0922, 0.3501,  ..., 0.8907, 0.7112, 0.7242],
          [0.4326, 0.0093, 0.6092,  ..., 0.8549, 0.3826, 0.9953],
          [0.7625, 0.5045, 0.3516,  ..., 0.2697, 0.8131, 0.1023]],

         [[0.9292, 0.5725, 0.8439,  ..., 0.0837, 0.4299, 0.8033],
          [0.6891, 0.7782, 0.9464,  ..., 0.9766, 0.2234, 0.0547],
          [0.5225, 0.1717, 0.4840,  ..., 0.2478, 0.0737, 0.0302],
          ...,
          [0.9113, 0.1953, 0.9816,  ..., 0.7547, 0.3043, 0.6286],
          [0.9194, 0.2285, 0.4544,  ..., 0.8103, 0.0514, 0.8890],
          [0.1431, 0.5423, 0.9079,  ..., 0.1478, 0.3556, 0.5382]],

         ...,

         [[0.4115, 0.6174, 0.0940,  ..., 0.0449, 0.7687, 0.6448],
          [0.4271, 0.6757, 0.9211,  ..., 0.1600, 0.8254, 0.8926],
          [0.4416, 0.6765, 0.8696,  ..., 0.3029, 0.7971, 0.5579],
          ...,
          [0.5760, 0.6312, 0.0619,  ..., 0.6943, 0.3601, 0.6960],
          [0.8740, 0.9094, 0.6347,  ..., 0.4327, 0.5904, 0.0347],
          [0.9942, 0.7898, 0.6222,  ..., 0.9868, 0.8867, 0.6856]],

         [[0.9637, 0.2620, 0.9626,  ..., 0.9681, 0.5478, 0.4773],
          [0.3257, 0.5002, 0.6502,  ..., 0.4715, 0.5511, 0.2851],
          [0.1000, 0.0849, 0.4156,  ..., 0.0368, 0.5878, 0.7578],
          ...,
          [0.5396, 0.0977, 0.1944,  ..., 0.4565, 0.9270, 0.8820],
          [0.1970, 0.5491, 0.5419,  ..., 0.1813, 0.0858, 0.9132],
          [0.2061, 0.9996, 0.2520,  ..., 0.7249, 0.1358, 0.1947]],

         [[0.4669, 0.6511, 0.5586,  ..., 0.5243, 0.9883, 0.8831],
          [0.4391, 0.8783, 0.2466,  ..., 0.2619, 0.7110, 0.4464],
          [0.6444, 0.0112, 0.5657,  ..., 0.4858, 0.5649, 0.6480],
          ...,
          [0.6716, 0.0693, 0.1807,  ..., 0.0607, 0.6970, 0.9113],
          [0.4136, 0.7385, 0.5913,  ..., 0.2212, 0.4940, 0.9842],
          [0.2138, 0.5764, 0.4753,  ..., 0.8668, 0.9077, 0.7713]]],


        [[[0.7531, 0.0031, 0.2293,  ..., 0.2131, 0.4816, 0.3785],
          [0.9898, 0.1097, 0.9581,  ..., 0.3221, 0.6138, 0.8213],
          [0.7772, 0.6427, 0.3609,  ..., 0.3656, 0.5498, 0.2373],
          ...,
          [0.4249, 0.7849, 0.8311,  ..., 0.5808, 0.2357, 0.6773],
          [0.5971, 0.0820, 0.3689,  ..., 0.6156, 0.6328, 0.5311],
          [0.7092, 0.4730, 0.1095,  ..., 0.2367, 0.5518, 0.9973]],

         [[0.8754, 0.3110, 0.4696,  ..., 0.2401, 0.4378, 0.4725],
          [0.5041, 0.4417, 0.0825,  ..., 0.2492, 0.1988, 0.1470],
          [0.9254, 0.7930, 0.0162,  ..., 0.1776, 0.3993, 0.1498],
          ...,
          [0.6760, 0.8420, 0.0748,  ..., 0.9999, 0.2158, 0.0353],
          [0.7147, 0.0986, 0.7395,  ..., 0.7112, 0.7726, 0.4368],
          [0.6234, 0.0497, 0.8966,  ..., 0.4967, 0.3146, 0.5612]],

         [[0.2687, 0.5186, 0.6774,  ..., 0.7740, 0.6120, 0.3306],
          [0.9530, 0.3489, 0.4383,  ..., 0.5077, 0.2063, 0.9642],
          [0.5495, 0.0299, 0.1593,  ..., 0.0409, 0.4896, 0.6056],
          ...,
          [0.0472, 0.0846, 0.2799,  ..., 0.0380, 0.9132, 0.6495],
          [0.2079, 0.3843, 0.6818,  ..., 0.0136, 0.2515, 0.2253],
          [0.3371, 0.2433, 0.1256,  ..., 0.3485, 0.7081, 0.7981]],

         ...,

         [[0.3743, 0.7437, 0.5046,  ..., 0.0248, 0.0990, 0.5354],
          [0.6662, 0.1858, 0.5103,  ..., 0.5543, 0.9146, 0.4611],
          [0.4563, 0.1865, 0.6664,  ..., 0.8582, 0.3350, 0.2938],
          ...,
          [0.8827, 0.5749, 0.0294,  ..., 0.7272, 0.3560, 0.6780],
          [0.4466, 0.6465, 0.6948,  ..., 0.0888, 0.6766, 0.6402],
          [0.6726, 0.7299, 0.7409,  ..., 0.5580, 0.0824, 0.6455]],

         [[0.1919, 0.7856, 0.1896,  ..., 0.1211, 0.0265, 0.7498],
          [0.4485, 0.6306, 0.4686,  ..., 0.9213, 0.4988, 0.8271],
          [0.4783, 0.3576, 0.2835,  ..., 0.4910, 0.9731, 0.6621],
          ...,
          [0.8255, 0.8080, 0.1379,  ..., 0.7309, 0.9909, 0.2128],
          [0.8663, 0.0873, 0.1523,  ..., 0.4745, 0.5444, 0.3246],
          [0.9485, 0.2186, 0.0415,  ..., 0.5179, 0.3046, 0.3478]],

         [[0.2171, 0.8611, 0.0670,  ..., 0.7148, 0.5924, 0.3600],
          [0.8270, 0.8703, 0.2268,  ..., 0.9335, 0.3696, 0.1630],
          [0.2130, 0.0720, 0.8189,  ..., 0.6863, 0.3856, 0.3066],
          ...,
          [0.3994, 0.0926, 0.7428,  ..., 0.8670, 0.7426, 0.5592],
          [0.2062, 0.6626, 0.3611,  ..., 0.8304, 0.0402, 0.3599],
          [0.6273, 0.4482, 0.8186,  ..., 0.5976, 0.9055, 0.9258]]],


        ...,


        [[[0.6312, 0.5958, 0.4384,  ..., 0.9742, 0.4969, 0.5448],
          [0.2283, 0.5524, 0.1526,  ..., 0.1658, 0.9883, 0.8465],
          [0.2410, 0.4839, 0.3970,  ..., 0.1110, 0.5082, 0.9355],
          ...,
          [0.5928, 0.1009, 0.7689,  ..., 0.4087, 0.5651, 0.4508],
          [0.1427, 0.7068, 0.5084,  ..., 0.7939, 0.5389, 0.5627],
          [0.9133, 0.6556, 0.9127,  ..., 0.1768, 0.3472, 0.7050]],

         [[0.2145, 0.0050, 0.1489,  ..., 0.6666, 0.2612, 0.4595],
          [0.0316, 0.3262, 0.1807,  ..., 0.8151, 0.1468, 0.9819],
          [0.9536, 0.9734, 0.4138,  ..., 0.7622, 0.4482, 0.9795],
          ...,
          [0.0805, 0.4311, 0.7336,  ..., 0.5354, 0.8224, 0.3727],
          [0.7283, 0.3681, 0.4293,  ..., 0.6326, 0.8332, 0.0991],
          [0.2897, 0.6610, 0.8388,  ..., 0.1407, 0.0324, 0.4576]],

         [[0.4432, 0.3868, 0.1311,  ..., 0.6148, 0.6112, 0.6006],
          [0.8530, 0.6211, 0.7543,  ..., 0.6079, 0.1552, 0.2813],
          [0.3213, 0.4187, 0.5234,  ..., 0.9513, 0.9293, 0.9143],
          ...,
          [0.8518, 0.2035, 0.7293,  ..., 0.9872, 0.3392, 0.0200],
          [0.0716, 0.0581, 0.1229,  ..., 0.4672, 0.7601, 0.4980],
          [0.9715, 0.3497, 0.2486,  ..., 0.5138, 0.6426, 0.8127]],

         ...,

         [[0.5103, 0.3521, 0.7551,  ..., 0.4019, 0.1411, 0.6449],
          [0.7753, 0.9796, 0.9803,  ..., 0.2153, 0.4667, 0.7437],
          [0.2465, 0.6659, 0.9141,  ..., 0.0236, 0.6091, 0.5480],
          ...,
          [0.7581, 0.4807, 0.3457,  ..., 0.9838, 0.9949, 0.1672],
          [0.3204, 0.9491, 0.3879,  ..., 0.8047, 0.5216, 0.1203],
          [0.7071, 0.7901, 0.6155,  ..., 0.5638, 0.1735, 0.9611]],

         [[0.2877, 0.0886, 0.9095,  ..., 0.5947, 0.4047, 0.7413],
          [0.3348, 0.1874, 0.7822,  ..., 0.9019, 0.0593, 0.7227],
          [0.9861, 0.8080, 0.4901,  ..., 0.0633, 0.8901, 0.8752],
          ...,
          [0.5864, 0.8359, 0.5845,  ..., 0.7153, 0.0387, 0.2156],
          [0.3384, 0.6262, 0.7425,  ..., 0.7609, 0.0085, 0.1347],
          [0.3828, 0.5913, 0.8639,  ..., 0.0446, 0.4078, 0.0602]],

         [[0.4282, 0.5698, 0.1503,  ..., 0.9098, 0.1302, 0.2169],
          [0.4168, 0.7096, 0.2438,  ..., 0.2237, 0.1926, 0.0667],
          [0.0319, 0.2892, 0.7326,  ..., 0.4889, 0.4823, 0.0916],
          ...,
          [0.0641, 0.8153, 0.3328,  ..., 0.4897, 0.5628, 0.1905],
          [0.9986, 0.3388, 0.2529,  ..., 0.4654, 0.7318, 0.8243],
          [0.1011, 0.4898, 0.9699,  ..., 0.3173, 0.2204, 0.4595]]],


        [[[0.6372, 0.5456, 0.9427,  ..., 0.1282, 0.9232, 0.4490],
          [0.8661, 0.7103, 0.9846,  ..., 0.8473, 0.5193, 0.9568],
          [0.2096, 0.2150, 0.5960,  ..., 0.4705, 0.9341, 0.3228],
          ...,
          [0.7604, 0.1520, 0.8700,  ..., 0.8908, 0.3472, 0.1366],
          [0.8197, 0.4275, 0.2080,  ..., 0.2465, 0.0947, 0.5316],
          [0.1495, 0.3527, 0.5839,  ..., 0.7580, 0.7928, 0.2972]],

         [[0.6285, 0.7125, 0.5958,  ..., 0.0788, 0.5864, 0.8424],
          [0.5527, 0.2622, 0.1929,  ..., 0.0546, 0.3449, 0.9652],
          [0.2371, 0.3371, 0.8729,  ..., 0.4042, 0.2471, 0.6426],
          ...,
          [0.7206, 0.0080, 0.3825,  ..., 0.3850, 0.3135, 0.3240],
          [0.6355, 0.5135, 0.9003,  ..., 0.8567, 0.4363, 0.7515],
          [0.9733, 0.3963, 0.7813,  ..., 0.6929, 0.2914, 0.9853]],

         [[0.0660, 0.7868, 0.2925,  ..., 0.1798, 0.9107, 0.7323],
          [0.1097, 0.6413, 0.7950,  ..., 0.4733, 0.3587, 0.6044],
          [0.6068, 0.7667, 0.4605,  ..., 0.2653, 0.2120, 0.9015],
          ...,
          [0.0893, 0.9318, 0.5985,  ..., 0.1844, 0.8284, 0.2764],
          [0.0715, 0.0314, 0.0142,  ..., 0.1332, 0.1542, 0.3256],
          [0.2186, 0.5026, 0.9186,  ..., 0.9630, 0.8338, 0.1714]],

         ...,

         [[0.4257, 0.8947, 0.7944,  ..., 0.9877, 0.2381, 0.8524],
          [0.0174, 0.7348, 0.2056,  ..., 0.5348, 0.8237, 0.2824],
          [0.0513, 0.8944, 0.0588,  ..., 0.8722, 0.1776, 0.0384],
          ...,
          [0.3301, 0.4483, 0.9487,  ..., 0.5755, 0.6942, 0.8827],
          [0.9051, 0.9403, 0.4741,  ..., 0.7751, 0.4020, 0.4340],
          [0.7786, 0.2366, 0.5434,  ..., 0.0608, 0.5048, 0.3733]],

         [[0.4782, 0.1192, 0.5953,  ..., 0.2742, 0.3109, 0.2830],
          [0.7805, 0.6308, 0.8904,  ..., 0.7607, 0.8096, 0.4576],
          [0.2495, 0.4340, 0.9412,  ..., 0.4523, 0.3355, 0.4175],
          ...,
          [0.0582, 0.0012, 0.6361,  ..., 0.1940, 0.5439, 0.3000],
          [0.8698, 0.6518, 0.9447,  ..., 0.2739, 0.1008, 0.6690],
          [0.9630, 0.2143, 0.4083,  ..., 0.9332, 0.2036, 0.2322]],

         [[0.3986, 0.3668, 0.0335,  ..., 0.3121, 0.3579, 0.9621],
          [0.1168, 0.9132, 0.5871,  ..., 0.0124, 0.9855, 0.6065],
          [0.6504, 0.1836, 0.1295,  ..., 0.8127, 0.5271, 0.0980],
          ...,
          [0.6681, 0.3165, 0.5185,  ..., 0.4051, 0.6558, 0.2397],
          [0.0550, 0.5641, 0.6534,  ..., 0.3569, 0.9120, 0.0313],
          [0.8515, 0.0289, 0.5209,  ..., 0.6421, 0.7609, 0.7892]]],


        [[[0.3528, 0.8886, 0.8285,  ..., 0.5505, 0.9880, 0.8346],
          [0.6825, 0.4097, 0.8243,  ..., 0.1545, 0.6695, 0.4796],
          [0.1103, 0.1227, 0.0949,  ..., 0.1907, 0.0967, 0.4494],
          ...,
          [0.3970, 0.6171, 0.5318,  ..., 0.3695, 0.4759, 0.1643],
          [0.4077, 0.3329, 0.2851,  ..., 0.1261, 0.5875, 0.5619],
          [0.4335, 0.6041, 0.4771,  ..., 0.0931, 0.8068, 0.3950]],

         [[0.2866, 0.4812, 0.9339,  ..., 0.9008, 0.2756, 0.2581],
          [0.6003, 0.1272, 0.8960,  ..., 0.9996, 0.7565, 0.3084],
          [0.2556, 0.5303, 0.3557,  ..., 0.8200, 0.1541, 0.6564],
          ...,
          [0.9375, 0.7647, 0.4028,  ..., 0.9874, 0.1683, 0.9007],
          [0.5372, 0.3173, 0.8679,  ..., 0.9274, 0.1738, 0.6927],
          [0.8394, 0.4353, 0.2552,  ..., 0.6407, 0.6679, 0.1496]],

         [[0.5512, 0.3694, 0.0950,  ..., 0.4183, 0.9841, 0.1557],
          [0.0568, 0.5154, 0.2066,  ..., 0.9399, 0.1025, 0.5694],
          [0.8469, 0.6961, 0.8036,  ..., 0.9216, 0.0841, 0.9985],
          ...,
          [0.7957, 0.1959, 0.4202,  ..., 0.2324, 0.5217, 0.9734],
          [0.0454, 0.6555, 0.2731,  ..., 0.6755, 0.0512, 0.8159],
          [0.5332, 0.2024, 0.9090,  ..., 0.9235, 0.5325, 0.2251]],

         ...,

         [[0.6174, 0.9955, 0.4958,  ..., 0.9320, 0.9960, 0.2379],
          [0.0134, 0.0452, 0.8750,  ..., 0.9562, 0.9430, 0.0975],
          [0.9442, 0.5679, 0.7928,  ..., 0.9186, 0.1859, 0.4905],
          ...,
          [0.2167, 0.3252, 0.9621,  ..., 0.9576, 0.6149, 0.5434],
          [0.8491, 0.8014, 0.0280,  ..., 0.2258, 0.5749, 0.6444],
          [0.4820, 0.2542, 0.4460,  ..., 0.4458, 0.5819, 0.0841]],

         [[0.6256, 0.4057, 0.3785,  ..., 0.8834, 0.7386, 0.5970],
          [0.5261, 0.8749, 0.4726,  ..., 0.7686, 0.9334, 0.3663],
          [0.3965, 0.8200, 0.5491,  ..., 0.7382, 0.1731, 0.8492],
          ...,
          [0.3989, 0.3953, 0.9546,  ..., 0.9692, 0.5844, 0.9449],
          [0.9212, 0.7682, 0.5338,  ..., 0.3696, 0.8126, 0.2016],
          [0.4023, 0.8869, 0.9861,  ..., 0.5574, 0.6789, 0.1945]],

         [[0.0092, 0.7607, 0.6509,  ..., 0.1428, 0.0351, 0.7033],
          [0.6108, 0.0036, 0.7290,  ..., 0.7182, 0.8934, 0.9521],
          [0.6094, 0.7528, 0.8232,  ..., 0.7881, 0.1722, 0.8261],
          ...,
          [0.0207, 0.0221, 0.5089,  ..., 0.5026, 0.2533, 0.2371],
          [0.7804, 0.4114, 0.6603,  ..., 0.4419, 0.6988, 0.4465],
          [0.0650, 0.9572, 0.5290,  ..., 0.9993, 0.2323, 0.7935]]]])
