tensor([[[[2.7374e-01, 7.8863e-01, 5.1884e-01,  ..., 3.5108e-01,
           4.0921e-01, 2.6951e-01],
          [4.9907e-01, 5.8765e-02, 3.1275e-01,  ..., 7.4307e-01,
           6.1777e-01, 9.3917e-01],
          [8.4421e-01, 7.6332e-01, 7.6489e-01,  ..., 1.7310e-01,
           7.2903e-01, 9.4191e-01],
          ...,
          [7.1435e-01, 1.2125e-01, 1.2039e-01,  ..., 2.5601e-01,
           9.3690e-01, 6.3912e-01],
          [4.1704e-01, 2.6766e-02, 4.1096e-01,  ..., 3.8048e-01,
           4.7067e-01, 7.6905e-01],
          [1.6225e-01, 3.8868e-01, 7.2959e-01,  ..., 5.5920e-01,
           4.0846e-01, 8.2839e-01]],

         [[7.8773e-01, 9.8518e-01, 7.6240e-01,  ..., 7.2730e-01,
           6.3426e-01, 7.5952e-01],
          [5.1459e-01, 4.3229e-01, 1.5343e-01,  ..., 3.0001e-01,
           2.3787e-01, 7.8165e-01],
          [7.8911e-01, 1.9535e-01, 5.8354e-01,  ..., 5.0620e-01,
           6.3192e-01, 7.8561e-01],
          ...,
          [4.0130e-01, 2.4859e-01, 2.8326e-01,  ..., 9.8831e-01,
           7.7305e-01, 8.6121e-01],
          [8.5649e-01, 2.2036e-01, 3.9764e-01,  ..., 1.9145e-03,
           1.2525e-01, 5.7571e-01],
          [9.5829e-01, 7.2770e-01, 8.1904e-01,  ..., 3.5252e-01,
           2.4743e-01, 5.2488e-01]],

         [[3.1284e-01, 8.4695e-01, 4.0899e-01,  ..., 3.4172e-01,
           8.6228e-01, 3.9304e-01],
          [6.5930e-01, 6.9109e-01, 3.4294e-01,  ..., 7.7788e-02,
           3.2154e-01, 5.9126e-01],
          [8.7142e-01, 1.6594e-01, 1.4467e-01,  ..., 9.1666e-01,
           2.7073e-01, 5.1768e-01],
          ...,
          [9.3242e-01, 7.6980e-01, 6.6722e-01,  ..., 7.4517e-01,
           6.7270e-01, 9.5732e-02],
          [2.4946e-01, 6.0755e-01, 6.9050e-01,  ..., 8.6480e-01,
           1.6132e-01, 1.7335e-01],
          [8.0102e-02, 1.8340e-01, 1.4769e-01,  ..., 4.7307e-01,
           6.4121e-01, 8.8078e-02]],

         ...,

         [[6.7277e-01, 4.3769e-03, 3.8335e-01,  ..., 5.9322e-01,
           4.2838e-01, 5.3838e-01],
          [8.1593e-01, 4.8007e-01, 3.4777e-01,  ..., 3.0547e-01,
           8.0621e-01, 5.4374e-01],
          [7.7698e-01, 9.4682e-01, 6.3789e-01,  ..., 2.9211e-01,
           4.7927e-01, 6.9606e-01],
          ...,
          [4.8315e-01, 2.9003e-01, 7.9815e-01,  ..., 5.5488e-01,
           8.1881e-01, 2.5338e-01],
          [7.0373e-01, 1.3313e-01, 1.9778e-01,  ..., 8.2385e-01,
           8.5876e-01, 1.7751e-01],
          [3.3709e-01, 4.8418e-01, 5.3713e-01,  ..., 2.3059e-01,
           2.8562e-01, 5.4074e-01]],

         [[8.7563e-01, 1.9930e-01, 5.5688e-01,  ..., 2.3534e-01,
           1.7222e-01, 3.8799e-01],
          [6.2448e-02, 3.9284e-01, 7.8868e-01,  ..., 5.6096e-01,
           8.4928e-01, 3.8746e-01],
          [3.2257e-02, 2.7967e-01, 9.7566e-01,  ..., 2.3560e-01,
           9.0409e-01, 1.4291e-01],
          ...,
          [5.5085e-01, 6.8220e-01, 9.6035e-01,  ..., 9.0920e-01,
           4.3180e-01, 5.0100e-01],
          [5.8874e-01, 5.4178e-02, 5.1766e-01,  ..., 2.0059e-01,
           2.7944e-01, 9.8991e-02],
          [6.8917e-01, 8.9705e-01, 7.6475e-01,  ..., 8.5197e-01,
           9.9828e-01, 3.5419e-02]],

         [[1.5198e-01, 4.4322e-02, 1.4044e-01,  ..., 7.2989e-01,
           2.1125e-01, 4.9727e-01],
          [7.9705e-01, 7.1003e-01, 1.4180e-01,  ..., 7.8503e-01,
           2.5261e-01, 6.6032e-01],
          [3.6889e-01, 6.0545e-01, 8.1753e-01,  ..., 8.2604e-01,
           5.0325e-01, 2.8653e-01],
          ...,
          [5.8878e-01, 6.1433e-01, 6.3302e-01,  ..., 9.8856e-01,
           1.3823e-01, 5.6901e-01],
          [5.5238e-01, 6.9468e-01, 3.1379e-01,  ..., 3.7293e-01,
           5.2145e-01, 8.7785e-01],
          [2.6085e-02, 8.8890e-01, 4.3937e-01,  ..., 9.3947e-01,
           4.3913e-01, 5.5617e-01]]],


        [[[4.5404e-01, 4.9089e-01, 1.5426e-01,  ..., 2.3314e-01,
           7.5211e-01, 4.4305e-01],
          [5.8855e-01, 7.5900e-01, 8.4471e-01,  ..., 3.7400e-01,
           2.6258e-01, 1.9192e-01],
          [4.0876e-01, 3.6878e-01, 3.7143e-01,  ..., 3.6423e-01,
           2.2665e-03, 7.5244e-01],
          ...,
          [3.5718e-01, 3.0462e-01, 7.2176e-01,  ..., 2.7528e-01,
           6.5618e-01, 9.3635e-01],
          [6.7253e-01, 9.0354e-01, 5.0490e-01,  ..., 9.8444e-01,
           4.4757e-01, 2.5402e-01],
          [1.0267e-01, 9.0102e-01, 4.0183e-02,  ..., 7.0332e-01,
           9.5863e-01, 9.8347e-02]],

         [[6.3253e-01, 8.1655e-01, 2.5156e-01,  ..., 9.2009e-01,
           1.8022e-01, 3.7112e-01],
          [4.1559e-01, 8.6846e-01, 2.6009e-01,  ..., 6.3786e-01,
           9.9037e-02, 7.4145e-01],
          [5.3986e-01, 9.4467e-01, 5.1032e-01,  ..., 8.9210e-01,
           8.7152e-01, 6.3219e-02],
          ...,
          [8.1372e-01, 6.4642e-01, 9.6007e-01,  ..., 3.3543e-01,
           2.3359e-01, 2.0138e-01],
          [3.3971e-01, 2.0441e-01, 8.3286e-01,  ..., 1.5998e-01,
           1.3189e-01, 4.4590e-01],
          [6.3675e-01, 8.2227e-01, 9.6459e-01,  ..., 4.0918e-01,
           9.7895e-01, 5.6310e-02]],

         [[8.1989e-01, 9.6459e-01, 2.0743e-01,  ..., 5.7267e-01,
           8.4919e-01, 9.6336e-01],
          [9.6285e-02, 4.7021e-02, 7.6531e-01,  ..., 1.1343e-01,
           1.6869e-01, 5.3832e-02],
          [2.5063e-01, 2.4479e-01, 5.7333e-01,  ..., 8.2926e-01,
           5.4357e-01, 5.2235e-01],
          ...,
          [9.7847e-01, 2.4155e-01, 1.2514e-01,  ..., 8.5650e-02,
           5.2297e-01, 1.5668e-01],
          [5.5238e-02, 9.5072e-01, 2.2056e-01,  ..., 2.3573e-01,
           6.0456e-01, 3.3761e-01],
          [1.1846e-01, 6.8665e-01, 5.1406e-01,  ..., 7.8962e-01,
           1.6426e-01, 4.1617e-01]],

         ...,

         [[9.1930e-01, 3.0856e-01, 5.3621e-01,  ..., 8.4851e-01,
           5.9913e-01, 2.8066e-01],
          [6.6782e-01, 3.0358e-01, 3.4996e-02,  ..., 7.9582e-01,
           5.9757e-01, 1.1280e-01],
          [4.8699e-02, 3.7860e-01, 1.8860e-01,  ..., 4.5019e-01,
           7.7592e-01, 8.6776e-01],
          ...,
          [7.3769e-01, 1.3013e-01, 1.8799e-01,  ..., 8.4186e-01,
           9.7161e-01, 4.8996e-01],
          [2.1761e-01, 8.1489e-01, 5.9629e-01,  ..., 7.3723e-01,
           7.3427e-01, 5.4745e-01],
          [6.2789e-01, 8.9202e-01, 1.6458e-01,  ..., 8.0563e-01,
           1.7176e-01, 5.2881e-02]],

         [[3.3259e-01, 9.0535e-01, 8.6602e-01,  ..., 9.1310e-01,
           1.4271e-01, 4.4484e-01],
          [8.9268e-01, 6.2564e-01, 6.5910e-01,  ..., 3.2069e-01,
           1.4713e-01, 5.2766e-01],
          [7.3748e-01, 6.2177e-01, 2.5944e-01,  ..., 2.8544e-01,
           5.6706e-01, 4.3567e-01],
          ...,
          [4.2984e-01, 5.9762e-02, 1.9085e-01,  ..., 5.8907e-01,
           4.5387e-01, 8.6434e-01],
          [6.2964e-01, 2.9952e-01, 5.2931e-01,  ..., 3.7705e-01,
           7.3324e-01, 2.2274e-02],
          [6.3327e-02, 4.6621e-01, 1.1349e-01,  ..., 8.1388e-01,
           7.9745e-01, 1.6397e-01]],

         [[3.8477e-01, 2.0110e-01, 1.5822e-01,  ..., 9.0853e-01,
           4.7871e-01, 1.1727e-01],
          [8.6921e-01, 8.3166e-01, 4.4707e-01,  ..., 9.9997e-01,
           2.0783e-01, 6.3989e-01],
          [6.4619e-01, 2.3200e-01, 9.5623e-01,  ..., 3.0152e-01,
           3.2860e-01, 8.3000e-01],
          ...,
          [1.7912e-01, 9.8383e-01, 1.0720e-01,  ..., 8.0934e-01,
           7.5603e-02, 9.9124e-02],
          [2.5835e-01, 6.7912e-01, 2.0372e-01,  ..., 4.5793e-01,
           4.0923e-01, 3.8187e-01],
          [8.4477e-01, 1.9770e-01, 4.3805e-01,  ..., 6.8379e-01,
           7.6598e-01, 6.1578e-01]]],


        [[[2.1593e-01, 8.3677e-01, 9.2580e-01,  ..., 4.1260e-01,
           7.0148e-01, 8.0992e-02],
          [1.5240e-01, 9.4599e-01, 2.3567e-01,  ..., 3.1353e-01,
           9.7153e-01, 4.0042e-01],
          [5.1580e-01, 8.6457e-01, 1.3048e-01,  ..., 6.5666e-01,
           5.5691e-01, 5.6914e-01],
          ...,
          [9.8031e-01, 1.1874e-02, 1.4405e-01,  ..., 2.6826e-01,
           4.7688e-02, 1.6933e-01],
          [7.0496e-01, 5.1670e-01, 6.6140e-01,  ..., 4.0306e-01,
           8.7545e-01, 6.5076e-01],
          [6.0373e-01, 8.5210e-01, 9.3411e-01,  ..., 3.8384e-01,
           7.1812e-01, 4.4027e-01]],

         [[5.8062e-01, 6.8694e-01, 1.9235e-01,  ..., 1.6006e-01,
           2.7935e-01, 6.1693e-01],
          [2.4209e-01, 9.4231e-01, 8.1589e-01,  ..., 3.5727e-01,
           3.1734e-01, 6.4397e-01],
          [6.9984e-01, 7.1431e-01, 4.0089e-01,  ..., 3.8768e-01,
           1.9986e-01, 7.3362e-01],
          ...,
          [9.8192e-01, 2.6171e-01, 3.2666e-02,  ..., 1.4273e-01,
           9.3781e-01, 2.5064e-01],
          [5.3182e-01, 8.9394e-01, 2.4119e-01,  ..., 5.3684e-01,
           9.0518e-01, 7.1593e-01],
          [7.0800e-01, 7.3195e-01, 5.7174e-01,  ..., 3.7072e-01,
           7.9147e-03, 6.7670e-01]],

         [[8.0630e-02, 4.2387e-02, 7.3025e-01,  ..., 3.8832e-01,
           7.1228e-04, 7.8473e-01],
          [1.7520e-02, 7.0002e-01, 2.2678e-01,  ..., 4.9994e-02,
           7.4243e-01, 5.1806e-01],
          [7.3855e-01, 6.8979e-01, 8.3113e-01,  ..., 2.2413e-01,
           2.4295e-01, 6.0275e-02],
          ...,
          [2.2225e-03, 2.3485e-02, 7.3977e-01,  ..., 7.3686e-01,
           1.0541e-02, 9.5417e-01],
          [6.9765e-01, 3.1060e-01, 8.9097e-01,  ..., 2.0024e-01,
           5.1473e-01, 6.2540e-01],
          [8.1772e-01, 2.0050e-01, 6.0384e-01,  ..., 5.1100e-01,
           8.7685e-01, 2.6759e-01]],

         ...,

         [[6.2058e-01, 9.7265e-02, 1.7632e-01,  ..., 4.8970e-01,
           6.0701e-01, 4.6470e-01],
          [5.9252e-02, 9.4612e-01, 4.4908e-01,  ..., 1.3541e-01,
           5.2299e-01, 7.6479e-01],
          [4.2964e-01, 1.3075e-03, 1.8614e-01,  ..., 7.5863e-01,
           1.7378e-01, 3.7877e-01],
          ...,
          [2.6921e-01, 3.3903e-01, 2.9768e-01,  ..., 3.1865e-01,
           3.5097e-01, 3.0127e-01],
          [4.1458e-01, 6.3012e-01, 4.0716e-01,  ..., 1.3055e-01,
           6.8499e-01, 5.7959e-01],
          [9.0716e-01, 2.7017e-01, 5.5351e-01,  ..., 2.0720e-01,
           4.9024e-01, 4.6731e-01]],

         [[8.8689e-01, 4.8902e-01, 4.6074e-01,  ..., 6.6715e-01,
           6.8804e-01, 6.8243e-01],
          [3.1009e-01, 9.2755e-01, 9.3822e-01,  ..., 2.5761e-01,
           2.1414e-01, 3.1759e-01],
          [1.9014e-01, 4.4208e-01, 9.3371e-01,  ..., 6.5761e-01,
           2.7413e-01, 4.5136e-01],
          ...,
          [6.5405e-01, 3.8322e-01, 7.2680e-01,  ..., 9.6570e-01,
           5.1214e-01, 8.9214e-01],
          [1.4923e-01, 2.8540e-01, 3.0230e-01,  ..., 9.0676e-01,
           6.0207e-01, 1.0579e-01],
          [8.7340e-01, 2.2632e-01, 9.3826e-01,  ..., 6.5081e-01,
           5.8086e-01, 2.6580e-01]],

         [[5.4695e-01, 8.5055e-01, 5.7052e-01,  ..., 2.9580e-01,
           9.0348e-01, 9.9713e-01],
          [1.2677e-01, 9.8640e-01, 6.4882e-02,  ..., 5.2690e-01,
           5.8315e-01, 5.3062e-01],
          [2.5073e-01, 5.9522e-01, 8.9362e-01,  ..., 2.8653e-01,
           2.4692e-01, 8.7480e-01],
          ...,
          [8.2330e-01, 9.5570e-01, 3.1554e-01,  ..., 9.5076e-01,
           9.1182e-01, 9.6763e-01],
          [2.1727e-01, 2.6697e-01, 4.4053e-01,  ..., 9.9407e-01,
           4.0628e-01, 4.2266e-01],
          [6.1085e-01, 3.0986e-01, 7.4313e-01,  ..., 6.0834e-01,
           5.5089e-01, 6.3823e-01]]],


        ...,


        [[[3.3825e-01, 2.6371e-01, 4.3385e-01,  ..., 1.0885e-01,
           4.7034e-01, 9.4972e-01],
          [2.4165e-01, 1.8242e-01, 6.4907e-01,  ..., 2.8774e-01,
           3.0504e-01, 7.4550e-01],
          [3.5510e-01, 7.1009e-02, 7.4203e-01,  ..., 6.6217e-01,
           7.4156e-01, 6.4248e-01],
          ...,
          [8.3072e-01, 2.7953e-01, 1.4793e-01,  ..., 2.7403e-01,
           5.7818e-01, 7.1876e-01],
          [6.7731e-01, 7.0804e-02, 1.0989e-01,  ..., 6.7327e-01,
           7.1781e-01, 1.7803e-01],
          [1.4051e-01, 6.9674e-01, 3.6400e-01,  ..., 1.7711e-01,
           2.3593e-01, 7.2810e-01]],

         [[1.6539e-01, 4.4800e-01, 9.6684e-01,  ..., 3.3759e-01,
           9.8390e-01, 7.4971e-01],
          [5.7608e-01, 3.7104e-01, 6.0727e-02,  ..., 8.1735e-01,
           4.3140e-01, 9.3565e-01],
          [8.4600e-01, 6.0973e-01, 2.8323e-01,  ..., 5.7990e-02,
           8.6136e-01, 9.4172e-01],
          ...,
          [2.7841e-01, 7.8906e-01, 6.9397e-01,  ..., 4.6913e-01,
           6.9942e-01, 9.1481e-01],
          [7.8722e-01, 1.3267e-01, 4.7747e-01,  ..., 5.9327e-01,
           6.6585e-01, 5.8513e-01],
          [9.3659e-01, 2.4124e-01, 4.5578e-01,  ..., 1.9856e-01,
           5.2062e-01, 7.0564e-02]],

         [[9.5438e-01, 1.5762e-01, 7.1558e-01,  ..., 6.4412e-01,
           8.1413e-01, 5.1800e-01],
          [9.2939e-02, 3.4845e-01, 9.9464e-01,  ..., 6.4629e-01,
           1.9481e-02, 2.0874e-01],
          [9.8036e-01, 6.8029e-01, 2.5009e-01,  ..., 6.5946e-01,
           9.3541e-01, 3.8633e-01],
          ...,
          [1.0587e-01, 7.8179e-01, 9.4207e-01,  ..., 9.8225e-01,
           1.9255e-01, 6.6206e-01],
          [9.8011e-01, 1.1932e-01, 8.7234e-01,  ..., 5.1105e-02,
           5.7591e-01, 3.2006e-01],
          [7.8697e-01, 9.5913e-01, 8.2633e-01,  ..., 7.1146e-01,
           5.9620e-02, 8.5747e-02]],

         ...,

         [[4.1956e-01, 2.5898e-01, 7.6979e-01,  ..., 4.1483e-01,
           4.9807e-01, 1.9911e-01],
          [1.1497e-01, 2.5076e-01, 6.2046e-01,  ..., 5.9721e-01,
           6.4403e-01, 3.1143e-01],
          [9.2890e-01, 7.1269e-01, 8.7276e-01,  ..., 3.2667e-02,
           2.4685e-03, 9.8084e-01],
          ...,
          [1.9877e-01, 9.2481e-01, 6.0680e-01,  ..., 2.2908e-01,
           7.4377e-01, 1.1535e-01],
          [1.9791e-01, 9.3693e-01, 6.6925e-01,  ..., 6.6929e-01,
           9.0604e-01, 9.4467e-01],
          [1.8377e-01, 2.5593e-01, 5.6203e-01,  ..., 3.8525e-01,
           9.6134e-01, 7.4757e-01]],

         [[2.0921e-01, 4.9792e-01, 2.5290e-01,  ..., 5.4354e-01,
           1.6510e-01, 7.8961e-01],
          [9.0584e-01, 1.1393e-01, 8.1145e-02,  ..., 2.3997e-01,
           1.1196e-01, 9.9040e-01],
          [5.2252e-01, 5.1572e-01, 8.3804e-01,  ..., 2.0981e-01,
           9.0012e-01, 1.0255e-01],
          ...,
          [6.5734e-01, 6.8541e-01, 6.1314e-01,  ..., 9.8964e-01,
           4.9491e-01, 5.8237e-01],
          [3.8369e-01, 7.7061e-01, 3.2443e-01,  ..., 7.9128e-02,
           5.3229e-02, 3.4649e-01],
          [5.4319e-01, 6.9527e-01, 5.8874e-01,  ..., 5.4425e-01,
           1.6903e-01, 3.5393e-01]],

         [[4.7674e-01, 5.4794e-01, 7.0341e-01,  ..., 7.0901e-01,
           8.2182e-01, 3.1203e-02],
          [2.8054e-01, 8.1232e-01, 9.6542e-01,  ..., 2.2604e-01,
           3.7348e-01, 4.3774e-01],
          [2.4350e-01, 8.7919e-03, 8.1297e-01,  ..., 1.8232e-01,
           6.1763e-01, 6.3041e-01],
          ...,
          [6.9868e-01, 1.2516e-01, 6.3747e-01,  ..., 8.1946e-01,
           1.7209e-01, 7.9092e-01],
          [3.7075e-01, 2.1427e-01, 7.6538e-01,  ..., 7.2249e-01,
           1.8746e-01, 3.7375e-01],
          [8.2859e-01, 8.9214e-01, 9.5709e-01,  ..., 5.6337e-01,
           2.6224e-01, 2.8809e-01]]],


        [[[9.6019e-01, 8.0059e-01, 5.4813e-01,  ..., 4.3883e-01,
           6.9545e-01, 2.9487e-01],
          [1.3646e-01, 6.9618e-01, 1.5334e-01,  ..., 3.5220e-01,
           3.4783e-01, 7.7024e-01],
          [2.4255e-01, 4.9222e-01, 3.6069e-01,  ..., 3.0174e-01,
           4.2766e-01, 3.4155e-01],
          ...,
          [6.7692e-01, 9.8367e-01, 7.2807e-01,  ..., 7.1518e-01,
           7.5588e-01, 8.7059e-01],
          [8.6392e-01, 9.0450e-01, 2.6114e-01,  ..., 2.4124e-01,
           8.0628e-01, 6.9957e-01],
          [2.5885e-01, 3.4276e-01, 5.8742e-01,  ..., 5.2863e-01,
           3.1285e-01, 1.1397e-01]],

         [[3.4961e-01, 6.8690e-01, 6.4678e-01,  ..., 4.4030e-01,
           8.3118e-01, 4.3784e-01],
          [6.3021e-01, 3.1108e-01, 7.4588e-01,  ..., 2.4321e-01,
           8.5640e-01, 4.1419e-01],
          [5.3881e-02, 7.6137e-01, 7.6494e-01,  ..., 4.7117e-01,
           2.1852e-01, 4.4098e-01],
          ...,
          [2.2375e-01, 8.9998e-01, 4.7911e-01,  ..., 1.6487e-01,
           7.1758e-01, 4.6837e-02],
          [5.8695e-01, 6.7414e-01, 8.0769e-01,  ..., 2.9530e-01,
           4.2583e-02, 4.7696e-01],
          [3.5204e-01, 9.4731e-01, 7.0812e-01,  ..., 9.8749e-01,
           1.5145e-01, 1.8904e-01]],

         [[7.7831e-01, 7.8440e-01, 9.2106e-01,  ..., 2.5171e-01,
           8.6352e-01, 5.4627e-01],
          [5.0274e-01, 1.6491e-01, 4.8791e-02,  ..., 8.1670e-01,
           9.1984e-01, 1.3125e-01],
          [3.2207e-01, 5.9603e-01, 4.9325e-01,  ..., 4.3246e-01,
           4.5334e-01, 1.7567e-01],
          ...,
          [1.8414e-01, 8.8747e-01, 2.8163e-01,  ..., 2.0908e-01,
           3.1993e-01, 1.5161e-01],
          [5.1288e-01, 4.3666e-01, 6.7531e-01,  ..., 3.4630e-01,
           7.0983e-01, 7.9239e-01],
          [2.8934e-01, 4.5215e-02, 8.6858e-01,  ..., 3.9301e-01,
           4.5448e-01, 5.4553e-01]],

         ...,

         [[5.4615e-01, 2.3197e-01, 8.0301e-02,  ..., 8.2038e-01,
           9.0013e-02, 5.6765e-01],
          [3.2779e-01, 4.4020e-01, 8.5902e-01,  ..., 2.5327e-02,
           9.1428e-01, 5.9555e-01],
          [7.3675e-01, 1.8925e-01, 8.6076e-01,  ..., 2.1533e-01,
           2.8969e-01, 1.4939e-01],
          ...,
          [1.6048e-02, 9.0922e-01, 1.2214e-01,  ..., 3.0976e-01,
           5.7071e-01, 6.0020e-02],
          [5.7254e-01, 4.8302e-01, 1.7516e-01,  ..., 8.6510e-01,
           6.3445e-01, 8.9819e-01],
          [1.3469e-01, 8.3883e-01, 6.4335e-01,  ..., 1.8753e-01,
           2.0808e-01, 4.6244e-01]],

         [[8.6422e-01, 7.2544e-02, 4.9200e-01,  ..., 1.4202e-01,
           2.4642e-01, 8.9129e-01],
          [4.3223e-01, 7.9560e-01, 5.6105e-01,  ..., 6.0782e-02,
           2.1915e-01, 8.5978e-01],
          [3.7383e-01, 4.5889e-01, 9.6446e-01,  ..., 3.3647e-01,
           6.5804e-01, 6.6223e-01],
          ...,
          [1.5490e-01, 9.1441e-01, 7.2981e-01,  ..., 9.3193e-01,
           4.7081e-01, 9.3104e-01],
          [7.1608e-01, 4.6441e-01, 9.3951e-01,  ..., 4.0957e-01,
           6.3247e-01, 6.1743e-01],
          [2.6792e-01, 6.5522e-01, 4.9296e-01,  ..., 6.8015e-01,
           8.5312e-01, 2.9140e-01]],

         [[3.3217e-01, 8.0606e-01, 7.8624e-01,  ..., 2.0968e-02,
           8.5488e-01, 2.5534e-01],
          [5.3921e-01, 1.7307e-01, 4.5836e-02,  ..., 5.3968e-01,
           4.5014e-01, 6.9311e-01],
          [9.4852e-01, 4.0329e-01, 5.3614e-01,  ..., 1.5984e-01,
           8.8303e-01, 5.5280e-01],
          ...,
          [3.0748e-01, 7.2422e-01, 8.4592e-01,  ..., 4.4447e-02,
           6.8350e-01, 5.3971e-02],
          [7.9316e-01, 8.4484e-01, 7.4622e-01,  ..., 1.1051e-01,
           2.7515e-01, 6.4941e-01],
          [7.0931e-01, 3.2901e-01, 8.8430e-01,  ..., 5.4487e-01,
           3.3545e-01, 9.2195e-01]]],


        [[[6.6564e-01, 9.2654e-01, 1.4458e-03,  ..., 5.0320e-01,
           3.6442e-01, 1.9073e-01],
          [3.1377e-01, 4.9067e-03, 2.8423e-01,  ..., 2.1298e-02,
           7.4911e-01, 7.7600e-01],
          [7.7421e-01, 9.8193e-02, 8.4256e-01,  ..., 7.1804e-01,
           5.1638e-02, 1.7804e-01],
          ...,
          [3.7170e-01, 1.4024e-01, 7.0469e-01,  ..., 7.1976e-01,
           1.8481e-01, 9.8125e-01],
          [7.6295e-01, 4.8460e-01, 6.5292e-01,  ..., 5.0974e-01,
           9.3396e-01, 8.4315e-01],
          [6.9211e-01, 2.2399e-01, 2.5922e-01,  ..., 4.4130e-01,
           5.1645e-01, 2.8566e-01]],

         [[5.4531e-02, 9.3945e-01, 2.1761e-01,  ..., 7.9047e-01,
           8.6189e-01, 5.0059e-01],
          [2.7094e-02, 7.0174e-02, 1.2513e-01,  ..., 1.4710e-01,
           4.9553e-01, 2.9440e-01],
          [1.2549e-01, 6.0209e-01, 9.7045e-01,  ..., 6.3429e-01,
           5.3316e-01, 9.6596e-01],
          ...,
          [2.2890e-02, 2.3532e-01, 2.2926e-01,  ..., 6.3864e-01,
           8.4958e-01, 5.8562e-01],
          [7.0248e-01, 8.6690e-01, 3.5326e-02,  ..., 7.9637e-01,
           1.9312e-01, 5.1221e-01],
          [9.9932e-01, 6.6852e-01, 4.2924e-01,  ..., 3.2258e-01,
           2.4324e-01, 6.2604e-01]],

         [[7.4187e-01, 1.0310e-01, 6.9302e-01,  ..., 1.0577e-01,
           2.7182e-01, 1.3116e-01],
          [2.3119e-01, 3.4179e-01, 4.2191e-01,  ..., 4.2177e-01,
           9.8652e-01, 5.9525e-01],
          [1.7476e-01, 7.5797e-01, 6.2789e-01,  ..., 9.1800e-01,
           1.3556e-01, 3.8308e-02],
          ...,
          [1.7066e-01, 3.4019e-01, 6.2169e-01,  ..., 7.2795e-01,
           5.1511e-01, 1.6398e-01],
          [2.0703e-01, 9.8652e-01, 2.8882e-01,  ..., 4.9948e-01,
           6.1166e-01, 4.5022e-01],
          [8.3035e-01, 3.0706e-01, 8.7485e-01,  ..., 9.4541e-01,
           7.4393e-01, 6.7604e-01]],

         ...,

         [[2.8021e-01, 8.7582e-01, 5.1537e-01,  ..., 9.3695e-01,
           5.1153e-01, 5.1749e-01],
          [6.9916e-01, 1.3519e-01, 1.3745e-01,  ..., 3.5384e-01,
           1.3777e-01, 7.1104e-02],
          [2.9290e-02, 9.3576e-01, 2.4023e-01,  ..., 9.3000e-01,
           1.2106e-01, 8.9025e-01],
          ...,
          [3.7055e-01, 7.9717e-01, 3.5301e-01,  ..., 2.5971e-01,
           7.5044e-02, 6.8008e-01],
          [1.8081e-01, 5.2710e-01, 1.8570e-02,  ..., 3.0007e-01,
           3.1245e-01, 3.1290e-02],
          [1.4066e-01, 8.6699e-01, 6.0782e-01,  ..., 8.4889e-01,
           6.9995e-01, 3.1106e-01]],

         [[1.7354e-01, 6.3890e-01, 8.4208e-01,  ..., 7.1336e-01,
           8.9091e-01, 9.4115e-01],
          [9.9258e-01, 8.6515e-01, 3.2914e-02,  ..., 1.5654e-02,
           3.6446e-01, 1.5804e-01],
          [8.6056e-01, 1.8641e-01, 8.1301e-01,  ..., 1.9268e-01,
           7.0069e-01, 8.2091e-01],
          ...,
          [6.9342e-01, 8.7872e-01, 2.5192e-01,  ..., 3.8045e-01,
           3.4962e-01, 2.0152e-01],
          [2.9233e-01, 6.3605e-01, 8.7991e-01,  ..., 2.2396e-01,
           7.6753e-01, 2.6230e-01],
          [8.9190e-01, 3.7398e-01, 5.9256e-01,  ..., 1.4584e-02,
           5.4551e-01, 2.6881e-01]],

         [[8.3077e-01, 7.5384e-01, 2.0112e-01,  ..., 2.6840e-02,
           8.0911e-01, 1.0457e-01],
          [6.8094e-01, 7.7302e-01, 3.1376e-01,  ..., 7.4908e-02,
           1.4533e-01, 8.5052e-01],
          [7.1238e-01, 7.7008e-01, 3.3708e-01,  ..., 5.4157e-01,
           4.2765e-02, 4.6847e-01],
          ...,
          [5.7346e-01, 4.6819e-01, 7.8091e-01,  ..., 7.0027e-01,
           3.6843e-01, 5.3180e-01],
          [8.1485e-01, 3.7363e-01, 3.9330e-01,  ..., 1.2712e-01,
           2.4570e-01, 9.0593e-01],
          [2.1053e-02, 5.4442e-01, 3.4029e-01,  ..., 6.4543e-01,
           7.1978e-02, 5.5293e-01]]]])
