tensor([[[[0.7807, 0.5112, 0.2464,  ..., 0.1833, 0.7606, 0.0188],
          [0.8026, 0.2758, 0.2823,  ..., 0.7108, 0.0364, 0.7158],
          [0.8743, 0.1582, 0.5017,  ..., 0.4056, 0.9010, 0.0942],
          ...,
          [0.3855, 0.7891, 0.8094,  ..., 0.0573, 0.3687, 0.4519],
          [0.4300, 0.8334, 0.9541,  ..., 0.3822, 0.3790, 0.6729],
          [0.2210, 0.5169, 0.6118,  ..., 0.5105, 0.0804, 0.8882]],

         [[0.6575, 0.9311, 0.8267,  ..., 0.6896, 0.0730, 0.7954],
          [0.2542, 0.0367, 0.0820,  ..., 0.4819, 0.3034, 0.2796],
          [0.4916, 0.0287, 0.5924,  ..., 0.7320, 0.1845, 0.7356],
          ...,
          [0.8999, 0.0064, 0.7036,  ..., 0.0676, 0.3099, 0.0261],
          [0.2035, 0.5340, 0.0714,  ..., 0.3868, 0.3278, 0.2755],
          [0.3330, 0.3264, 0.8664,  ..., 0.3142, 0.1568, 0.4933]],

         [[0.5537, 0.7267, 0.6527,  ..., 0.8313, 0.3396, 0.2650],
          [0.9900, 0.6921, 0.2430,  ..., 0.6216, 0.1365, 0.3386],
          [0.7956, 0.6852, 0.0427,  ..., 0.6784, 0.4402, 0.6506],
          ...,
          [0.1633, 0.8666, 0.1194,  ..., 0.5533, 0.4328, 0.6819],
          [0.5770, 0.3507, 0.2196,  ..., 0.0624, 0.1599, 0.5979],
          [0.9078, 0.4638, 0.8996,  ..., 0.2818, 0.0222, 0.6042]],

         ...,

         [[0.1530, 0.4281, 0.0027,  ..., 0.3412, 0.8229, 0.9708],
          [0.0172, 0.3328, 0.7932,  ..., 0.3304, 0.4524, 0.2254],
          [0.0770, 0.7251, 0.5140,  ..., 0.1804, 0.4205, 0.1197],
          ...,
          [0.3474, 0.0982, 0.3693,  ..., 0.6040, 0.2020, 0.4579],
          [0.5267, 0.5949, 0.8875,  ..., 0.3503, 0.5613, 0.5661],
          [0.6436, 0.6454, 0.3170,  ..., 0.6941, 0.3894, 0.5878]],

         [[0.9130, 0.0399, 0.6770,  ..., 0.4063, 0.2465, 0.0986],
          [0.6923, 0.5146, 0.6099,  ..., 0.3588, 0.1821, 0.6958],
          [0.3633, 0.9752, 0.0080,  ..., 0.9421, 0.1475, 0.8121],
          ...,
          [0.8479, 0.2682, 0.7295,  ..., 0.7610, 0.7389, 0.7584],
          [0.3970, 0.7559, 0.7072,  ..., 0.6630, 0.2482, 0.0080],
          [0.8002, 0.4343, 0.4526,  ..., 0.5101, 0.2447, 0.3032]],

         [[0.9346, 0.5933, 0.0600,  ..., 0.1547, 0.4165, 0.2915],
          [0.1262, 0.1474, 0.7174,  ..., 0.6750, 0.5584, 0.3110],
          [0.3395, 0.9272, 0.4049,  ..., 0.2811, 0.2796, 0.8080],
          ...,
          [0.8474, 0.9474, 0.4297,  ..., 0.2805, 0.2445, 0.6579],
          [0.8901, 0.0402, 0.5839,  ..., 0.7281, 0.1057, 0.3975],
          [0.8326, 0.5772, 0.5900,  ..., 0.2110, 0.8495, 0.5751]]],


        [[[0.9722, 0.7356, 0.0377,  ..., 0.1710, 0.3381, 0.8734],
          [0.4241, 0.0197, 0.1233,  ..., 0.0847, 0.2010, 0.8441],
          [0.5411, 0.4620, 0.8546,  ..., 0.8422, 0.7826, 0.5606],
          ...,
          [0.9670, 0.8989, 0.2568,  ..., 0.8937, 0.3030, 0.3125],
          [0.6355, 0.3999, 0.5626,  ..., 0.2618, 0.7126, 0.9815],
          [0.7881, 0.5578, 0.7745,  ..., 0.6673, 0.8341, 0.3089]],

         [[0.5612, 0.7182, 0.5771,  ..., 0.4231, 1.0000, 0.6072],
          [0.7109, 0.9371, 0.2762,  ..., 0.7105, 0.6120, 0.9898],
          [0.3068, 0.3316, 0.0871,  ..., 0.6786, 0.3581, 0.7533],
          ...,
          [0.3142, 0.9404, 0.9414,  ..., 0.3786, 0.5172, 0.2042],
          [0.1394, 0.6730, 0.3045,  ..., 0.7041, 0.9378, 0.2682],
          [0.2373, 0.6402, 0.1742,  ..., 0.7742, 0.1280, 0.0714]],

         [[0.9590, 0.6063, 0.6538,  ..., 0.5297, 0.4861, 0.3055],
          [0.8442, 0.3175, 0.5387,  ..., 0.9237, 0.9292, 0.7251],
          [0.2244, 0.2418, 0.5320,  ..., 0.5848, 0.9101, 0.0900],
          ...,
          [0.9103, 0.0332, 0.2813,  ..., 0.2503, 0.9116, 0.2649],
          [0.8609, 0.6307, 0.8925,  ..., 0.6776, 0.0021, 0.8292],
          [0.8191, 0.1603, 0.9702,  ..., 0.8622, 0.2104, 0.7849]],

         ...,

         [[0.8762, 0.4150, 0.0728,  ..., 0.9507, 0.1905, 0.9525],
          [0.8046, 0.3633, 0.6603,  ..., 0.3510, 0.1602, 0.4099],
          [0.2077, 0.1975, 0.2790,  ..., 0.5208, 0.1308, 0.1937],
          ...,
          [0.6319, 0.3998, 0.6507,  ..., 0.8130, 0.2992, 0.3185],
          [0.1131, 0.6948, 0.1774,  ..., 0.1543, 0.7929, 0.1360],
          [0.7249, 0.0724, 0.6079,  ..., 0.0893, 0.1279, 0.0554]],

         [[0.5256, 0.2052, 0.0270,  ..., 0.8872, 0.5973, 0.3762],
          [0.5964, 0.0304, 0.6699,  ..., 0.0739, 0.4422, 0.9513],
          [0.1008, 0.3243, 0.9502,  ..., 0.0710, 0.0074, 0.9909],
          ...,
          [0.1001, 0.1553, 0.2898,  ..., 0.2375, 0.1746, 0.9759],
          [0.5687, 0.0107, 0.2694,  ..., 0.8127, 0.0227, 0.7378],
          [0.7434, 0.3141, 0.8447,  ..., 0.6237, 0.4630, 0.1358]],

         [[0.1226, 0.2790, 0.5885,  ..., 0.8377, 0.2777, 0.5169],
          [0.3726, 0.7398, 0.6295,  ..., 0.9469, 0.1624, 0.6320],
          [0.8601, 0.2450, 0.6154,  ..., 0.3323, 0.4716, 0.9517],
          ...,
          [0.2346, 0.2971, 0.0734,  ..., 0.8293, 0.1031, 0.5504],
          [0.1461, 0.3461, 0.1066,  ..., 0.1037, 0.1724, 0.1913],
          [0.9655, 0.8951, 0.5055,  ..., 0.8795, 0.1643, 0.9357]]],


        [[[0.5157, 0.2426, 0.6416,  ..., 0.9140, 0.2927, 0.0598],
          [0.1482, 0.4402, 0.8803,  ..., 0.3568, 0.6513, 0.4712],
          [0.8656, 0.0325, 0.1718,  ..., 0.4121, 0.5935, 0.7893],
          ...,
          [0.5629, 0.0303, 0.2387,  ..., 0.8627, 0.9320, 0.3724],
          [0.7866, 0.7325, 0.6647,  ..., 0.8917, 0.0771, 0.0870],
          [0.5480, 0.0232, 0.3853,  ..., 0.4491, 0.0471, 0.6500]],

         [[0.9585, 0.6430, 0.1212,  ..., 0.6493, 0.0221, 0.5896],
          [0.5875, 0.7419, 0.5713,  ..., 0.2246, 0.4588, 0.6194],
          [0.0717, 0.4027, 0.8300,  ..., 0.7864, 0.1472, 0.4045],
          ...,
          [0.2460, 0.9715, 0.2314,  ..., 0.0049, 0.3834, 0.4951],
          [0.4522, 0.5289, 0.6900,  ..., 0.3456, 0.7973, 0.4897],
          [0.1720, 0.6256, 0.9764,  ..., 0.5241, 0.8360, 0.3101]],

         [[0.2011, 0.4769, 0.5414,  ..., 0.1413, 0.9579, 0.6689],
          [0.9120, 0.5651, 0.9432,  ..., 0.3430, 0.8522, 0.0897],
          [0.2620, 0.6678, 0.8235,  ..., 0.4817, 0.1006, 0.2608],
          ...,
          [0.4339, 0.0892, 0.4809,  ..., 0.6634, 0.4280, 0.8643],
          [0.3859, 0.1685, 0.1565,  ..., 0.8890, 0.7020, 0.7631],
          [0.9647, 0.7515, 0.1930,  ..., 0.7588, 0.5418, 0.1593]],

         ...,

         [[0.5935, 0.5815, 0.9346,  ..., 0.0898, 0.2083, 0.5476],
          [0.8390, 0.4570, 0.4532,  ..., 0.0839, 0.5262, 0.6980],
          [0.8607, 0.9323, 0.9740,  ..., 0.3042, 0.0054, 0.8119],
          ...,
          [0.6598, 0.6286, 0.8812,  ..., 0.7086, 0.8650, 0.2288],
          [0.9356, 0.5364, 0.8748,  ..., 0.0375, 0.9109, 0.8069],
          [0.2665, 0.4108, 0.7669,  ..., 0.3137, 0.0828, 0.6668]],

         [[0.3879, 0.7589, 0.1849,  ..., 0.8705, 0.5828, 0.2172],
          [0.3536, 0.5818, 0.3800,  ..., 0.7249, 0.5567, 0.4404],
          [0.0585, 0.8648, 0.3718,  ..., 0.6074, 0.2746, 0.5539],
          ...,
          [0.3548, 0.4860, 0.7603,  ..., 0.8158, 0.4052, 0.8152],
          [0.4614, 0.9564, 0.1480,  ..., 0.9968, 0.9246, 0.7306],
          [0.7512, 0.2838, 0.9899,  ..., 0.9575, 0.6511, 0.1951]],

         [[0.7665, 0.5480, 0.3946,  ..., 0.8990, 0.8809, 0.1863],
          [0.9340, 0.7229, 0.3438,  ..., 0.5493, 0.0084, 0.3946],
          [0.6021, 0.2629, 0.4005,  ..., 0.7574, 0.7745, 0.1123],
          ...,
          [0.5513, 0.1967, 0.7316,  ..., 0.7030, 0.6336, 0.8002],
          [0.4716, 0.8887, 0.5294,  ..., 0.1296, 0.6944, 0.0829],
          [0.9165, 0.4676, 0.5738,  ..., 0.4543, 0.0422, 0.1305]]],


        ...,


        [[[0.7961, 0.0104, 0.4299,  ..., 0.6114, 0.7019, 0.7972],
          [0.4877, 0.6612, 0.6706,  ..., 0.2152, 0.6777, 0.0360],
          [0.6958, 0.2958, 0.9149,  ..., 0.8675, 0.0692, 0.4226],
          ...,
          [0.7341, 0.8491, 0.2784,  ..., 0.2235, 0.3256, 0.1113],
          [0.2981, 0.8311, 0.0060,  ..., 0.5665, 0.3569, 0.9469],
          [0.9334, 0.0810, 0.8558,  ..., 0.2508, 0.6802, 0.0875]],

         [[0.7618, 0.9785, 0.9673,  ..., 0.5994, 0.3762, 0.5466],
          [0.3345, 0.7248, 0.5700,  ..., 0.6161, 0.2783, 0.4643],
          [0.9399, 0.9416, 0.3311,  ..., 0.2600, 0.6448, 0.5228],
          ...,
          [0.2747, 0.1663, 0.5115,  ..., 0.9233, 0.2655, 0.2865],
          [0.1640, 0.3363, 0.6603,  ..., 0.1564, 0.5584, 0.8299],
          [0.2022, 0.4780, 0.4545,  ..., 0.7341, 0.4395, 0.6786]],

         [[0.3688, 0.6429, 0.0014,  ..., 0.7974, 0.0593, 0.7916],
          [0.0271, 0.7328, 0.5906,  ..., 0.1583, 0.7666, 0.1652],
          [0.2835, 0.6769, 0.2596,  ..., 0.2623, 0.1363, 0.0982],
          ...,
          [0.6188, 0.9563, 0.8483,  ..., 0.2187, 0.0881, 0.4420],
          [0.6460, 0.2960, 0.1980,  ..., 0.8038, 0.8312, 0.9852],
          [0.6074, 0.3153, 0.8650,  ..., 0.9954, 0.1597, 0.8960]],

         ...,

         [[0.1661, 0.9181, 0.3663,  ..., 0.2154, 0.9051, 0.7481],
          [0.7163, 0.0112, 0.2483,  ..., 0.1303, 0.2869, 0.5880],
          [0.0989, 0.8599, 0.6056,  ..., 0.5911, 0.9414, 0.2906],
          ...,
          [0.0216, 0.4957, 0.3322,  ..., 0.7565, 0.3051, 0.2454],
          [0.8364, 0.2398, 0.8845,  ..., 0.6058, 0.2471, 0.9605],
          [0.5347, 0.4397, 0.4768,  ..., 0.5618, 0.3095, 0.1326]],

         [[0.3142, 0.7997, 0.1859,  ..., 0.8510, 0.5296, 0.9972],
          [0.5145, 0.3344, 0.8811,  ..., 0.1817, 0.9196, 0.8370],
          [0.5129, 0.6066, 0.9423,  ..., 0.5600, 0.3367, 0.1903],
          ...,
          [0.6640, 0.6728, 0.1444,  ..., 0.6222, 0.7383, 0.5782],
          [0.9633, 0.9865, 0.1421,  ..., 0.7087, 0.9234, 0.4126],
          [0.9236, 0.3290, 0.7691,  ..., 0.0351, 0.0078, 0.5855]],

         [[0.9090, 0.9266, 0.5766,  ..., 0.9512, 0.9166, 0.5621],
          [0.0760, 0.7122, 0.2365,  ..., 0.4950, 0.2360, 0.6724],
          [0.9394, 0.3193, 0.4918,  ..., 0.6144, 0.1306, 0.8143],
          ...,
          [0.0152, 0.9060, 0.7400,  ..., 0.8115, 0.3839, 0.4580],
          [0.8230, 0.7038, 0.6994,  ..., 0.6647, 0.8058, 0.6122],
          [0.4859, 0.5152, 0.8627,  ..., 0.9373, 0.0937, 0.2966]]],


        [[[0.4694, 0.0576, 0.4178,  ..., 0.5620, 0.6636, 0.8935],
          [0.2411, 0.2230, 0.3443,  ..., 0.4015, 0.4504, 0.7261],
          [0.6830, 0.9734, 0.3142,  ..., 0.8023, 0.6713, 0.3814],
          ...,
          [0.1505, 0.9619, 0.9144,  ..., 0.4411, 0.9580, 0.7569],
          [0.2816, 0.8667, 0.4762,  ..., 0.2483, 0.0244, 0.6974],
          [0.9167, 0.7806, 0.9652,  ..., 0.9601, 0.0523, 0.4875]],

         [[0.0196, 0.2876, 0.0284,  ..., 0.8389, 0.7817, 0.7253],
          [0.9354, 0.6805, 0.1547,  ..., 0.2471, 0.0472, 0.1241],
          [0.4621, 0.8211, 0.0062,  ..., 0.7744, 0.2395, 0.4443],
          ...,
          [0.4530, 0.2629, 0.4819,  ..., 0.9612, 0.9690, 0.9073],
          [0.0404, 0.0170, 0.7957,  ..., 0.8674, 0.8476, 0.8040],
          [0.5972, 0.4450, 0.7036,  ..., 0.9582, 0.9706, 0.7705]],

         [[0.1703, 0.2451, 0.6930,  ..., 0.9906, 0.8450, 0.0099],
          [0.4870, 0.5155, 0.0895,  ..., 0.4229, 0.9054, 0.3058],
          [0.5167, 0.4820, 0.9030,  ..., 0.4080, 0.1625, 0.2586],
          ...,
          [0.9893, 0.0078, 0.9822,  ..., 0.2349, 0.1139, 0.0115],
          [0.0331, 0.5077, 0.0626,  ..., 0.2423, 0.3216, 0.9339],
          [0.9602, 0.3357, 0.5408,  ..., 0.4875, 0.0378, 0.7732]],

         ...,

         [[0.9980, 0.3425, 0.5844,  ..., 0.8642, 0.1091, 0.8003],
          [0.2162, 0.2453, 0.1357,  ..., 0.4173, 0.4244, 0.7570],
          [0.7054, 0.8045, 0.2487,  ..., 0.3452, 0.8532, 0.3984],
          ...,
          [0.3924, 0.8003, 0.2898,  ..., 0.5518, 0.8650, 0.7907],
          [0.1562, 0.3924, 0.7752,  ..., 0.3068, 0.9949, 0.6909],
          [0.1929, 0.9245, 0.6072,  ..., 0.4483, 0.6077, 0.3783]],

         [[0.7252, 0.7785, 0.4330,  ..., 0.9660, 0.4919, 0.5597],
          [0.7974, 0.7287, 0.5964,  ..., 0.5922, 0.2317, 0.2678],
          [0.6879, 0.4230, 0.9869,  ..., 0.7388, 0.6903, 0.3322],
          ...,
          [0.5771, 0.9979, 0.4019,  ..., 0.1173, 0.8046, 0.1079],
          [0.9558, 0.8006, 0.7486,  ..., 0.6722, 0.3051, 0.6876],
          [0.9249, 0.1814, 0.9746,  ..., 0.2864, 0.6556, 0.2944]],

         [[0.4969, 0.3785, 0.3724,  ..., 0.3036, 0.4409, 0.8527],
          [0.2011, 0.6203, 0.4159,  ..., 0.6644, 0.1788, 0.8580],
          [0.5030, 0.2459, 0.9342,  ..., 0.8954, 0.2312, 0.1043],
          ...,
          [0.8989, 0.1441, 0.6924,  ..., 0.1829, 0.3186, 0.4233],
          [0.2996, 0.6032, 0.2339,  ..., 0.5107, 0.8706, 0.3651],
          [0.3086, 0.1201, 0.7317,  ..., 0.1705, 0.2808, 0.7395]]],


        [[[0.0203, 0.9001, 0.0362,  ..., 0.6715, 0.5655, 0.8861],
          [0.0168, 0.2862, 0.2401,  ..., 0.4272, 0.3464, 0.9470],
          [0.7221, 0.0241, 0.8194,  ..., 0.4962, 0.7873, 0.2688],
          ...,
          [0.5119, 0.7747, 0.1671,  ..., 0.4608, 0.2285, 0.9832],
          [0.6912, 0.8542, 0.6823,  ..., 0.3960, 0.1558, 0.0089],
          [0.2313, 0.9091, 0.0380,  ..., 0.8710, 0.7276, 0.9702]],

         [[0.9742, 0.5751, 0.1278,  ..., 0.2815, 0.0797, 0.0253],
          [0.1779, 0.5019, 0.1313,  ..., 0.6741, 0.7294, 0.6916],
          [0.0704, 0.1822, 0.2416,  ..., 0.6738, 0.1488, 0.7284],
          ...,
          [0.9990, 0.4001, 0.1338,  ..., 0.2698, 0.5165, 0.1102],
          [0.2882, 0.4561, 0.5783,  ..., 0.5231, 0.1308, 0.8512],
          [0.9107, 0.6671, 0.7928,  ..., 0.7622, 0.3242, 0.1726]],

         [[0.2264, 0.7879, 0.2895,  ..., 0.6340, 0.3037, 0.1858],
          [0.4784, 0.1414, 0.8464,  ..., 0.9815, 0.4277, 0.3576],
          [0.1824, 0.3200, 0.1967,  ..., 0.8046, 0.1294, 0.0818],
          ...,
          [0.4836, 0.0713, 0.5698,  ..., 0.8734, 0.1710, 0.6682],
          [0.6218, 0.9216, 0.3840,  ..., 0.3025, 0.0439, 0.4414],
          [0.9594, 0.2698, 0.8534,  ..., 0.5809, 0.5464, 0.3097]],

         ...,

         [[0.5663, 0.9640, 0.5042,  ..., 0.1195, 0.4239, 0.1624],
          [0.2096, 0.5523, 0.4495,  ..., 0.6174, 0.4071, 0.1849],
          [0.2273, 0.5427, 0.9936,  ..., 0.5924, 0.8919, 0.6679],
          ...,
          [0.5236, 0.9555, 0.4212,  ..., 0.9707, 0.8267, 0.1754],
          [0.0048, 0.3101, 0.4958,  ..., 0.4699, 0.5838, 0.7158],
          [0.0791, 0.9807, 0.7087,  ..., 0.0582, 0.8781, 0.3948]],

         [[0.8958, 0.8234, 0.9527,  ..., 0.5021, 0.2311, 0.4818],
          [0.6016, 0.2126, 0.7990,  ..., 0.6446, 0.6365, 0.9282],
          [0.9479, 0.6426, 0.3102,  ..., 0.7081, 0.2455, 0.7384],
          ...,
          [0.5607, 0.3314, 0.1598,  ..., 0.8606, 0.4642, 0.2487],
          [0.0050, 0.1770, 0.9810,  ..., 0.4552, 0.2893, 0.7372],
          [0.7818, 0.6360, 0.9806,  ..., 0.3409, 0.1268, 0.1527]],

         [[0.3340, 0.4846, 0.2086,  ..., 0.2292, 0.6473, 0.7248],
          [0.5696, 0.3859, 0.3556,  ..., 0.1093, 0.3300, 0.5307],
          [0.5165, 0.7894, 0.7729,  ..., 0.8737, 0.4964, 0.3285],
          ...,
          [0.1785, 0.1082, 0.2602,  ..., 0.3070, 0.7912, 0.6208],
          [0.9762, 0.8165, 0.5921,  ..., 0.5994, 0.0099, 0.4391],
          [0.2234, 0.9564, 0.9645,  ..., 0.7498, 0.5865, 0.4243]]]])
