tensor([[[[1.7321e-01, 3.0209e-01, 1.9437e-01,  ..., 2.1666e-01,
           2.9382e-01, 4.1753e-01],
          [7.7202e-01, 2.2513e-01, 3.0038e-02,  ..., 5.1123e-01,
           4.7874e-01, 7.1992e-01],
          [4.5425e-02, 6.5787e-01, 2.9381e-01,  ..., 9.9232e-01,
           6.1937e-01, 4.8039e-01],
          ...,
          [1.2833e-02, 1.7978e-03, 5.0070e-01,  ..., 3.9326e-01,
           1.6473e-01, 7.4719e-01],
          [3.2418e-01, 2.1353e-01, 5.4866e-01,  ..., 9.9216e-01,
           9.6177e-01, 9.5771e-01],
          [5.0331e-01, 1.4999e-01, 7.3879e-01,  ..., 6.1903e-01,
           2.1118e-01, 2.3147e-01]],

         [[3.3223e-02, 8.6366e-01, 8.6762e-02,  ..., 9.6470e-01,
           6.9680e-02, 8.9525e-01],
          [7.3534e-01, 7.1374e-01, 2.1517e-01,  ..., 2.5094e-01,
           1.6819e-01, 3.5258e-01],
          [3.5979e-01, 4.8485e-01, 3.1876e-01,  ..., 3.9133e-01,
           6.6853e-01, 2.1728e-02],
          ...,
          [7.0307e-01, 8.0157e-01, 7.0268e-01,  ..., 5.8576e-01,
           6.7828e-01, 3.2321e-01],
          [1.8637e-01, 3.2089e-01, 7.3666e-01,  ..., 7.5977e-01,
           1.6326e-01, 9.1889e-01],
          [4.2197e-01, 7.8715e-01, 1.7432e-01,  ..., 1.5117e-01,
           3.3821e-01, 4.1643e-01]],

         [[7.3232e-01, 4.3582e-01, 9.5824e-01,  ..., 5.7135e-02,
           8.5066e-01, 8.3181e-01],
          [7.0034e-01, 6.8146e-01, 9.3278e-01,  ..., 7.8871e-01,
           5.2264e-01, 3.5381e-01],
          [6.4648e-01, 1.4000e-02, 6.0358e-01,  ..., 9.0649e-01,
           4.5683e-01, 7.7024e-01],
          ...,
          [1.6116e-01, 3.7110e-01, 4.1815e-01,  ..., 8.7106e-03,
           4.5156e-01, 3.2005e-01],
          [5.8609e-01, 3.7991e-01, 7.8826e-01,  ..., 8.6953e-01,
           6.2530e-01, 3.8512e-01],
          [3.4396e-01, 2.7079e-01, 6.2257e-01,  ..., 3.5524e-01,
           1.8844e-01, 3.2523e-01]],

         ...,

         [[1.8292e-01, 1.2071e-01, 7.6004e-01,  ..., 8.5620e-01,
           6.9151e-01, 6.4713e-01],
          [1.7740e-01, 3.4005e-01, 3.1481e-01,  ..., 7.6513e-01,
           6.6806e-02, 5.3664e-01],
          [4.1804e-01, 8.2965e-01, 8.8479e-01,  ..., 3.1305e-01,
           9.9688e-01, 7.1217e-01],
          ...,
          [2.5090e-02, 2.4133e-01, 7.5719e-01,  ..., 1.8039e-01,
           5.0534e-01, 1.3313e-01],
          [3.2222e-01, 1.3201e-01, 4.1155e-01,  ..., 9.9169e-01,
           8.8859e-01, 3.0396e-01],
          [3.2819e-01, 5.3142e-01, 6.3789e-01,  ..., 7.8431e-01,
           8.6505e-01, 8.3432e-02]],

         [[8.4260e-02, 8.2635e-01, 7.7793e-01,  ..., 7.9852e-01,
           8.2979e-01, 7.0440e-01],
          [6.6238e-01, 3.6984e-01, 6.3686e-01,  ..., 5.6381e-01,
           3.3609e-01, 5.5065e-01],
          [6.1478e-01, 7.8103e-01, 3.8019e-01,  ..., 7.2733e-01,
           8.3823e-01, 7.4705e-01],
          ...,
          [7.7662e-01, 9.7942e-02, 3.6607e-01,  ..., 5.3567e-01,
           2.1720e-01, 9.3411e-03],
          [8.1412e-01, 7.9824e-01, 6.1220e-01,  ..., 1.6221e-01,
           8.9750e-01, 4.6012e-01],
          [8.6214e-01, 7.3738e-01, 6.9148e-01,  ..., 5.2556e-02,
           5.1150e-03, 8.5876e-01]],

         [[3.5873e-01, 1.0245e-01, 6.8685e-02,  ..., 9.2149e-01,
           3.5324e-01, 9.7741e-01],
          [6.6541e-01, 4.1504e-01, 6.1594e-01,  ..., 8.7983e-01,
           8.4274e-01, 1.8634e-01],
          [3.9224e-01, 6.4129e-02, 7.5639e-01,  ..., 8.5862e-01,
           1.9632e-01, 7.7972e-01],
          ...,
          [2.4912e-01, 3.6466e-01, 7.8131e-02,  ..., 3.2061e-01,
           7.4736e-01, 4.6964e-01],
          [1.9319e-01, 6.2589e-01, 4.8804e-01,  ..., 1.7156e-01,
           6.8027e-01, 8.6249e-01],
          [9.3643e-01, 1.8368e-01, 8.0953e-01,  ..., 8.3588e-01,
           8.9847e-01, 6.2777e-02]]],


        [[[1.8546e-01, 1.6157e-01, 9.0818e-01,  ..., 7.8555e-01,
           8.7928e-01, 2.2697e-01],
          [1.1984e-01, 1.5505e-01, 2.5238e-01,  ..., 4.1170e-01,
           7.8919e-01, 9.2325e-01],
          [2.1108e-01, 4.8284e-01, 5.7617e-01,  ..., 8.3823e-01,
           3.3680e-01, 4.1024e-01],
          ...,
          [8.0074e-01, 2.1567e-01, 5.6939e-01,  ..., 6.2878e-01,
           2.7869e-01, 2.3112e-01],
          [9.8036e-02, 4.8230e-01, 7.4568e-01,  ..., 7.5654e-01,
           1.7762e-01, 1.6495e-01],
          [6.3768e-01, 2.1090e-01, 8.1828e-01,  ..., 2.0236e-01,
           8.7009e-01, 3.0792e-01]],

         [[3.3049e-01, 5.8410e-01, 6.6645e-01,  ..., 1.5343e-01,
           3.4889e-01, 8.1744e-01],
          [8.0664e-01, 9.5533e-01, 8.4005e-02,  ..., 8.5457e-01,
           5.6026e-01, 4.3000e-01],
          [6.8926e-01, 9.8339e-01, 7.3231e-01,  ..., 1.0968e-01,
           9.0807e-01, 2.5062e-01],
          ...,
          [7.7312e-01, 1.0762e-02, 2.3984e-01,  ..., 4.5110e-01,
           7.1420e-01, 4.1768e-01],
          [3.2342e-01, 8.0673e-02, 5.5163e-01,  ..., 9.6761e-01,
           8.8360e-01, 6.3286e-01],
          [9.0851e-01, 1.2861e-03, 8.3608e-01,  ..., 6.3634e-01,
           4.5872e-01, 5.6696e-01]],

         [[7.6324e-01, 6.5971e-01, 3.6891e-01,  ..., 5.1091e-01,
           6.3223e-01, 3.2278e-01],
          [5.3479e-01, 3.7031e-01, 4.5476e-01,  ..., 7.8109e-01,
           5.2230e-01, 3.9838e-01],
          [9.4456e-01, 3.9001e-01, 1.8559e-01,  ..., 6.6222e-02,
           1.9768e-01, 2.4428e-01],
          ...,
          [5.7825e-01, 5.7191e-01, 7.4463e-01,  ..., 3.3852e-01,
           4.2277e-01, 1.3911e-01],
          [9.2801e-01, 8.8456e-01, 5.6987e-01,  ..., 1.5439e-01,
           7.9927e-01, 2.8872e-01],
          [5.1093e-01, 9.5591e-01, 5.9918e-01,  ..., 4.8581e-01,
           1.4427e-01, 8.2543e-01]],

         ...,

         [[9.8546e-01, 1.6753e-01, 2.4606e-01,  ..., 4.8425e-02,
           3.8192e-01, 2.6140e-01],
          [8.9971e-01, 5.7937e-01, 6.4200e-01,  ..., 4.9073e-01,
           9.5921e-01, 9.3801e-01],
          [4.3372e-01, 8.7459e-01, 4.3405e-01,  ..., 8.0191e-01,
           1.5434e-01, 8.6088e-02],
          ...,
          [6.1843e-01, 6.0966e-01, 7.4771e-01,  ..., 1.6901e-01,
           4.8783e-01, 9.3743e-01],
          [6.6957e-01, 9.6320e-01, 8.7218e-01,  ..., 7.2139e-01,
           4.1556e-01, 7.9441e-01],
          [6.0729e-01, 8.9816e-01, 9.6578e-02,  ..., 9.0397e-01,
           6.9560e-01, 3.7143e-01]],

         [[9.4360e-01, 7.2047e-01, 9.0500e-01,  ..., 6.9400e-01,
           8.0446e-01, 7.3986e-01],
          [6.9740e-01, 4.0424e-01, 6.2963e-01,  ..., 3.6535e-01,
           7.0859e-01, 9.8923e-01],
          [7.9180e-01, 7.8716e-01, 5.6969e-01,  ..., 8.7200e-01,
           5.3496e-01, 4.2717e-01],
          ...,
          [9.2047e-01, 9.5326e-01, 9.7930e-01,  ..., 5.8642e-01,
           1.1959e-01, 9.7456e-02],
          [2.1879e-02, 2.5532e-01, 8.0821e-01,  ..., 9.1085e-01,
           5.0501e-02, 9.6024e-01],
          [5.3410e-01, 8.2687e-01, 1.1033e-01,  ..., 5.8140e-02,
           3.7176e-01, 5.3234e-01]],

         [[8.6191e-01, 8.4849e-01, 7.8175e-01,  ..., 3.3506e-02,
           7.5119e-01, 3.3658e-01],
          [7.6805e-01, 3.8024e-01, 1.9044e-01,  ..., 9.0816e-02,
           3.3443e-01, 2.2161e-01],
          [9.8706e-01, 5.4034e-01, 7.5383e-01,  ..., 4.4658e-01,
           7.8267e-01, 9.6173e-01],
          ...,
          [3.3619e-02, 7.7207e-01, 3.1718e-01,  ..., 4.6177e-01,
           3.4717e-01, 3.3637e-01],
          [2.8000e-01, 8.2577e-02, 6.7637e-01,  ..., 9.0009e-01,
           6.3133e-01, 6.8316e-01],
          [7.6339e-02, 8.8367e-01, 9.8127e-02,  ..., 5.2661e-01,
           1.6115e-01, 1.7010e-01]]],


        [[[3.6016e-01, 6.0654e-01, 6.9683e-01,  ..., 6.7983e-01,
           4.9228e-01, 8.0065e-01],
          [8.5862e-01, 3.4211e-01, 8.4735e-01,  ..., 3.5867e-01,
           1.2079e-01, 3.1541e-01],
          [5.2203e-01, 2.1079e-02, 4.2519e-01,  ..., 9.0092e-01,
           9.5400e-01, 8.0949e-01],
          ...,
          [7.9085e-01, 4.4171e-01, 2.7510e-02,  ..., 8.8082e-02,
           8.9209e-01, 8.3057e-01],
          [7.0015e-02, 7.0583e-01, 5.8084e-01,  ..., 9.9219e-01,
           3.2191e-01, 7.5037e-01],
          [3.2259e-01, 8.0971e-01, 1.6747e-01,  ..., 3.1499e-01,
           4.1589e-01, 3.3283e-01]],

         [[8.1964e-01, 9.2917e-02, 8.8830e-01,  ..., 7.6269e-01,
           6.5419e-01, 3.2494e-01],
          [9.9391e-01, 7.3401e-01, 7.5313e-02,  ..., 4.2430e-01,
           6.4502e-01, 4.3559e-01],
          [9.7981e-01, 9.6213e-01, 4.8420e-02,  ..., 6.5509e-01,
           4.9596e-01, 6.4964e-02],
          ...,
          [6.3069e-02, 2.3542e-01, 3.2374e-01,  ..., 9.2922e-01,
           6.9084e-01, 7.6250e-01],
          [9.2472e-01, 7.1894e-01, 1.6159e-01,  ..., 2.3978e-01,
           3.6273e-01, 5.4815e-01],
          [4.1210e-01, 7.3922e-01, 6.1644e-01,  ..., 1.2439e-01,
           3.9938e-01, 5.4004e-01]],

         [[5.0001e-01, 7.9845e-01, 8.3199e-01,  ..., 3.6533e-02,
           4.1244e-01, 8.3047e-01],
          [1.1448e-01, 9.5473e-01, 2.1794e-01,  ..., 5.0911e-01,
           1.8173e-01, 5.9446e-01],
          [8.0556e-01, 2.6436e-01, 1.1465e-01,  ..., 8.3335e-02,
           6.2284e-01, 9.6511e-01],
          ...,
          [8.3505e-01, 3.7331e-01, 6.8694e-02,  ..., 4.9423e-02,
           7.0772e-02, 8.5985e-01],
          [2.9230e-01, 7.8465e-01, 2.8944e-01,  ..., 8.3345e-01,
           5.2993e-01, 9.3213e-01],
          [7.4400e-01, 1.8188e-01, 7.0251e-01,  ..., 3.0986e-01,
           5.5133e-01, 1.7029e-01]],

         ...,

         [[8.7375e-01, 6.4037e-01, 9.4967e-01,  ..., 9.7676e-01,
           5.1456e-01, 2.3867e-01],
          [1.2651e-01, 9.5975e-02, 2.8624e-01,  ..., 9.6793e-01,
           3.0405e-01, 5.8462e-01],
          [6.1990e-01, 4.0560e-01, 5.5917e-01,  ..., 1.6728e-01,
           4.3581e-01, 8.5163e-01],
          ...,
          [9.9272e-01, 5.1791e-01, 6.9231e-01,  ..., 9.8400e-01,
           1.0605e-01, 7.0155e-01],
          [3.2990e-01, 5.9640e-01, 7.3767e-01,  ..., 3.4482e-01,
           9.5110e-01, 4.1255e-01],
          [7.8388e-01, 3.2001e-02, 1.9208e-01,  ..., 7.5454e-01,
           2.2287e-01, 3.2023e-03]],

         [[6.4886e-01, 3.2625e-01, 3.0433e-01,  ..., 4.0369e-01,
           4.4782e-01, 2.6029e-01],
          [7.6919e-01, 1.3312e-01, 1.8768e-01,  ..., 7.7203e-01,
           1.3406e-01, 9.9731e-01],
          [6.7163e-01, 7.7049e-01, 2.9200e-01,  ..., 3.5618e-01,
           6.8850e-01, 9.9942e-01],
          ...,
          [2.5885e-01, 1.4781e-01, 4.2470e-01,  ..., 6.4248e-01,
           6.0564e-01, 7.4271e-01],
          [4.9041e-02, 1.4122e-02, 3.9479e-01,  ..., 5.2304e-02,
           2.9191e-01, 3.1406e-02],
          [2.9419e-01, 3.0358e-01, 4.1487e-01,  ..., 5.5970e-01,
           9.0335e-01, 7.3854e-01]],

         [[2.2042e-02, 5.8078e-01, 1.6486e-01,  ..., 2.1047e-01,
           1.9016e-01, 6.9703e-01],
          [5.7178e-02, 9.4024e-02, 5.4416e-02,  ..., 9.8627e-01,
           1.6496e-01, 3.5532e-01],
          [7.2030e-01, 6.3336e-01, 1.0658e-01,  ..., 4.4073e-01,
           7.6168e-01, 6.5678e-01],
          ...,
          [3.7184e-01, 9.0323e-01, 1.7883e-02,  ..., 4.0421e-02,
           5.6209e-02, 5.1609e-01],
          [8.8573e-01, 2.4865e-01, 8.9738e-01,  ..., 8.7124e-01,
           5.2598e-01, 7.6538e-01],
          [7.3038e-01, 6.2267e-01, 6.3339e-01,  ..., 7.3917e-01,
           8.7164e-01, 8.5384e-01]]],


        ...,


        [[[2.1386e-01, 5.8502e-01, 9.0266e-01,  ..., 1.3283e-02,
           2.7087e-01, 5.7850e-01],
          [9.9437e-01, 5.9503e-01, 3.8107e-01,  ..., 4.2443e-01,
           8.4848e-01, 2.9208e-01],
          [3.7641e-01, 2.7712e-01, 7.6130e-01,  ..., 8.8145e-01,
           1.1653e-01, 7.7296e-01],
          ...,
          [6.0361e-01, 3.7985e-02, 5.3779e-01,  ..., 7.2378e-01,
           6.4900e-01, 8.8725e-01],
          [5.3544e-01, 3.5329e-01, 9.9657e-01,  ..., 6.6315e-01,
           6.5221e-01, 8.7629e-01],
          [3.9023e-01, 4.3548e-01, 5.9659e-01,  ..., 7.9133e-01,
           3.5183e-01, 8.3480e-01]],

         [[7.0522e-01, 3.2048e-01, 6.1982e-01,  ..., 7.6084e-01,
           1.9677e-01, 6.0843e-01],
          [1.4558e-01, 5.2700e-01, 4.7681e-01,  ..., 2.0227e-01,
           4.5823e-01, 7.5394e-01],
          [3.8060e-01, 9.0032e-02, 9.3620e-01,  ..., 5.0479e-01,
           2.2923e-01, 3.1194e-01],
          ...,
          [8.6890e-01, 9.6211e-01, 5.7460e-01,  ..., 1.3575e-01,
           8.7518e-01, 7.5122e-01],
          [3.8729e-01, 3.8898e-01, 4.4414e-01,  ..., 3.9032e-01,
           5.8703e-01, 4.3153e-01],
          [9.8761e-01, 6.6170e-01, 6.2210e-01,  ..., 4.3478e-01,
           5.6290e-01, 9.9184e-01]],

         [[2.6761e-01, 8.7696e-01, 8.6356e-01,  ..., 1.6296e-01,
           8.5334e-01, 5.0341e-01],
          [3.3187e-01, 6.3896e-01, 3.6025e-01,  ..., 5.1148e-01,
           5.3642e-01, 5.4173e-02],
          [1.8910e-01, 1.5826e-01, 6.9718e-01,  ..., 2.7385e-01,
           7.8040e-03, 1.8075e-01],
          ...,
          [8.7659e-01, 4.0042e-02, 8.8001e-01,  ..., 8.5813e-01,
           8.4589e-01, 1.1005e-02],
          [2.7731e-01, 1.3811e-01, 3.1150e-01,  ..., 5.8785e-02,
           1.8858e-01, 7.8213e-01],
          [1.8563e-02, 1.7848e-01, 1.0544e-01,  ..., 9.1598e-01,
           4.7628e-01, 5.5711e-01]],

         ...,

         [[4.0120e-01, 8.6930e-01, 2.5691e-01,  ..., 5.8275e-01,
           7.8180e-01, 2.4356e-01],
          [9.2322e-01, 3.6731e-01, 3.4488e-01,  ..., 5.5585e-01,
           6.0407e-01, 6.7925e-01],
          [7.3814e-01, 9.5527e-01, 8.7945e-02,  ..., 3.8543e-01,
           6.8466e-01, 5.5123e-01],
          ...,
          [4.8143e-02, 9.8515e-01, 6.4211e-01,  ..., 8.6408e-01,
           2.5690e-05, 2.7263e-01],
          [8.2216e-01, 8.5910e-01, 5.4359e-01,  ..., 9.4660e-01,
           4.0812e-01, 6.9292e-01],
          [7.0362e-01, 4.3012e-01, 5.3749e-01,  ..., 8.9966e-01,
           1.9158e-01, 8.3038e-03]],

         [[9.4364e-01, 8.6580e-01, 5.1062e-01,  ..., 5.3047e-01,
           1.8925e-01, 7.9836e-01],
          [3.3670e-02, 1.0642e-01, 4.1889e-01,  ..., 7.3047e-01,
           5.4613e-01, 8.9432e-01],
          [1.5797e-01, 1.8881e-01, 9.8483e-01,  ..., 9.1085e-01,
           9.2652e-01, 1.4230e-01],
          ...,
          [8.5299e-01, 3.2177e-01, 1.1099e-01,  ..., 2.0495e-01,
           7.4759e-01, 8.6877e-01],
          [3.4117e-01, 9.0180e-01, 7.7224e-01,  ..., 1.8813e-01,
           6.2243e-01, 8.5176e-01],
          [5.6156e-01, 1.8939e-01, 2.7479e-01,  ..., 1.3878e-01,
           5.1845e-01, 7.7801e-01]],

         [[4.8826e-01, 2.6330e-01, 4.7896e-01,  ..., 6.2360e-02,
           8.6735e-01, 9.4486e-01],
          [6.2277e-01, 3.3571e-01, 7.5364e-01,  ..., 3.2716e-01,
           9.1711e-02, 7.2964e-01],
          [6.9560e-01, 6.3650e-01, 6.9810e-01,  ..., 8.7538e-01,
           1.2202e-01, 6.9514e-01],
          ...,
          [3.5468e-01, 2.0046e-01, 7.6968e-01,  ..., 2.5017e-01,
           4.7936e-01, 3.6101e-01],
          [9.9439e-01, 2.2488e-01, 1.4919e-01,  ..., 3.4204e-01,
           9.5707e-01, 2.9752e-01],
          [7.1253e-01, 2.4763e-01, 1.2271e-01,  ..., 2.4103e-01,
           8.8797e-01, 2.9988e-01]]],


        [[[7.3954e-03, 6.5501e-01, 3.5218e-01,  ..., 9.7164e-01,
           4.4432e-01, 5.0892e-01],
          [3.4850e-01, 2.2263e-01, 4.1660e-02,  ..., 8.8932e-02,
           2.9854e-01, 9.4131e-01],
          [3.1752e-01, 8.9300e-01, 1.3909e-01,  ..., 8.7934e-02,
           8.9149e-01, 3.2203e-01],
          ...,
          [9.1068e-01, 7.5979e-01, 1.5105e-01,  ..., 7.6872e-01,
           6.5342e-02, 4.4964e-01],
          [4.3453e-01, 9.8052e-01, 8.8622e-01,  ..., 7.9304e-01,
           7.1496e-01, 7.2916e-01],
          [5.9217e-01, 1.9842e-01, 1.6527e-01,  ..., 6.2999e-01,
           7.0784e-01, 6.6655e-01]],

         [[1.9917e-01, 5.3003e-01, 3.0159e-01,  ..., 9.0839e-01,
           3.9751e-01, 1.5266e-01],
          [5.5274e-01, 7.9104e-01, 4.1786e-01,  ..., 7.2967e-01,
           5.3848e-02, 9.4381e-01],
          [6.6671e-01, 5.9769e-01, 7.6417e-01,  ..., 3.3032e-01,
           4.4569e-01, 9.4008e-01],
          ...,
          [3.1543e-01, 1.3657e-01, 5.0115e-01,  ..., 2.4536e-01,
           2.6579e-01, 5.8646e-01],
          [3.5753e-01, 8.3055e-01, 1.4782e-01,  ..., 6.8998e-02,
           6.4398e-01, 5.2151e-02],
          [2.0138e-01, 9.2825e-01, 1.5827e-01,  ..., 9.3695e-02,
           8.2632e-01, 2.3741e-01]],

         [[1.1059e-01, 4.7484e-01, 9.5648e-01,  ..., 9.1447e-01,
           2.1238e-01, 2.6470e-01],
          [1.4422e-01, 2.4668e-01, 4.6267e-01,  ..., 3.8571e-01,
           8.8274e-01, 3.2291e-01],
          [7.2093e-01, 9.2300e-01, 9.5290e-01,  ..., 4.9406e-01,
           3.8480e-01, 9.5394e-01],
          ...,
          [3.0532e-01, 8.7278e-01, 5.7572e-01,  ..., 3.7525e-01,
           2.9507e-01, 3.8519e-02],
          [1.4573e-02, 8.1253e-01, 1.0647e-01,  ..., 3.5353e-01,
           3.0002e-01, 4.4006e-01],
          [5.9372e-01, 3.5622e-01, 1.6734e-01,  ..., 4.4009e-01,
           1.2383e-01, 7.3325e-01]],

         ...,

         [[8.6709e-01, 2.1896e-02, 4.7440e-01,  ..., 5.3764e-01,
           7.7857e-02, 3.6279e-01],
          [8.5616e-01, 9.7716e-01, 1.8806e-01,  ..., 9.0383e-02,
           7.6603e-01, 2.9490e-01],
          [4.5950e-01, 8.7243e-01, 1.8647e-01,  ..., 2.4142e-01,
           6.4085e-01, 7.5662e-02],
          ...,
          [8.0799e-01, 9.5091e-01, 2.4185e-01,  ..., 4.1654e-01,
           4.1960e-01, 7.1542e-01],
          [9.8381e-01, 6.9557e-01, 2.3495e-01,  ..., 3.7564e-01,
           2.0278e-01, 3.3185e-01],
          [9.9220e-01, 1.8753e-01, 5.8169e-01,  ..., 7.6653e-01,
           3.3883e-01, 8.7891e-01]],

         [[2.7596e-01, 4.6394e-01, 2.3578e-01,  ..., 9.3496e-01,
           2.7603e-01, 8.5490e-01],
          [1.0366e-01, 8.5260e-01, 4.4378e-01,  ..., 4.9796e-01,
           6.8498e-01, 6.9694e-01],
          [9.8287e-01, 9.0975e-01, 9.9176e-01,  ..., 8.9724e-01,
           3.4066e-01, 6.0740e-01],
          ...,
          [6.9419e-01, 3.5432e-01, 2.6937e-01,  ..., 7.9707e-01,
           7.0626e-02, 3.0893e-01],
          [6.1515e-01, 7.1272e-01, 7.4005e-01,  ..., 4.7704e-01,
           1.0663e-04, 3.6333e-01],
          [1.0754e-01, 3.1964e-01, 2.8180e-01,  ..., 3.4212e-01,
           1.1585e-01, 9.9170e-01]],

         [[9.0046e-01, 9.7164e-01, 8.6021e-01,  ..., 5.9879e-01,
           1.1528e-01, 5.5567e-01],
          [5.1095e-01, 9.7178e-01, 9.4768e-01,  ..., 7.1291e-02,
           9.5047e-01, 1.5697e-01],
          [5.4147e-01, 6.7150e-01, 8.2067e-01,  ..., 1.6364e-01,
           4.5385e-01, 2.0641e-01],
          ...,
          [1.8989e-01, 9.6769e-01, 8.5078e-01,  ..., 2.8118e-01,
           8.1681e-01, 4.4012e-02],
          [5.0043e-03, 8.8237e-01, 1.9029e-01,  ..., 6.0915e-01,
           4.2060e-01, 8.6898e-01],
          [3.9320e-01, 6.7722e-01, 4.2783e-01,  ..., 6.5125e-01,
           2.2607e-01, 6.3317e-01]]],


        [[[7.4960e-01, 8.3183e-01, 7.3271e-02,  ..., 7.3831e-03,
           3.9625e-01, 9.4819e-01],
          [6.4310e-01, 3.6265e-02, 5.0559e-01,  ..., 8.7030e-01,
           5.3831e-01, 4.6748e-01],
          [3.3247e-01, 1.1187e-01, 1.7073e-01,  ..., 7.5150e-01,
           6.2339e-01, 6.3050e-01],
          ...,
          [5.3036e-01, 4.3648e-01, 5.0484e-01,  ..., 3.2773e-01,
           8.2624e-01, 4.1767e-01],
          [1.8534e-01, 3.6672e-01, 6.1589e-01,  ..., 2.3227e-01,
           5.6537e-01, 3.2620e-01],
          [3.1550e-01, 6.0555e-01, 3.0468e-01,  ..., 3.6772e-01,
           2.9716e-01, 2.4092e-01]],

         [[4.5227e-02, 1.4966e-01, 5.8503e-01,  ..., 4.8626e-01,
           6.9086e-01, 6.2836e-01],
          [9.5197e-01, 2.9701e-01, 1.1178e-01,  ..., 9.8060e-01,
           1.2122e-01, 2.8751e-01],
          [9.9678e-01, 3.1172e-01, 9.4396e-01,  ..., 1.2329e-01,
           8.2396e-01, 1.0228e-01],
          ...,
          [4.1525e-01, 3.4881e-01, 9.6886e-01,  ..., 7.2046e-01,
           8.5337e-01, 3.1040e-01],
          [5.5845e-01, 1.7780e-01, 1.9979e-01,  ..., 9.9969e-01,
           7.1350e-01, 9.7024e-01],
          [2.8593e-02, 2.4312e-01, 1.4472e-01,  ..., 3.3564e-01,
           5.7151e-01, 4.6486e-01]],

         [[4.7985e-01, 3.8988e-02, 4.7627e-01,  ..., 2.4208e-01,
           4.3457e-01, 4.0463e-01],
          [3.9185e-02, 5.2187e-01, 7.7643e-01,  ..., 9.7914e-01,
           7.7544e-01, 6.0944e-01],
          [1.2335e-01, 1.5122e-01, 9.7816e-01,  ..., 2.4149e-01,
           7.9640e-01, 3.8947e-01],
          ...,
          [3.7342e-01, 6.5284e-02, 5.5408e-02,  ..., 5.4062e-01,
           6.8563e-01, 6.4640e-01],
          [9.0408e-01, 5.9547e-01, 3.9146e-02,  ..., 8.1743e-01,
           5.0292e-01, 7.9204e-01],
          [6.4452e-01, 9.5967e-01, 4.8701e-01,  ..., 4.9865e-02,
           1.1932e-01, 3.8747e-01]],

         ...,

         [[7.7116e-01, 2.3467e-01, 2.5909e-01,  ..., 2.5304e-02,
           2.5535e-01, 1.5898e-01],
          [5.6197e-01, 6.6113e-01, 3.1225e-01,  ..., 3.0953e-01,
           9.3716e-01, 7.6629e-01],
          [2.8406e-01, 6.7371e-01, 7.7960e-01,  ..., 3.8043e-01,
           9.4588e-02, 8.9967e-01],
          ...,
          [8.2264e-01, 5.4478e-01, 8.8618e-01,  ..., 9.1507e-01,
           2.3352e-01, 6.2705e-01],
          [2.4211e-01, 7.5994e-01, 8.3027e-01,  ..., 3.2538e-01,
           6.1804e-01, 3.9208e-01],
          [2.8250e-01, 5.0218e-01, 6.1595e-01,  ..., 9.2622e-02,
           8.2833e-01, 8.3446e-01]],

         [[9.2204e-01, 3.5485e-01, 6.6049e-01,  ..., 8.7965e-01,
           4.4228e-01, 1.1924e-01],
          [4.0657e-01, 2.1889e-02, 8.6420e-01,  ..., 1.5977e-02,
           5.8652e-01, 8.2261e-01],
          [2.2821e-02, 5.0063e-02, 6.1192e-01,  ..., 2.8937e-01,
           5.2045e-01, 8.4351e-01],
          ...,
          [9.6824e-01, 4.2188e-01, 5.0653e-01,  ..., 3.8560e-01,
           6.7017e-01, 3.5717e-01],
          [7.0515e-01, 7.8656e-01, 8.2565e-01,  ..., 7.5426e-01,
           7.9127e-01, 1.4758e-01],
          [3.0152e-01, 3.4343e-01, 8.4805e-01,  ..., 4.2897e-01,
           2.9708e-02, 1.1444e-01]],

         [[2.5438e-01, 7.2383e-01, 1.2094e-01,  ..., 3.2049e-01,
           4.1045e-01, 6.1241e-01],
          [8.9791e-01, 3.6098e-01, 9.1601e-02,  ..., 6.3052e-01,
           1.4276e-01, 1.3126e-01],
          [3.2613e-01, 4.8217e-01, 6.5560e-01,  ..., 8.9497e-02,
           1.7940e-01, 9.1301e-01],
          ...,
          [8.7475e-01, 6.0567e-01, 6.5866e-01,  ..., 7.2146e-01,
           2.1647e-01, 5.3431e-01],
          [1.7854e-01, 4.8470e-02, 6.2038e-01,  ..., 4.2625e-01,
           7.0973e-01, 1.8723e-01],
          [3.6810e-01, 3.7726e-02, 7.1550e-01,  ..., 8.0735e-01,
           4.8307e-01, 4.3583e-01]]]])
