tensor([[[[5.8664e-01, 1.5650e-01, 4.0157e-01,  ..., 3.8883e-01,
           1.3685e-01, 6.1518e-01],
          [7.1084e-01, 5.2837e-01, 1.5244e-01,  ..., 8.3115e-01,
           6.6644e-01, 7.3803e-02],
          [9.0068e-01, 3.7246e-01, 9.3493e-01,  ..., 6.5836e-01,
           2.8799e-01, 7.0532e-01],
          ...,
          [6.0686e-01, 5.0479e-01, 6.2045e-01,  ..., 1.3202e-02,
           7.8320e-01, 2.9619e-01],
          [4.1353e-01, 8.0364e-01, 4.5037e-02,  ..., 9.5518e-02,
           6.6607e-01, 4.1141e-01],
          [5.1950e-01, 9.3731e-01, 9.8516e-01,  ..., 1.9066e-01,
           1.2932e-01, 3.6887e-01]],

         [[4.6510e-01, 9.0234e-01, 7.5864e-01,  ..., 6.8121e-01,
           2.3615e-01, 6.1615e-01],
          [8.4113e-01, 5.8544e-01, 7.9279e-01,  ..., 6.3416e-01,
           4.6967e-01, 7.4559e-01],
          [5.9793e-01, 5.8651e-01, 2.3013e-01,  ..., 6.5683e-01,
           6.3343e-01, 8.1067e-01],
          ...,
          [1.9049e-01, 6.9313e-02, 3.1481e-01,  ..., 9.9232e-01,
           3.8429e-01, 3.6065e-01],
          [6.7141e-01, 6.6142e-01, 2.4113e-01,  ..., 4.5055e-01,
           5.4307e-01, 1.0235e-01],
          [2.1069e-01, 3.6179e-01, 9.5689e-01,  ..., 9.6215e-01,
           9.8879e-02, 2.9350e-01]],

         [[5.0704e-01, 4.7045e-01, 2.8985e-01,  ..., 7.9922e-01,
           8.4144e-01, 6.1391e-01],
          [8.7343e-01, 2.8438e-01, 3.1728e-01,  ..., 4.9220e-01,
           9.9827e-01, 8.8132e-01],
          [1.8464e-01, 2.6397e-01, 9.9060e-01,  ..., 5.5736e-01,
           1.8168e-01, 2.4891e-01],
          ...,
          [1.3042e-01, 9.8046e-01, 1.3444e-01,  ..., 8.7312e-01,
           1.3533e-01, 3.6805e-01],
          [9.9973e-01, 6.9080e-01, 8.5141e-01,  ..., 8.0759e-01,
           2.3647e-01, 8.8310e-02],
          [5.3265e-01, 5.2559e-01, 6.5939e-01,  ..., 9.1546e-01,
           6.0878e-01, 5.9424e-01]],

         ...,

         [[8.6351e-01, 8.7371e-01, 7.7986e-01,  ..., 6.6301e-01,
           7.9876e-01, 8.6807e-02],
          [8.4154e-02, 6.3441e-01, 8.0122e-01,  ..., 3.5925e-01,
           8.1575e-01, 2.7507e-01],
          [2.4383e-01, 1.8189e-01, 8.6797e-01,  ..., 8.1274e-01,
           5.6749e-01, 4.4149e-01],
          ...,
          [2.9466e-01, 3.3971e-02, 7.7736e-01,  ..., 2.0882e-01,
           9.8271e-01, 2.5777e-01],
          [1.4166e-01, 2.6356e-01, 4.4418e-01,  ..., 6.7759e-01,
           6.8541e-01, 1.0877e-01],
          [6.8274e-01, 5.4932e-01, 3.5049e-01,  ..., 5.9779e-01,
           4.6838e-01, 1.4987e-01]],

         [[2.9078e-01, 5.3416e-01, 4.7531e-01,  ..., 3.8163e-01,
           4.1589e-01, 4.4285e-01],
          [5.7715e-01, 6.2397e-01, 8.2172e-01,  ..., 3.3625e-01,
           9.7197e-01, 6.2486e-01],
          [8.0384e-01, 9.2258e-01, 6.8963e-01,  ..., 4.2918e-01,
           9.3718e-01, 2.5609e-01],
          ...,
          [6.4404e-01, 9.5471e-01, 3.8230e-01,  ..., 7.6757e-01,
           2.3863e-01, 2.5633e-01],
          [8.1865e-01, 9.0630e-01, 8.0982e-01,  ..., 9.5561e-01,
           6.3553e-01, 9.8340e-01],
          [5.4988e-01, 5.0563e-01, 9.3056e-01,  ..., 7.0141e-01,
           6.1990e-01, 1.5769e-01]],

         [[5.1582e-01, 5.5273e-01, 7.7212e-01,  ..., 4.4259e-01,
           4.8837e-01, 4.5196e-01],
          [1.2659e-01, 6.1345e-01, 2.7420e-01,  ..., 9.7497e-01,
           1.9955e-01, 5.2227e-01],
          [5.2844e-01, 6.0778e-01, 4.7831e-01,  ..., 5.5872e-01,
           5.9087e-01, 5.1482e-01],
          ...,
          [8.6077e-01, 7.1368e-01, 9.9303e-01,  ..., 6.5037e-01,
           6.1857e-01, 1.1057e-01],
          [3.3295e-01, 6.3388e-01, 1.2490e-01,  ..., 3.8502e-01,
           1.7846e-01, 1.3734e-01],
          [5.2287e-01, 4.3973e-01, 7.8676e-01,  ..., 7.9198e-01,
           7.6206e-01, 2.1268e-01]]],


        [[[3.7663e-01, 2.7962e-02, 5.9356e-01,  ..., 8.7184e-02,
           1.4409e-01, 9.5602e-03],
          [3.1176e-01, 9.7670e-01, 7.5816e-01,  ..., 3.2416e-01,
           3.1853e-04, 8.2764e-01],
          [1.2613e-01, 7.1833e-01, 8.8971e-01,  ..., 9.1031e-01,
           4.8209e-01, 3.6709e-01],
          ...,
          [8.1789e-01, 4.1990e-01, 5.2080e-01,  ..., 9.0665e-01,
           5.5443e-01, 3.2402e-01],
          [7.3648e-01, 8.5338e-01, 1.6566e-01,  ..., 6.8091e-01,
           9.6606e-01, 1.2004e-01],
          [4.6716e-01, 6.3878e-01, 1.7888e-01,  ..., 5.4818e-01,
           2.4608e-01, 6.9836e-01]],

         [[2.2319e-03, 2.7185e-01, 2.5371e-02,  ..., 6.4988e-02,
           2.3844e-01, 2.7217e-01],
          [4.6283e-01, 6.8632e-01, 4.6127e-02,  ..., 8.3648e-02,
           1.3465e-01, 9.9874e-01],
          [5.1648e-01, 3.3154e-02, 6.6326e-01,  ..., 6.3263e-01,
           8.1733e-01, 2.4989e-01],
          ...,
          [3.4927e-01, 9.7668e-01, 1.7435e-01,  ..., 9.0882e-01,
           5.1775e-01, 3.3846e-01],
          [1.2627e-01, 4.2411e-01, 2.7927e-01,  ..., 8.4423e-01,
           3.2418e-01, 4.1685e-01],
          [5.6931e-01, 5.6377e-01, 8.3798e-02,  ..., 5.9875e-01,
           7.4728e-01, 8.9933e-01]],

         [[6.2742e-01, 5.4810e-01, 5.8413e-01,  ..., 9.8366e-01,
           8.9090e-01, 5.8602e-01],
          [1.2790e-01, 6.6276e-02, 6.5352e-01,  ..., 8.2439e-01,
           2.9153e-01, 9.8458e-01],
          [8.5947e-01, 9.6862e-01, 1.1574e-02,  ..., 5.4456e-01,
           7.8872e-01, 9.7514e-01],
          ...,
          [8.1987e-01, 3.7222e-01, 9.8950e-01,  ..., 4.6155e-01,
           2.6012e-01, 6.4543e-01],
          [3.1289e-01, 9.7496e-01, 5.7830e-01,  ..., 2.0903e-01,
           4.5335e-01, 1.1860e-01],
          [5.7617e-01, 7.6179e-01, 2.0432e-01,  ..., 7.9012e-01,
           2.7898e-01, 2.4471e-01]],

         ...,

         [[9.7150e-01, 2.5556e-02, 6.3353e-01,  ..., 7.7322e-01,
           8.5528e-01, 5.8096e-01],
          [9.5119e-01, 6.3851e-01, 8.6320e-01,  ..., 2.0925e-01,
           8.1885e-01, 1.5583e-01],
          [6.2944e-01, 9.9043e-03, 5.7626e-01,  ..., 8.8057e-01,
           2.7124e-01, 5.8142e-01],
          ...,
          [2.1430e-01, 2.5767e-01, 4.8966e-02,  ..., 4.5439e-01,
           2.4691e-01, 9.6066e-02],
          [3.7821e-01, 9.9714e-01, 9.0118e-01,  ..., 9.0924e-02,
           3.6145e-02, 3.5871e-01],
          [2.2117e-02, 4.9742e-01, 6.7399e-01,  ..., 4.4815e-01,
           5.3266e-01, 1.8426e-01]],

         [[7.9310e-01, 6.5931e-01, 2.6913e-01,  ..., 8.1403e-01,
           6.1545e-02, 2.6658e-01],
          [8.3394e-01, 3.0888e-01, 2.7396e-01,  ..., 5.9654e-01,
           1.7201e-01, 2.6351e-01],
          [2.3879e-01, 9.6536e-01, 1.9561e-01,  ..., 4.4250e-01,
           6.5124e-01, 7.0531e-01],
          ...,
          [9.7714e-01, 1.1835e-01, 1.6444e-01,  ..., 6.4603e-01,
           5.9311e-01, 6.1480e-01],
          [9.4276e-01, 6.9619e-01, 3.4880e-01,  ..., 1.6310e-01,
           2.8155e-01, 3.3704e-01],
          [7.3030e-01, 6.6682e-01, 7.8019e-01,  ..., 7.9960e-01,
           3.4632e-03, 5.0565e-01]],

         [[9.2899e-01, 1.5652e-01, 2.1329e-01,  ..., 7.6168e-01,
           3.1812e-01, 7.1754e-02],
          [9.8355e-01, 2.0014e-02, 9.6902e-01,  ..., 2.2330e-01,
           3.3349e-02, 8.2896e-01],
          [7.3389e-01, 7.7750e-01, 6.6919e-01,  ..., 7.4930e-01,
           3.5794e-01, 1.0145e-01],
          ...,
          [1.9547e-02, 2.7130e-01, 2.4299e-01,  ..., 5.1004e-01,
           4.3574e-01, 5.5149e-01],
          [2.8376e-01, 8.7787e-01, 7.4684e-01,  ..., 2.6664e-01,
           1.3576e-01, 2.6286e-01],
          [6.3077e-01, 8.8670e-02, 6.8794e-01,  ..., 4.9154e-01,
           7.3044e-01, 8.6368e-01]]],


        [[[2.5593e-01, 9.9414e-01, 5.1768e-01,  ..., 4.9395e-02,
           7.9432e-02, 2.2573e-01],
          [9.8284e-01, 4.3935e-01, 3.5761e-01,  ..., 4.2293e-01,
           7.7481e-01, 6.1871e-01],
          [7.9538e-01, 9.5832e-01, 5.2145e-02,  ..., 8.2525e-01,
           1.8975e-01, 7.2581e-01],
          ...,
          [6.1854e-01, 7.7347e-01, 4.7066e-01,  ..., 4.4202e-01,
           6.7755e-01, 1.1366e-01],
          [5.1454e-01, 7.8487e-01, 5.7614e-01,  ..., 8.4324e-01,
           1.3330e-02, 6.4896e-01],
          [7.5823e-01, 2.2405e-01, 6.6466e-01,  ..., 3.7012e-01,
           3.5202e-01, 4.1389e-01]],

         [[8.9388e-01, 3.4328e-01, 6.3630e-03,  ..., 9.3944e-01,
           3.4519e-01, 4.4528e-01],
          [5.6147e-01, 8.5825e-01, 1.5806e-02,  ..., 6.9341e-02,
           9.1437e-02, 8.9096e-01],
          [7.2290e-01, 1.1571e-01, 7.7106e-01,  ..., 2.8409e-01,
           2.4090e-01, 4.9685e-01],
          ...,
          [8.5899e-01, 9.0451e-01, 4.2158e-01,  ..., 5.4719e-01,
           3.6496e-01, 7.7096e-01],
          [4.8494e-01, 3.1145e-02, 7.9151e-01,  ..., 8.5586e-01,
           9.4807e-01, 5.4139e-01],
          [5.6236e-01, 6.5208e-01, 4.6748e-01,  ..., 6.2068e-01,
           6.0395e-01, 3.2756e-01]],

         [[5.1028e-01, 3.2517e-01, 1.5350e-01,  ..., 6.8361e-01,
           2.8017e-01, 5.6433e-01],
          [5.1568e-01, 2.1934e-01, 4.3607e-01,  ..., 9.9933e-01,
           2.5247e-01, 2.7399e-01],
          [8.3431e-01, 4.6315e-01, 7.6613e-01,  ..., 9.8562e-01,
           8.8936e-01, 8.7239e-01],
          ...,
          [8.4504e-01, 5.4230e-02, 5.4188e-02,  ..., 8.7304e-01,
           6.4096e-01, 7.1939e-01],
          [4.2098e-01, 5.1607e-03, 7.0603e-01,  ..., 6.4687e-01,
           9.0849e-01, 4.7989e-01],
          [8.2177e-01, 5.2682e-01, 6.0726e-01,  ..., 2.1525e-01,
           9.0135e-01, 1.4466e-01]],

         ...,

         [[2.9633e-01, 2.2331e-01, 1.9928e-01,  ..., 2.6593e-01,
           2.8657e-03, 8.2793e-01],
          [5.9902e-01, 6.7605e-02, 9.5940e-02,  ..., 5.7688e-01,
           3.0598e-01, 1.5382e-01],
          [2.9474e-01, 7.0237e-01, 3.4620e-01,  ..., 2.2503e-01,
           6.8594e-01, 6.5453e-01],
          ...,
          [8.2880e-01, 7.0250e-01, 2.8522e-01,  ..., 2.1533e-01,
           3.2924e-01, 3.5874e-01],
          [7.4317e-01, 8.0646e-02, 7.5108e-01,  ..., 2.8061e-01,
           8.0125e-01, 8.9385e-01],
          [2.8511e-01, 5.6251e-01, 1.7180e-01,  ..., 3.7194e-01,
           8.5406e-01, 4.3041e-01]],

         [[4.6847e-01, 1.4812e-01, 2.3175e-01,  ..., 4.3344e-01,
           8.4985e-01, 3.0412e-01],
          [7.0366e-01, 1.5005e-01, 3.5167e-01,  ..., 7.2471e-01,
           3.0700e-01, 9.3380e-01],
          [7.5202e-01, 6.7122e-01, 9.9569e-01,  ..., 7.2761e-01,
           3.0987e-01, 5.1880e-02],
          ...,
          [4.7739e-01, 2.5494e-01, 5.8927e-01,  ..., 2.8618e-01,
           9.1976e-01, 4.3916e-01],
          [6.7461e-01, 5.6296e-01, 9.0864e-01,  ..., 6.0026e-01,
           6.0805e-01, 8.8417e-01],
          [7.4697e-01, 3.4604e-01, 3.1977e-01,  ..., 7.2864e-01,
           8.1626e-01, 5.1587e-01]],

         [[3.0885e-01, 7.8958e-01, 5.6582e-01,  ..., 5.8719e-01,
           9.5287e-01, 1.2122e-01],
          [3.3476e-01, 1.7312e-01, 2.4313e-01,  ..., 1.9059e-01,
           1.5934e-01, 3.4269e-01],
          [4.6433e-01, 2.8432e-01, 2.2049e-01,  ..., 4.6193e-02,
           7.1265e-01, 8.6291e-01],
          ...,
          [2.7395e-01, 3.2460e-01, 3.4112e-02,  ..., 6.0547e-01,
           3.6624e-01, 6.4380e-01],
          [6.0755e-01, 2.9563e-01, 6.2329e-01,  ..., 2.4885e-01,
           1.2222e-01, 1.4817e-01],
          [9.3001e-01, 6.2853e-01, 9.6749e-01,  ..., 4.0048e-01,
           6.7213e-01, 6.9090e-01]]],


        ...,


        [[[3.4802e-01, 6.5821e-01, 1.7989e-01,  ..., 5.4522e-01,
           6.6905e-01, 9.6832e-01],
          [1.3375e-01, 1.6402e-02, 8.0182e-01,  ..., 9.8697e-01,
           4.7318e-01, 2.8638e-01],
          [2.1057e-01, 1.6248e-01, 4.5631e-01,  ..., 6.2942e-01,
           8.6854e-01, 7.9764e-01],
          ...,
          [3.4312e-01, 8.5615e-02, 7.6791e-01,  ..., 2.2319e-01,
           3.8327e-01, 8.2478e-01],
          [7.7631e-01, 6.0903e-01, 8.2793e-01,  ..., 3.8461e-01,
           5.3249e-01, 5.1459e-01],
          [5.1707e-01, 7.5886e-01, 3.3569e-01,  ..., 2.8782e-02,
           3.9474e-01, 4.1298e-01]],

         [[8.6378e-02, 4.7477e-01, 9.5991e-01,  ..., 8.3458e-02,
           6.1081e-01, 4.7036e-01],
          [5.6915e-01, 8.5401e-02, 2.7695e-01,  ..., 8.2258e-01,
           5.9610e-01, 9.2659e-01],
          [2.6515e-01, 5.3102e-01, 8.6794e-01,  ..., 5.9748e-01,
           4.7319e-01, 9.0787e-01],
          ...,
          [1.9253e-01, 3.6452e-02, 9.9541e-02,  ..., 9.6903e-01,
           4.7027e-01, 4.4762e-01],
          [9.2527e-01, 6.7520e-01, 9.4633e-01,  ..., 3.7727e-01,
           8.5878e-01, 9.4778e-02],
          [8.2716e-01, 1.9693e-01, 8.9891e-01,  ..., 7.6547e-01,
           9.0647e-01, 8.3404e-01]],

         [[4.0954e-01, 7.8422e-01, 2.2560e-01,  ..., 7.7296e-01,
           1.0541e-02, 8.8564e-01],
          [1.6760e-01, 3.0956e-01, 3.5636e-01,  ..., 5.0968e-02,
           3.4640e-01, 8.4777e-01],
          [2.9190e-01, 7.4254e-01, 7.8363e-01,  ..., 4.1295e-01,
           2.7224e-01, 6.1047e-01],
          ...,
          [8.1529e-01, 5.0937e-02, 9.1191e-02,  ..., 8.8802e-01,
           5.5108e-01, 7.4739e-01],
          [9.9837e-02, 3.8807e-01, 5.5681e-01,  ..., 9.0129e-01,
           3.5655e-01, 3.0295e-01],
          [9.0829e-01, 7.7525e-01, 8.6824e-01,  ..., 9.0741e-01,
           5.3110e-01, 3.1453e-01]],

         ...,

         [[6.1041e-01, 4.8851e-01, 4.2457e-01,  ..., 3.3901e-01,
           1.7535e-01, 9.2601e-01],
          [6.6682e-01, 1.9654e-01, 4.6675e-03,  ..., 3.6362e-01,
           1.6519e-01, 4.6521e-02],
          [6.6561e-01, 9.2507e-01, 6.7597e-01,  ..., 7.6360e-01,
           6.3015e-01, 4.5343e-01],
          ...,
          [6.0695e-01, 1.2338e-01, 2.9173e-01,  ..., 2.1241e-01,
           6.4851e-02, 9.2608e-01],
          [7.8411e-01, 5.0643e-01, 4.0174e-04,  ..., 8.5696e-01,
           3.5394e-01, 3.6571e-02],
          [2.1787e-01, 2.9002e-01, 3.9654e-01,  ..., 1.8237e-01,
           5.3986e-01, 3.5353e-01]],

         [[1.2914e-01, 9.9157e-01, 2.5350e-01,  ..., 2.1811e-01,
           5.0888e-01, 9.1833e-01],
          [3.4582e-01, 5.8153e-01, 8.6346e-01,  ..., 2.3298e-01,
           3.3210e-01, 2.0107e-01],
          [8.2636e-01, 5.9231e-01, 7.2640e-01,  ..., 4.2592e-02,
           9.5912e-01, 1.0397e-01],
          ...,
          [7.8562e-01, 9.0236e-01, 1.0580e-01,  ..., 7.1619e-01,
           7.0455e-01, 2.5986e-01],
          [9.3661e-01, 3.4512e-01, 4.5965e-01,  ..., 7.9520e-01,
           4.2530e-01, 4.7942e-01],
          [7.3854e-01, 6.2665e-01, 3.2017e-01,  ..., 1.2354e-02,
           3.0914e-01, 4.3118e-01]],

         [[5.8051e-01, 3.4310e-02, 3.7773e-01,  ..., 5.7233e-01,
           1.3214e-01, 9.3055e-01],
          [4.3666e-01, 9.2849e-02, 5.0811e-01,  ..., 1.7928e-01,
           7.1198e-02, 5.1841e-01],
          [3.4877e-01, 1.1790e-01, 2.4108e-01,  ..., 1.7958e-01,
           2.4605e-03, 4.9690e-01],
          ...,
          [8.1387e-01, 7.2370e-01, 2.0875e-01,  ..., 3.3111e-01,
           7.2187e-01, 7.4759e-01],
          [1.4562e-02, 3.6520e-01, 9.3609e-01,  ..., 5.5599e-01,
           3.0508e-01, 2.1340e-01],
          [2.1733e-01, 8.7805e-01, 6.8855e-01,  ..., 2.9529e-02,
           8.5331e-01, 8.8110e-01]]],


        [[[8.9826e-01, 8.6929e-01, 8.6109e-02,  ..., 1.5424e-01,
           4.0913e-01, 9.1676e-01],
          [4.7731e-01, 5.9282e-01, 8.1947e-01,  ..., 5.5110e-01,
           5.5337e-01, 2.7375e-01],
          [9.4682e-01, 3.5095e-01, 4.1302e-01,  ..., 6.3220e-01,
           9.7733e-01, 3.6553e-01],
          ...,
          [5.9312e-01, 5.2784e-01, 6.4292e-01,  ..., 1.9387e-01,
           9.4130e-01, 6.6702e-01],
          [9.2111e-02, 6.2336e-01, 1.0980e-01,  ..., 5.8432e-01,
           4.0730e-02, 8.8668e-02],
          [7.3849e-01, 8.0372e-01, 1.5585e-01,  ..., 4.8980e-01,
           2.1227e-01, 5.0447e-01]],

         [[3.8043e-01, 5.8930e-01, 5.5780e-01,  ..., 2.7146e-01,
           1.2471e-01, 9.3814e-02],
          [9.6899e-01, 7.1596e-01, 7.3151e-01,  ..., 3.7402e-01,
           6.7442e-02, 4.0182e-01],
          [1.2805e-01, 9.6887e-01, 5.0083e-01,  ..., 9.0819e-01,
           7.6496e-01, 3.8865e-03],
          ...,
          [4.9307e-01, 5.8221e-01, 4.7712e-01,  ..., 3.6399e-01,
           7.9411e-01, 9.1826e-01],
          [5.3142e-01, 2.1132e-01, 5.5506e-02,  ..., 9.2757e-01,
           9.4504e-02, 9.0006e-01],
          [4.9666e-01, 2.2270e-01, 1.8614e-01,  ..., 9.0221e-01,
           2.7164e-01, 9.0343e-01]],

         [[8.3356e-01, 8.3435e-02, 6.2299e-01,  ..., 5.3693e-02,
           5.2590e-01, 4.5921e-01],
          [5.3231e-01, 8.0566e-01, 3.4902e-01,  ..., 2.8066e-01,
           4.7830e-01, 5.0054e-01],
          [5.9201e-01, 4.9972e-01, 5.2773e-01,  ..., 6.9936e-01,
           2.6398e-01, 7.3727e-01],
          ...,
          [3.4394e-01, 1.7608e-01, 4.5722e-01,  ..., 4.7138e-01,
           8.1504e-01, 1.9019e-01],
          [4.8410e-01, 4.9551e-01, 4.2339e-01,  ..., 9.3355e-01,
           6.8878e-01, 4.1162e-01],
          [7.4396e-01, 5.4026e-01, 6.8016e-01,  ..., 8.1449e-01,
           6.0905e-01, 8.1731e-01]],

         ...,

         [[8.4070e-01, 9.3070e-01, 6.7347e-01,  ..., 1.8812e-02,
           3.4344e-03, 8.2384e-01],
          [9.7333e-01, 4.7435e-01, 3.5843e-01,  ..., 4.3330e-01,
           8.1326e-01, 4.8987e-01],
          [1.9888e-01, 1.1906e-01, 7.0474e-01,  ..., 7.7859e-01,
           4.1900e-01, 1.2129e-01],
          ...,
          [7.8680e-01, 2.1693e-01, 1.8882e-01,  ..., 6.4665e-01,
           6.3773e-01, 7.8232e-01],
          [7.3359e-01, 4.0187e-01, 3.3930e-01,  ..., 4.2444e-02,
           9.1797e-01, 7.9483e-01],
          [8.7795e-01, 5.5885e-01, 8.9567e-01,  ..., 5.6806e-01,
           8.5583e-01, 4.3894e-01]],

         [[8.8597e-01, 5.4264e-01, 7.6241e-01,  ..., 6.2507e-01,
           7.0925e-01, 3.0148e-01],
          [5.4310e-01, 4.7557e-01, 2.9374e-01,  ..., 4.2252e-02,
           9.8436e-01, 2.7562e-01],
          [7.8567e-01, 1.5685e-01, 3.1022e-01,  ..., 4.7903e-01,
           7.1778e-01, 8.6828e-01],
          ...,
          [9.3262e-01, 3.9553e-01, 8.4347e-01,  ..., 9.4065e-01,
           4.4535e-01, 6.0396e-01],
          [1.9214e-02, 5.3241e-01, 9.8944e-01,  ..., 3.1373e-01,
           2.5026e-01, 5.4026e-01],
          [6.0468e-02, 8.6298e-01, 4.3040e-01,  ..., 9.4399e-01,
           7.7741e-01, 3.3699e-01]],

         [[1.4729e-01, 9.1300e-01, 9.9087e-01,  ..., 3.6255e-01,
           5.9526e-01, 9.1427e-01],
          [9.4420e-01, 8.9319e-01, 9.4676e-01,  ..., 2.3520e-01,
           8.9826e-01, 5.0126e-01],
          [3.4057e-01, 8.3541e-01, 7.7889e-02,  ..., 9.5449e-03,
           9.4597e-01, 2.4360e-01],
          ...,
          [7.8971e-01, 3.3754e-01, 5.5352e-02,  ..., 7.0403e-01,
           3.6705e-01, 5.0334e-01],
          [2.9923e-01, 7.5535e-01, 1.0567e-01,  ..., 5.1186e-01,
           1.0797e-01, 7.7374e-01],
          [2.1259e-01, 4.0275e-01, 9.2111e-01,  ..., 8.3144e-01,
           8.5523e-01, 6.6075e-01]]],


        [[[8.5720e-01, 4.4342e-01, 9.8610e-01,  ..., 4.8276e-02,
           9.7311e-01, 6.0738e-01],
          [2.5380e-01, 2.5091e-01, 9.9922e-01,  ..., 1.8721e-01,
           6.1393e-02, 2.8104e-01],
          [1.0806e-01, 8.1403e-01, 9.2389e-01,  ..., 1.3677e-01,
           8.3419e-01, 7.4169e-01],
          ...,
          [8.0002e-03, 2.2063e-01, 3.9875e-01,  ..., 4.7943e-01,
           8.0145e-01, 8.6251e-01],
          [6.9366e-01, 4.7091e-01, 2.8469e-01,  ..., 5.6512e-01,
           8.5605e-01, 6.3868e-01],
          [6.8437e-01, 9.2588e-01, 1.5458e-01,  ..., 5.7231e-01,
           2.3134e-01, 8.9436e-01]],

         [[9.3899e-01, 9.8489e-01, 9.3179e-01,  ..., 4.3814e-01,
           5.9601e-02, 2.3344e-02],
          [7.3804e-01, 3.0177e-01, 9.8333e-01,  ..., 7.9190e-01,
           3.7267e-01, 7.9265e-01],
          [7.8550e-01, 8.1681e-01, 9.9473e-01,  ..., 5.8359e-01,
           6.0886e-01, 2.0251e-01],
          ...,
          [4.8154e-01, 5.2153e-02, 5.7494e-01,  ..., 9.6781e-01,
           7.4895e-01, 3.7807e-01],
          [9.0609e-01, 6.3061e-01, 3.4086e-01,  ..., 3.4836e-01,
           7.1526e-01, 2.9905e-02],
          [6.3746e-01, 7.3956e-01, 9.7513e-01,  ..., 2.0961e-01,
           5.3432e-01, 6.4734e-01]],

         [[5.6584e-01, 8.3239e-01, 6.9409e-01,  ..., 8.6327e-01,
           9.8736e-01, 6.5148e-01],
          [8.9135e-01, 7.2602e-02, 1.3122e-01,  ..., 9.5543e-01,
           8.3055e-01, 2.6148e-01],
          [6.0202e-01, 3.3732e-01, 6.9616e-01,  ..., 8.0565e-01,
           9.6417e-01, 6.4996e-01],
          ...,
          [1.2453e-01, 4.8204e-01, 9.8791e-01,  ..., 5.0958e-01,
           4.9618e-01, 3.3137e-01],
          [4.8361e-01, 1.7602e-02, 2.5825e-01,  ..., 8.2330e-01,
           2.0494e-01, 1.2331e-01],
          [7.9082e-01, 7.3960e-01, 2.8228e-01,  ..., 8.2850e-01,
           9.9490e-01, 6.4114e-01]],

         ...,

         [[3.7950e-01, 1.2941e-01, 6.3982e-02,  ..., 5.9486e-01,
           9.4895e-01, 4.5836e-01],
          [6.7699e-01, 6.7066e-01, 6.1223e-01,  ..., 5.4656e-01,
           2.6287e-01, 7.3537e-01],
          [7.1086e-01, 3.6636e-01, 9.3250e-01,  ..., 4.0624e-01,
           6.3489e-02, 7.6173e-01],
          ...,
          [2.5115e-01, 2.3503e-01, 7.6508e-01,  ..., 7.3671e-01,
           1.9269e-01, 7.5285e-01],
          [6.1065e-01, 7.9081e-01, 6.6273e-01,  ..., 2.6951e-01,
           5.1046e-01, 1.7029e-01],
          [2.2180e-01, 3.3878e-01, 1.7612e-01,  ..., 1.6624e-01,
           7.0500e-01, 6.4075e-01]],

         [[3.0559e-01, 7.3686e-01, 1.8962e-01,  ..., 1.8468e-01,
           8.9932e-01, 9.7429e-01],
          [6.6533e-01, 4.6618e-01, 3.2226e-01,  ..., 2.2361e-01,
           6.7498e-01, 5.5964e-01],
          [3.6037e-01, 1.1895e-01, 1.3640e-01,  ..., 7.4175e-01,
           6.6431e-01, 3.6898e-01],
          ...,
          [3.8197e-01, 3.9357e-01, 2.6679e-01,  ..., 6.7547e-01,
           9.0274e-01, 5.0771e-03],
          [1.9126e-01, 2.2220e-02, 9.5534e-02,  ..., 2.9383e-01,
           8.0228e-01, 9.4624e-02],
          [7.2360e-01, 1.8596e-01, 8.6396e-01,  ..., 7.1960e-01,
           6.8858e-01, 5.0393e-02]],

         [[3.8073e-01, 6.2247e-01, 1.2585e-01,  ..., 1.8533e-01,
           3.5207e-02, 8.3614e-01],
          [4.0086e-01, 3.1133e-01, 6.6575e-01,  ..., 8.2267e-01,
           5.9601e-01, 7.3062e-01],
          [5.6742e-03, 1.6064e-01, 5.9904e-01,  ..., 4.6807e-01,
           4.7352e-01, 6.2285e-02],
          ...,
          [9.8362e-01, 8.8599e-01, 6.9639e-01,  ..., 1.7783e-01,
           5.5480e-01, 5.1245e-01],
          [7.7177e-01, 2.7072e-01, 9.4893e-02,  ..., 2.4807e-01,
           8.6671e-01, 3.0324e-01],
          [8.9089e-01, 4.8359e-02, 7.4595e-01,  ..., 2.3607e-01,
           9.5760e-01, 6.8868e-01]]]])
