tensor([[[[4.2500e-01, 7.7230e-01, 4.4477e-01,  ..., 3.5855e-01,
           4.9005e-01, 5.6070e-01],
          [5.3506e-01, 7.3847e-01, 6.3800e-01,  ..., 7.9999e-01,
           8.9336e-01, 3.7643e-01],
          [7.7284e-02, 6.8539e-02, 7.6997e-01,  ..., 8.5557e-01,
           7.7985e-01, 2.2665e-01],
          ...,
          [8.6012e-02, 5.5256e-01, 8.6357e-01,  ..., 7.1540e-01,
           1.9166e-01, 3.0599e-01],
          [2.3694e-01, 4.2851e-01, 5.7963e-01,  ..., 8.5726e-01,
           8.1943e-02, 1.3911e-01],
          [7.9929e-01, 4.6402e-01, 7.8142e-01,  ..., 7.6398e-01,
           3.7194e-01, 6.3344e-01]],

         [[7.6979e-02, 9.2785e-02, 8.3585e-01,  ..., 7.5538e-01,
           3.6010e-01, 2.9645e-01],
          [2.4066e-01, 6.7749e-01, 7.5486e-01,  ..., 6.4137e-01,
           8.2205e-01, 6.2899e-01],
          [1.0893e-01, 5.7832e-01, 3.8238e-01,  ..., 3.5666e-02,
           3.7741e-01, 5.9610e-01],
          ...,
          [4.8977e-01, 8.2460e-01, 9.9475e-01,  ..., 8.8280e-01,
           9.6905e-01, 6.2713e-01],
          [3.1470e-01, 7.2371e-01, 3.5887e-01,  ..., 1.9933e-02,
           2.4462e-01, 5.9328e-01],
          [8.7386e-01, 5.2845e-01, 9.2224e-01,  ..., 9.7903e-01,
           4.5709e-01, 8.2445e-01]],

         [[3.5052e-01, 2.9314e-01, 5.8095e-02,  ..., 6.0719e-01,
           8.8866e-01, 7.9627e-01],
          [6.9296e-01, 7.8525e-01, 3.3425e-01,  ..., 6.4863e-01,
           7.0166e-01, 5.8225e-01],
          [3.6623e-01, 3.1043e-01, 4.9695e-01,  ..., 5.7220e-01,
           2.4415e-01, 8.6730e-01],
          ...,
          [6.5790e-01, 4.8935e-02, 6.0513e-01,  ..., 2.4731e-01,
           4.4070e-01, 5.5781e-01],
          [9.6226e-01, 2.3249e-01, 2.6792e-01,  ..., 6.9081e-01,
           6.2385e-01, 9.0127e-01],
          [7.7635e-01, 3.2277e-01, 2.0414e-01,  ..., 6.2519e-04,
           5.9957e-01, 3.3131e-01]],

         ...,

         [[7.7330e-01, 3.7881e-01, 1.3198e-01,  ..., 5.8275e-02,
           9.1233e-01, 8.9204e-01],
          [1.9844e-01, 6.1973e-01, 2.1295e-01,  ..., 2.7372e-01,
           7.5573e-02, 7.4532e-01],
          [8.1598e-01, 6.6712e-01, 1.3543e-01,  ..., 4.8202e-01,
           2.9181e-01, 1.0795e-01],
          ...,
          [3.4686e-01, 7.6195e-01, 7.4678e-01,  ..., 4.2660e-02,
           8.7138e-01, 6.1949e-01],
          [4.3952e-01, 5.5163e-01, 7.4252e-01,  ..., 5.7892e-01,
           3.3495e-02, 2.2794e-01],
          [8.4394e-01, 1.9895e-01, 8.8111e-01,  ..., 5.4662e-01,
           6.2615e-02, 2.7525e-01]],

         [[8.1786e-01, 2.5140e-01, 1.5818e-02,  ..., 6.7672e-01,
           5.9283e-01, 8.3652e-01],
          [4.2300e-01, 5.0225e-01, 6.5192e-01,  ..., 2.8104e-01,
           8.2252e-01, 6.9868e-01],
          [6.1604e-01, 6.9923e-01, 9.9439e-01,  ..., 4.6103e-01,
           3.5061e-01, 8.3859e-02],
          ...,
          [9.6928e-02, 7.9487e-01, 9.5238e-01,  ..., 5.9000e-01,
           3.3944e-02, 6.5862e-01],
          [1.1174e-01, 9.0721e-02, 7.7145e-01,  ..., 1.3549e-01,
           6.1935e-01, 1.9114e-01],
          [3.0650e-01, 3.7012e-01, 4.1738e-01,  ..., 5.9583e-01,
           4.7168e-01, 3.7553e-01]],

         [[1.7893e-01, 5.3891e-01, 9.2909e-01,  ..., 7.2151e-01,
           9.8724e-01, 8.7943e-01],
          [3.5563e-01, 3.5148e-01, 1.3477e-01,  ..., 5.4753e-01,
           4.2493e-01, 3.5063e-01],
          [2.7662e-01, 3.3900e-02, 6.5106e-01,  ..., 1.1319e-01,
           4.7399e-01, 5.1638e-01],
          ...,
          [1.0855e-01, 4.1316e-01, 5.6719e-01,  ..., 5.7048e-01,
           9.0801e-01, 8.7105e-01],
          [2.0797e-01, 8.6340e-01, 1.4932e-01,  ..., 9.9875e-01,
           9.4844e-01, 8.4301e-01],
          [1.7897e-03, 1.9201e-02, 8.6844e-01,  ..., 9.4690e-01,
           8.2212e-01, 7.6720e-02]]],


        [[[6.3725e-01, 2.0937e-01, 8.6028e-01,  ..., 6.2179e-01,
           2.1830e-01, 5.7396e-01],
          [5.1832e-02, 2.7434e-01, 3.7038e-01,  ..., 1.8243e-01,
           4.9300e-01, 2.3830e-01],
          [2.0430e-01, 1.3502e-01, 8.3368e-01,  ..., 1.8536e-01,
           9.0789e-01, 7.7644e-01],
          ...,
          [6.6335e-01, 5.9823e-01, 2.6796e-01,  ..., 6.7268e-01,
           3.9043e-01, 8.6065e-01],
          [7.7132e-01, 4.7484e-01, 9.6845e-02,  ..., 8.7723e-01,
           9.3304e-01, 7.4803e-01],
          [9.9594e-01, 2.3325e-01, 5.7338e-01,  ..., 2.5951e-01,
           1.9373e-01, 1.3593e-02]],

         [[6.5778e-01, 5.1367e-01, 3.9555e-01,  ..., 9.8575e-01,
           9.1807e-01, 4.2292e-01],
          [2.3830e-01, 4.2750e-01, 4.0321e-01,  ..., 7.2099e-01,
           5.3841e-01, 4.5367e-01],
          [2.9061e-01, 3.9996e-01, 2.2688e-01,  ..., 6.4577e-01,
           8.6050e-01, 1.9187e-01],
          ...,
          [4.4793e-01, 4.9444e-01, 2.1449e-01,  ..., 9.1416e-01,
           7.7100e-01, 6.2000e-01],
          [7.0902e-01, 5.0986e-01, 5.8849e-01,  ..., 8.1560e-01,
           6.9118e-02, 8.5603e-01],
          [1.7311e-01, 3.6651e-01, 3.7640e-01,  ..., 4.2126e-01,
           3.2727e-01, 4.7129e-01]],

         [[5.0370e-01, 6.2593e-01, 2.7279e-01,  ..., 5.6805e-01,
           1.8989e-01, 9.4058e-01],
          [8.0773e-01, 5.7422e-01, 2.5805e-01,  ..., 3.2446e-01,
           7.8856e-01, 8.5290e-01],
          [9.1144e-01, 8.9128e-01, 7.3570e-01,  ..., 7.2857e-01,
           3.5218e-01, 3.5956e-01],
          ...,
          [8.5908e-01, 6.8727e-01, 8.8760e-01,  ..., 7.5471e-01,
           2.0447e-01, 3.9691e-01],
          [4.1693e-02, 6.0237e-01, 8.8852e-02,  ..., 7.7776e-01,
           6.5188e-01, 2.8985e-01],
          [4.0945e-01, 3.7977e-01, 3.9439e-01,  ..., 1.2320e-01,
           7.0163e-01, 7.1894e-01]],

         ...,

         [[6.8632e-01, 6.9368e-01, 1.3897e-01,  ..., 1.3280e-01,
           2.2153e-01, 9.6724e-01],
          [9.5224e-02, 9.0729e-01, 1.9195e-01,  ..., 8.1040e-01,
           9.8955e-01, 4.8686e-01],
          [4.6788e-01, 8.3683e-01, 9.0853e-02,  ..., 1.8996e-01,
           4.2677e-01, 3.6617e-01],
          ...,
          [2.6815e-01, 6.7309e-01, 3.1645e-01,  ..., 3.3537e-01,
           8.3229e-01, 8.3270e-01],
          [7.9052e-01, 8.4572e-01, 4.3065e-01,  ..., 7.6086e-01,
           2.0786e-01, 1.2290e-01],
          [1.9062e-01, 1.2681e-02, 4.4070e-01,  ..., 6.2493e-01,
           2.8186e-01, 8.1339e-01]],

         [[7.3170e-01, 3.9009e-01, 1.1300e-01,  ..., 4.7552e-01,
           3.5158e-03, 9.5976e-02],
          [6.4474e-01, 5.4922e-01, 6.1839e-01,  ..., 7.3713e-02,
           6.7928e-01, 3.7741e-01],
          [7.2500e-01, 7.3284e-01, 9.2142e-01,  ..., 4.7873e-01,
           8.5565e-01, 7.9309e-01],
          ...,
          [6.2546e-01, 4.2012e-01, 7.2812e-01,  ..., 6.4514e-01,
           5.1502e-01, 1.1036e-01],
          [7.8514e-02, 6.0652e-01, 5.8543e-01,  ..., 1.6284e-01,
           2.9964e-01, 7.0246e-01],
          [9.4165e-01, 9.2584e-01, 2.5664e-02,  ..., 5.0226e-01,
           4.2171e-01, 1.4688e-01]],

         [[7.6715e-02, 6.4281e-01, 7.9273e-01,  ..., 2.2096e-01,
           3.7907e-02, 6.9578e-01],
          [1.1567e-01, 5.4248e-01, 6.1557e-01,  ..., 3.6205e-01,
           7.3192e-01, 7.4279e-01],
          [2.6490e-01, 8.7097e-01, 8.8171e-01,  ..., 6.1670e-01,
           5.6848e-01, 8.0864e-02],
          ...,
          [3.8801e-01, 7.7852e-01, 7.3400e-01,  ..., 2.4069e-01,
           3.0298e-02, 7.1434e-01],
          [4.1235e-01, 5.4671e-01, 6.3781e-01,  ..., 1.9783e-01,
           7.2947e-02, 3.5978e-01],
          [4.5401e-01, 8.2894e-01, 5.4295e-01,  ..., 4.4835e-01,
           7.1617e-01, 4.9765e-01]]],


        [[[3.9691e-01, 4.1351e-01, 8.0758e-01,  ..., 7.2393e-01,
           2.4971e-01, 4.1390e-02],
          [7.6226e-01, 2.5231e-01, 5.7818e-01,  ..., 2.3013e-01,
           6.9203e-01, 7.2994e-01],
          [5.8229e-01, 3.7897e-01, 4.0327e-02,  ..., 3.1776e-01,
           6.0038e-01, 7.0995e-01],
          ...,
          [5.7137e-01, 9.6828e-01, 9.8964e-01,  ..., 5.3196e-01,
           4.2791e-01, 8.2471e-01],
          [5.7093e-01, 5.3607e-02, 4.9223e-01,  ..., 5.7140e-01,
           4.3479e-01, 3.7518e-01],
          [5.0382e-01, 9.1746e-02, 3.9511e-01,  ..., 1.5273e-01,
           4.9114e-01, 3.2417e-01]],

         [[8.1662e-01, 3.6546e-01, 8.6415e-01,  ..., 1.0527e-01,
           6.0311e-01, 5.4127e-01],
          [5.9177e-01, 8.7182e-01, 4.1469e-01,  ..., 1.7404e-01,
           8.3567e-01, 6.0159e-01],
          [8.3523e-01, 7.6912e-01, 7.8799e-01,  ..., 4.7894e-01,
           8.6710e-03, 5.1005e-01],
          ...,
          [2.2479e-01, 8.5191e-01, 9.3043e-01,  ..., 8.7605e-01,
           6.2398e-01, 2.2929e-01],
          [5.0219e-01, 7.7432e-01, 3.5689e-01,  ..., 7.4874e-01,
           7.4434e-01, 3.5488e-01],
          [3.7451e-01, 2.1224e-01, 1.9593e-01,  ..., 5.7668e-01,
           3.8039e-01, 5.6030e-02]],

         [[6.5249e-01, 5.6150e-01, 2.7652e-01,  ..., 2.0674e-02,
           3.0624e-01, 5.3475e-01],
          [5.4015e-01, 3.3951e-01, 4.0965e-02,  ..., 7.6854e-01,
           6.7389e-01, 4.4486e-01],
          [1.9294e-01, 3.4101e-01, 9.4622e-01,  ..., 3.8918e-01,
           9.9884e-01, 4.2046e-01],
          ...,
          [9.4268e-01, 5.1962e-01, 9.6865e-01,  ..., 4.7538e-01,
           5.3700e-01, 2.1764e-01],
          [2.6792e-01, 7.2153e-01, 9.3256e-01,  ..., 5.3928e-01,
           6.8302e-01, 8.7559e-01],
          [2.1366e-01, 3.2594e-02, 6.0689e-01,  ..., 5.8021e-01,
           5.2592e-01, 5.4043e-01]],

         ...,

         [[1.0498e-01, 8.2239e-01, 1.6322e-01,  ..., 2.1947e-01,
           5.7121e-01, 8.0606e-02],
          [7.8669e-01, 2.2638e-01, 7.4493e-01,  ..., 7.2781e-01,
           6.5113e-01, 3.2436e-02],
          [2.2453e-01, 3.4963e-01, 7.9431e-01,  ..., 2.4243e-02,
           2.1985e-01, 7.1399e-01],
          ...,
          [5.5946e-01, 8.6017e-01, 1.2000e-01,  ..., 8.8194e-01,
           6.4680e-01, 3.5117e-01],
          [3.6764e-01, 4.0067e-01, 1.6473e-01,  ..., 1.4850e-01,
           4.5280e-01, 7.6819e-01],
          [6.6521e-01, 4.7063e-01, 3.1289e-01,  ..., 4.6786e-01,
           2.6092e-01, 6.8138e-01]],

         [[5.2719e-01, 3.7972e-01, 6.1358e-01,  ..., 5.8871e-01,
           8.6190e-01, 2.4953e-01],
          [4.0403e-01, 1.1251e-01, 3.6406e-01,  ..., 8.9610e-01,
           3.9424e-01, 1.2786e-01],
          [4.2073e-01, 1.6319e-02, 3.0364e-01,  ..., 7.4027e-01,
           8.8712e-01, 6.8768e-01],
          ...,
          [4.8838e-01, 3.8168e-01, 1.9452e-01,  ..., 4.9989e-01,
           2.0301e-02, 2.5833e-01],
          [3.9579e-03, 3.4895e-01, 7.5800e-01,  ..., 6.7630e-01,
           9.4558e-02, 6.7815e-01],
          [6.8465e-01, 3.5521e-01, 9.0522e-01,  ..., 7.4478e-01,
           4.6003e-02, 5.4591e-02]],

         [[3.5526e-01, 7.6294e-01, 8.0206e-01,  ..., 5.9430e-01,
           6.8412e-01, 8.3730e-01],
          [7.8641e-01, 4.5899e-01, 2.0257e-03,  ..., 8.2937e-01,
           4.8608e-01, 9.0670e-01],
          [8.4423e-01, 9.7892e-01, 9.9642e-01,  ..., 4.0440e-02,
           3.8912e-01, 3.5600e-01],
          ...,
          [6.6978e-01, 5.6210e-01, 4.8071e-01,  ..., 5.7902e-01,
           6.1246e-01, 8.0965e-01],
          [9.0017e-01, 9.1316e-01, 7.4122e-01,  ..., 6.5722e-01,
           6.8784e-01, 6.6903e-01],
          [5.9979e-01, 4.1787e-02, 6.4643e-01,  ..., 8.6383e-01,
           7.5109e-01, 3.4991e-01]]],


        ...,


        [[[9.7804e-01, 9.5634e-01, 6.4610e-01,  ..., 3.6709e-01,
           2.2423e-01, 1.1581e-01],
          [3.9692e-01, 9.8530e-01, 6.8744e-01,  ..., 5.5035e-01,
           9.5406e-02, 9.2544e-01],
          [9.8894e-01, 7.0440e-01, 5.7122e-01,  ..., 6.1807e-01,
           8.1115e-01, 2.4556e-01],
          ...,
          [8.0658e-01, 4.9400e-01, 8.7378e-01,  ..., 2.3610e-01,
           6.1680e-01, 1.5043e-01],
          [9.4038e-04, 1.9905e-01, 3.7130e-01,  ..., 8.1487e-01,
           5.6888e-01, 3.3498e-01],
          [6.1957e-02, 1.6201e-02, 6.2193e-01,  ..., 7.5311e-01,
           7.3881e-01, 5.0332e-01]],

         [[1.6155e-01, 8.6477e-01, 8.4800e-01,  ..., 5.3098e-01,
           5.5663e-01, 6.6308e-01],
          [7.8834e-02, 6.5980e-01, 3.1655e-01,  ..., 3.7623e-01,
           5.0031e-01, 2.0593e-01],
          [1.3600e-01, 2.0664e-01, 1.9348e-02,  ..., 1.0669e-01,
           5.4039e-01, 4.3873e-01],
          ...,
          [3.0658e-01, 2.3083e-01, 7.3413e-01,  ..., 8.6087e-01,
           3.1320e-01, 7.0677e-01],
          [6.0543e-01, 5.0483e-01, 1.2693e-01,  ..., 3.0057e-02,
           2.2826e-01, 6.2044e-01],
          [5.5944e-01, 9.0922e-01, 4.5851e-01,  ..., 1.5158e-01,
           1.4374e-01, 6.9603e-01]],

         [[2.2910e-02, 4.8903e-01, 4.2540e-01,  ..., 2.1210e-01,
           6.4262e-01, 8.4888e-02],
          [3.9820e-01, 1.2259e-01, 8.9219e-01,  ..., 4.3863e-01,
           7.4029e-01, 4.7780e-01],
          [4.1986e-02, 7.7645e-01, 2.0421e-01,  ..., 9.5724e-01,
           4.1396e-01, 6.8784e-01],
          ...,
          [2.3826e-01, 8.5933e-01, 6.5665e-01,  ..., 9.2952e-01,
           3.7362e-01, 1.0302e-01],
          [7.7565e-01, 5.6692e-01, 1.2136e-01,  ..., 6.8839e-01,
           9.5899e-01, 3.4103e-02],
          [7.7443e-02, 5.1575e-01, 1.2000e-01,  ..., 5.2475e-01,
           5.3318e-01, 6.6695e-01]],

         ...,

         [[5.0468e-01, 7.6318e-01, 4.2741e-01,  ..., 6.6142e-01,
           2.1456e-01, 2.6452e-01],
          [2.2073e-01, 2.5663e-01, 8.1034e-01,  ..., 4.4485e-01,
           5.0347e-01, 9.9606e-01],
          [1.5548e-01, 7.0523e-01, 3.3473e-01,  ..., 6.0680e-01,
           1.6536e-01, 8.3806e-01],
          ...,
          [1.9298e-01, 7.9477e-01, 8.7509e-01,  ..., 4.6461e-02,
           7.9977e-01, 3.7023e-01],
          [5.2900e-01, 7.0870e-01, 5.9422e-02,  ..., 8.2455e-01,
           9.8765e-01, 4.7540e-01],
          [6.3647e-01, 2.7284e-01, 3.5605e-01,  ..., 8.7870e-01,
           4.0413e-01, 7.0721e-01]],

         [[3.0802e-01, 9.1149e-01, 4.6674e-01,  ..., 4.1345e-01,
           8.4259e-01, 9.5672e-01],
          [7.8015e-01, 3.8599e-01, 5.1534e-01,  ..., 1.1052e-01,
           7.5377e-01, 7.8423e-01],
          [6.3709e-01, 6.8860e-01, 3.3805e-01,  ..., 9.6174e-01,
           7.8485e-01, 1.5758e-01],
          ...,
          [4.2206e-01, 6.3944e-01, 2.0174e-01,  ..., 8.8925e-03,
           9.9431e-01, 3.9272e-01],
          [7.4954e-01, 5.9462e-01, 4.3401e-01,  ..., 2.4380e-01,
           5.7670e-02, 3.7575e-01],
          [6.3264e-02, 9.7064e-01, 9.2969e-01,  ..., 7.0366e-01,
           5.4625e-01, 2.8988e-01]],

         [[3.5904e-01, 8.4573e-01, 4.3454e-01,  ..., 7.8791e-01,
           4.8686e-01, 5.2183e-01],
          [7.4970e-01, 7.9185e-01, 3.0647e-01,  ..., 8.0012e-01,
           7.1123e-02, 8.0156e-01],
          [3.6826e-01, 4.8087e-01, 2.2761e-01,  ..., 9.5729e-01,
           2.2092e-01, 8.1559e-01],
          ...,
          [8.5971e-01, 1.2492e-01, 8.9986e-01,  ..., 2.0816e-01,
           8.6182e-01, 8.3419e-01],
          [9.4108e-01, 9.5662e-01, 6.0578e-01,  ..., 1.7164e-01,
           7.0721e-01, 3.2201e-01],
          [7.7530e-01, 2.0707e-01, 2.7716e-01,  ..., 9.6562e-02,
           7.9414e-01, 4.4593e-01]]],


        [[[9.7003e-01, 3.9763e-01, 9.8848e-01,  ..., 4.0163e-01,
           5.2975e-01, 3.5143e-01],
          [4.8006e-01, 6.3052e-01, 4.4242e-01,  ..., 4.8828e-02,
           7.3542e-01, 6.8821e-01],
          [8.3641e-01, 2.4365e-01, 9.5048e-01,  ..., 5.7523e-01,
           9.8021e-01, 1.7523e-01],
          ...,
          [6.2786e-01, 4.7158e-01, 7.9596e-01,  ..., 3.7280e-01,
           9.1921e-01, 4.0248e-01],
          [1.8575e-01, 5.4902e-01, 6.8915e-01,  ..., 7.1801e-01,
           7.1365e-01, 3.3933e-01],
          [7.1738e-01, 8.1503e-01, 2.1956e-01,  ..., 8.9946e-01,
           6.7105e-01, 4.7278e-02]],

         [[7.4836e-02, 6.2244e-01, 3.2958e-01,  ..., 5.5016e-01,
           3.9647e-01, 7.2986e-01],
          [8.0473e-01, 4.5869e-01, 3.5080e-01,  ..., 9.0413e-01,
           6.6746e-01, 6.6557e-02],
          [1.5192e-01, 3.8093e-01, 5.8128e-03,  ..., 5.0310e-01,
           5.3326e-01, 9.2442e-01],
          ...,
          [7.5479e-02, 7.0319e-01, 3.9565e-01,  ..., 7.9813e-01,
           7.9704e-02, 8.3463e-01],
          [8.5169e-01, 7.4371e-01, 2.9021e-01,  ..., 9.1343e-01,
           5.7460e-01, 4.1917e-01],
          [8.5370e-01, 3.7792e-02, 8.8086e-03,  ..., 5.1896e-01,
           3.0579e-02, 2.1005e-01]],

         [[4.6195e-01, 5.9427e-01, 5.0884e-01,  ..., 4.3287e-01,
           6.1028e-01, 9.8852e-01],
          [9.3769e-01, 6.2318e-01, 7.2011e-01,  ..., 9.5047e-01,
           8.2877e-01, 7.2798e-01],
          [6.0944e-01, 7.7012e-01, 1.2586e-01,  ..., 2.8472e-01,
           5.2735e-01, 7.0446e-01],
          ...,
          [4.7830e-02, 7.2906e-01, 7.9134e-01,  ..., 8.7283e-01,
           5.8089e-01, 9.0053e-01],
          [7.7908e-01, 6.4841e-01, 1.7128e-01,  ..., 6.1254e-01,
           5.7626e-01, 7.4264e-01],
          [8.1582e-01, 4.2633e-01, 6.5167e-01,  ..., 9.9403e-01,
           2.2381e-02, 6.2262e-03]],

         ...,

         [[8.1066e-01, 3.3477e-01, 8.2767e-01,  ..., 2.3107e-01,
           5.4895e-01, 1.7875e-01],
          [6.7585e-01, 3.2212e-01, 4.3173e-01,  ..., 7.0249e-01,
           3.6692e-01, 9.0614e-01],
          [5.0411e-01, 5.3969e-01, 8.7861e-01,  ..., 2.8984e-01,
           1.8394e-01, 2.9429e-01],
          ...,
          [6.5265e-01, 8.3065e-01, 8.8428e-01,  ..., 8.0665e-01,
           7.2357e-01, 3.1256e-01],
          [3.8792e-01, 9.3785e-01, 8.0700e-01,  ..., 2.6442e-01,
           1.7302e-01, 3.9720e-01],
          [8.9643e-01, 3.7052e-01, 3.4322e-01,  ..., 4.2385e-02,
           2.6495e-01, 9.4528e-01]],

         [[4.9837e-01, 1.7763e-01, 4.1883e-01,  ..., 8.1058e-01,
           2.9667e-01, 4.1237e-01],
          [6.2047e-01, 4.6657e-01, 8.4327e-01,  ..., 8.2311e-01,
           6.1809e-02, 2.4579e-02],
          [2.3532e-01, 5.9930e-01, 7.7582e-01,  ..., 6.1384e-01,
           2.4342e-01, 7.1569e-01],
          ...,
          [4.1393e-01, 6.8203e-02, 5.0034e-01,  ..., 2.0849e-01,
           9.4992e-01, 1.5711e-01],
          [9.2346e-01, 5.1675e-01, 1.4596e-01,  ..., 8.0946e-01,
           4.0227e-01, 5.9197e-01],
          [9.9395e-02, 9.6117e-01, 3.9827e-01,  ..., 9.9136e-01,
           3.8638e-01, 3.7254e-01]],

         [[1.0871e-01, 9.1847e-01, 9.2260e-01,  ..., 2.8191e-01,
           6.6469e-01, 4.3857e-02],
          [5.2276e-01, 3.8953e-01, 8.9475e-01,  ..., 1.5522e-01,
           9.4030e-01, 2.1535e-01],
          [3.4039e-01, 6.7354e-01, 2.8413e-02,  ..., 3.6089e-02,
           6.1654e-01, 1.4115e-02],
          ...,
          [3.1681e-01, 8.8266e-01, 8.9458e-01,  ..., 3.9480e-01,
           4.3318e-01, 6.5938e-01],
          [2.3326e-01, 6.9478e-01, 8.2588e-01,  ..., 5.3356e-01,
           5.8819e-01, 2.8450e-01],
          [5.9766e-01, 3.5957e-01, 5.5616e-01,  ..., 5.3366e-01,
           4.7262e-01, 3.1750e-01]]],


        [[[7.2528e-01, 3.4419e-01, 3.4534e-01,  ..., 3.4990e-01,
           6.3826e-01, 8.6524e-01],
          [3.4496e-01, 6.9580e-01, 8.9193e-01,  ..., 2.2965e-01,
           2.0591e-01, 4.8261e-01],
          [9.6227e-01, 9.8152e-01, 6.8417e-01,  ..., 9.8811e-01,
           1.4534e-02, 5.7733e-01],
          ...,
          [5.4241e-02, 8.3896e-01, 1.4762e-01,  ..., 5.6961e-01,
           8.4475e-01, 2.8786e-01],
          [1.8043e-01, 5.5610e-01, 8.3637e-01,  ..., 8.0854e-01,
           8.0835e-01, 1.8546e-01],
          [1.8540e-01, 4.3184e-01, 3.4058e-01,  ..., 7.5706e-02,
           3.0293e-01, 9.9989e-01]],

         [[4.8346e-01, 7.5732e-01, 8.3524e-01,  ..., 3.6584e-01,
           5.2431e-01, 1.0587e-01],
          [1.2293e-01, 7.8325e-01, 8.4669e-01,  ..., 7.5558e-01,
           3.9827e-01, 5.1554e-01],
          [5.9288e-01, 5.1523e-02, 4.7710e-01,  ..., 8.8755e-01,
           2.8611e-01, 2.1765e-01],
          ...,
          [3.1278e-01, 9.0731e-01, 6.9849e-01,  ..., 8.4961e-01,
           6.0664e-01, 7.8650e-01],
          [6.0091e-01, 3.0456e-01, 7.4927e-01,  ..., 6.3913e-02,
           4.5774e-01, 5.5340e-01],
          [3.1075e-01, 9.5425e-02, 4.0827e-01,  ..., 1.3376e-01,
           5.0832e-01, 3.5674e-01]],

         [[8.8387e-01, 1.0505e-01, 5.0921e-01,  ..., 2.7279e-01,
           5.2319e-01, 8.2150e-01],
          [6.3318e-02, 2.0792e-01, 4.3910e-02,  ..., 9.9353e-01,
           4.2206e-01, 3.5397e-01],
          [8.5178e-01, 2.4337e-01, 2.0579e-02,  ..., 5.6233e-03,
           1.5989e-01, 1.1607e-01],
          ...,
          [5.9443e-01, 8.4172e-01, 5.4514e-01,  ..., 4.6138e-01,
           7.4135e-01, 3.6149e-01],
          [6.3751e-01, 7.3608e-01, 5.5991e-01,  ..., 2.3511e-01,
           3.3365e-01, 1.5468e-01],
          [1.2528e-01, 9.7606e-01, 8.4667e-01,  ..., 3.3474e-01,
           3.4060e-01, 7.2728e-01]],

         ...,

         [[6.6437e-01, 2.8675e-01, 8.5612e-01,  ..., 1.0636e-01,
           3.3283e-01, 6.2797e-01],
          [5.2378e-01, 3.6686e-01, 6.9247e-02,  ..., 2.0004e-01,
           5.8476e-01, 8.5035e-01],
          [5.1315e-01, 4.4585e-02, 9.1422e-01,  ..., 7.5116e-01,
           4.7746e-01, 5.0770e-01],
          ...,
          [9.1893e-01, 6.5848e-01, 2.3862e-01,  ..., 6.3245e-01,
           6.4308e-01, 4.7225e-01],
          [2.7537e-01, 5.2873e-01, 7.8485e-01,  ..., 2.6748e-01,
           7.7991e-01, 3.0902e-01],
          [8.0639e-01, 1.4367e-01, 1.3866e-01,  ..., 2.8824e-01,
           8.6991e-01, 8.4041e-02]],

         [[3.9522e-01, 8.1164e-01, 9.3787e-01,  ..., 3.3390e-01,
           1.1876e-02, 5.3665e-01],
          [1.8867e-01, 2.8409e-01, 3.6672e-01,  ..., 5.2863e-01,
           3.7308e-01, 7.1458e-01],
          [9.0685e-01, 1.2934e-01, 4.0525e-01,  ..., 3.5181e-01,
           6.5632e-01, 7.8103e-01],
          ...,
          [1.9049e-01, 7.4112e-01, 1.8273e-01,  ..., 3.9840e-01,
           4.4779e-01, 5.8552e-01],
          [4.7424e-02, 3.0116e-01, 8.3716e-01,  ..., 6.1260e-01,
           4.2902e-01, 1.5808e-01],
          [8.3924e-01, 3.8831e-02, 9.8546e-01,  ..., 3.4770e-01,
           7.6371e-01, 5.5154e-01]],

         [[1.4010e-01, 6.1117e-01, 9.7083e-01,  ..., 8.5582e-01,
           7.3065e-01, 5.7352e-01],
          [8.1595e-01, 8.7320e-01, 1.3257e-01,  ..., 5.4269e-01,
           5.2729e-01, 7.1877e-01],
          [7.3601e-01, 7.0518e-01, 3.1474e-01,  ..., 2.2139e-01,
           3.0204e-01, 7.5166e-02],
          ...,
          [8.2338e-01, 4.1279e-01, 4.5795e-01,  ..., 5.5210e-01,
           2.2084e-02, 2.3986e-01],
          [2.9962e-01, 6.0204e-01, 2.0893e-01,  ..., 9.7375e-01,
           9.9444e-01, 3.1861e-01],
          [2.7181e-02, 2.2302e-02, 6.0940e-01,  ..., 8.8369e-01,
           5.1197e-01, 2.7617e-01]]]])
