tensor([[[[0.4161, 0.1714, 0.6641,  ..., 0.7553, 0.8699, 0.6906],
          [0.2694, 0.6266, 0.3059,  ..., 0.8829, 0.9452, 0.6997],
          [0.4601, 0.8403, 0.0905,  ..., 0.9085, 0.5018, 0.8748],
          ...,
          [0.7907, 0.7533, 0.9220,  ..., 0.6564, 0.9605, 0.4814],
          [0.6295, 0.6269, 0.0993,  ..., 0.3397, 0.2494, 0.5806],
          [0.3947, 0.3943, 0.4986,  ..., 0.4920, 0.3620, 0.4585]],

         [[0.9575, 0.9134, 0.3095,  ..., 0.3651, 0.4071, 0.7453],
          [0.6545, 0.8231, 0.3891,  ..., 0.9681, 0.6161, 0.6944],
          [0.9225, 0.5720, 0.2516,  ..., 0.7156, 0.8490, 0.2878],
          ...,
          [0.1146, 0.2837, 0.9420,  ..., 0.7148, 0.4991, 0.9729],
          [0.0516, 0.5789, 0.8226,  ..., 0.3867, 0.4229, 0.0134],
          [0.7016, 0.7611, 0.3748,  ..., 0.9150, 0.4609, 0.4241]],

         [[0.2664, 0.9961, 0.0846,  ..., 0.9559, 0.3940, 0.8187],
          [0.9425, 0.0621, 0.7717,  ..., 0.5962, 0.5462, 0.6172],
          [0.8105, 0.1376, 0.0205,  ..., 0.8839, 0.3057, 0.1405],
          ...,
          [0.2509, 0.1702, 0.9231,  ..., 0.2647, 0.6641, 0.4889],
          [0.4367, 0.6487, 0.4616,  ..., 0.1355, 0.4168, 0.2869],
          [0.8494, 0.0694, 0.3803,  ..., 0.7375, 0.8827, 0.6987]],

         ...,

         [[0.9106, 0.6687, 0.6874,  ..., 0.5415, 0.6599, 0.4095],
          [0.6524, 0.8426, 0.7770,  ..., 0.6556, 0.7700, 0.0322],
          [0.0771, 0.4498, 0.6865,  ..., 0.6008, 0.0494, 0.3332],
          ...,
          [0.7650, 0.0964, 0.8526,  ..., 0.6043, 0.0396, 0.7748],
          [0.3053, 0.1568, 0.8733,  ..., 0.6040, 0.9688, 0.5937],
          [0.0491, 0.3347, 0.5667,  ..., 0.5901, 0.9175, 0.2466]],

         [[0.7665, 0.9935, 0.8888,  ..., 0.3029, 0.6869, 0.2532],
          [0.6720, 0.7183, 0.4392,  ..., 0.6513, 0.4496, 0.8270],
          [0.1080, 0.7105, 0.4464,  ..., 0.8091, 0.6959, 0.0461],
          ...,
          [0.5870, 0.6312, 0.4890,  ..., 0.8006, 0.7953, 0.4241],
          [0.5701, 0.8044, 0.6471,  ..., 0.3612, 0.4401, 0.7643],
          [0.3405, 0.6270, 0.8819,  ..., 0.4833, 0.6377, 0.5175]],

         [[0.9710, 0.0366, 0.4898,  ..., 0.9545, 0.7475, 0.7038],
          [0.2923, 0.1150, 0.8476,  ..., 0.1993, 0.5687, 0.8563],
          [0.8760, 0.8671, 0.5945,  ..., 0.4887, 0.4176, 0.9541],
          ...,
          [0.5909, 0.7851, 0.8906,  ..., 0.6062, 0.8810, 0.4923],
          [0.6313, 0.0889, 0.6306,  ..., 0.0022, 0.1349, 0.8400],
          [0.5944, 0.8764, 0.0528,  ..., 0.6178, 0.9356, 0.5684]]],


        [[[0.0509, 0.9739, 0.4517,  ..., 0.4701, 0.1153, 0.7659],
          [0.6165, 0.9980, 0.2028,  ..., 0.9523, 0.8359, 0.1941],
          [0.3033, 0.4557, 0.6547,  ..., 0.3480, 0.6675, 0.8952],
          ...,
          [0.6798, 0.9311, 0.0634,  ..., 0.3984, 0.2019, 0.9352],
          [0.2341, 0.9357, 0.3812,  ..., 0.7898, 0.8004, 0.0268],
          [0.8042, 0.2682, 0.9486,  ..., 0.2342, 0.3000, 0.6372]],

         [[0.2478, 0.1121, 0.2217,  ..., 0.0151, 0.7784, 0.5962],
          [0.4331, 0.9309, 0.7551,  ..., 0.6456, 0.6630, 0.4162],
          [0.1661, 0.2432, 0.0736,  ..., 0.6088, 0.7563, 0.5654],
          ...,
          [0.3628, 0.1102, 0.2829,  ..., 0.0518, 0.4212, 0.1173],
          [0.1068, 0.5800, 0.0936,  ..., 0.8239, 0.9762, 0.6144],
          [0.6112, 0.7050, 0.5378,  ..., 0.7900, 0.2852, 0.6717]],

         [[0.8117, 0.9050, 0.6162,  ..., 0.6205, 0.0126, 0.6139],
          [0.0151, 0.1472, 0.5311,  ..., 0.3522, 0.3211, 0.4463],
          [0.6947, 0.5630, 0.9135,  ..., 0.5519, 0.3091, 0.9447],
          ...,
          [0.8412, 0.1194, 0.3871,  ..., 0.3211, 0.0410, 0.4298],
          [0.9946, 0.3006, 0.2972,  ..., 0.8883, 0.4586, 0.8196],
          [0.7006, 0.5822, 0.4396,  ..., 0.8359, 0.4628, 0.3524]],

         ...,

         [[0.1963, 0.1816, 0.2933,  ..., 0.5050, 0.3727, 0.4885],
          [0.7380, 0.2075, 0.9522,  ..., 0.4314, 0.0938, 0.1267],
          [0.6675, 0.2218, 0.6787,  ..., 0.8988, 0.7890, 0.7494],
          ...,
          [0.0836, 0.7017, 0.4009,  ..., 0.1668, 0.5763, 0.3845],
          [0.1045, 0.2242, 0.7125,  ..., 0.7984, 0.9959, 0.9255],
          [0.4934, 0.1369, 0.3980,  ..., 0.6744, 0.6307, 0.6216]],

         [[0.8975, 0.4112, 0.9919,  ..., 0.3617, 0.4734, 0.5952],
          [0.7314, 0.6042, 0.2160,  ..., 0.1188, 0.1251, 0.7125],
          [0.5358, 0.7681, 0.3350,  ..., 0.7399, 0.2819, 0.0333],
          ...,
          [0.5965, 0.5221, 0.2614,  ..., 0.4506, 0.6526, 0.5869],
          [0.8986, 0.4850, 0.3034,  ..., 0.1694, 0.1528, 0.1271],
          [0.3557, 0.8959, 0.3294,  ..., 0.2716, 0.4052, 0.7983]],

         [[0.6012, 0.8526, 0.2925,  ..., 0.9912, 0.5155, 0.7302],
          [0.4252, 0.8558, 0.4820,  ..., 0.2345, 0.8256, 0.4856],
          [0.5724, 0.0525, 0.0822,  ..., 0.0060, 0.5136, 0.9623],
          ...,
          [0.4797, 0.0761, 0.7904,  ..., 0.0650, 0.3328, 0.2177],
          [0.5248, 0.9778, 0.0877,  ..., 0.8010, 0.0057, 0.3987],
          [0.9716, 0.1879, 0.5125,  ..., 0.3711, 0.0277, 0.3775]]],


        [[[0.1755, 0.9701, 0.6310,  ..., 0.6533, 0.6175, 0.7287],
          [0.2315, 0.5992, 0.8241,  ..., 0.3835, 0.5260, 0.5428],
          [0.0898, 0.6371, 0.4849,  ..., 0.7527, 0.4072, 0.9009],
          ...,
          [0.4367, 0.7926, 0.1221,  ..., 0.6032, 0.9265, 0.2602],
          [0.2010, 0.3972, 0.8405,  ..., 0.0024, 0.2434, 0.1145],
          [0.2969, 0.7368, 0.6323,  ..., 0.7532, 0.5837, 0.8541]],

         [[0.4390, 0.0683, 0.1040,  ..., 0.9159, 0.3566, 0.0858],
          [0.9053, 0.4694, 0.9566,  ..., 0.5891, 0.9944, 0.6013],
          [0.1160, 0.8873, 0.2699,  ..., 0.2596, 0.6969, 0.9937],
          ...,
          [0.3689, 0.0703, 0.1713,  ..., 0.8793, 0.2410, 0.9943],
          [0.7761, 0.1288, 0.5523,  ..., 0.7118, 0.1974, 0.8463],
          [0.6812, 0.4142, 0.3833,  ..., 0.8616, 0.8419, 0.4330]],

         [[0.5343, 0.4161, 0.0333,  ..., 0.5350, 0.6135, 0.1210],
          [0.1057, 0.7726, 0.6319,  ..., 0.2714, 0.3323, 0.8209],
          [0.8164, 0.1887, 0.7267,  ..., 0.9042, 0.7088, 0.3993],
          ...,
          [0.4013, 0.5425, 0.9819,  ..., 0.5129, 0.0397, 0.6671],
          [0.3432, 0.7198, 0.2164,  ..., 0.4122, 0.3501, 0.2810],
          [0.5831, 0.6519, 0.6799,  ..., 0.5104, 0.3477, 0.1618]],

         ...,

         [[0.3182, 0.5553, 0.3114,  ..., 0.5918, 0.5820, 0.6667],
          [0.1960, 0.9198, 0.4938,  ..., 0.1747, 0.0077, 0.9322],
          [0.0037, 0.0050, 0.6625,  ..., 0.1601, 0.1714, 0.8743],
          ...,
          [0.7667, 0.3753, 0.2198,  ..., 0.8194, 0.5519, 0.3902],
          [0.1505, 0.6812, 0.8774,  ..., 0.3633, 0.0513, 0.4092],
          [0.2417, 0.2599, 0.2761,  ..., 0.3242, 0.5787, 0.7341]],

         [[0.1781, 0.9509, 0.0639,  ..., 0.8126, 0.9192, 0.3161],
          [0.9341, 0.8221, 0.6709,  ..., 0.9799, 0.3320, 0.3878],
          [0.9080, 0.2018, 0.1852,  ..., 0.4607, 0.8014, 0.6297],
          ...,
          [0.5112, 0.3603, 0.5835,  ..., 0.0777, 0.1854, 0.7037],
          [0.2584, 0.3844, 0.4243,  ..., 0.3423, 0.4391, 0.2279],
          [0.7102, 0.5134, 0.8938,  ..., 0.7357, 0.7905, 0.5639]],

         [[0.5902, 0.9043, 0.5895,  ..., 0.9318, 0.5952, 0.4173],
          [0.4709, 0.7026, 0.1333,  ..., 0.4613, 0.5819, 0.6340],
          [0.8731, 0.4588, 0.3825,  ..., 0.4127, 0.2066, 0.8812],
          ...,
          [0.2734, 0.9806, 0.4118,  ..., 0.7783, 0.4924, 0.7665],
          [0.6407, 0.0965, 0.2517,  ..., 0.8752, 0.0602, 0.8433],
          [0.4538, 0.9818, 0.1441,  ..., 0.9222, 0.5253, 0.2746]]],


        ...,


        [[[0.1991, 0.3229, 0.5420,  ..., 0.4714, 0.2866, 0.9655],
          [0.8571, 0.4754, 0.1341,  ..., 0.0610, 0.2439, 0.1463],
          [0.5622, 0.1915, 0.8793,  ..., 0.5708, 0.0127, 0.3150],
          ...,
          [0.0690, 0.4293, 0.9663,  ..., 0.2704, 0.8499, 0.3015],
          [0.4324, 0.2724, 0.8494,  ..., 0.0414, 0.5244, 0.3919],
          [0.0159, 0.0372, 0.5397,  ..., 0.9099, 0.9301, 0.7256]],

         [[0.7109, 0.8265, 0.9061,  ..., 0.1595, 0.1735, 0.2629],
          [0.3887, 0.9397, 0.8369,  ..., 0.5541, 0.1722, 0.3590],
          [0.3647, 0.9161, 0.7354,  ..., 0.2986, 0.3123, 0.7878],
          ...,
          [0.2813, 0.2435, 0.1812,  ..., 0.7720, 0.0908, 0.9447],
          [0.1828, 0.3623, 0.6339,  ..., 0.6476, 0.9549, 0.6626],
          [0.3143, 0.4705, 0.1237,  ..., 0.9342, 0.5469, 0.6218]],

         [[0.4060, 0.5050, 0.3086,  ..., 0.8545, 0.3904, 0.2188],
          [0.5693, 0.5946, 0.1680,  ..., 0.7684, 0.2029, 0.4415],
          [0.2367, 0.7814, 0.3678,  ..., 0.3159, 0.4987, 0.6419],
          ...,
          [0.9568, 0.6881, 0.7292,  ..., 0.2001, 0.0255, 0.8349],
          [0.5039, 0.5838, 0.4068,  ..., 0.0750, 0.6281, 0.0718],
          [0.3230, 0.3441, 0.4741,  ..., 0.5113, 0.9272, 0.6133]],

         ...,

         [[0.5580, 0.4022, 0.2901,  ..., 0.1220, 0.6971, 0.4735],
          [0.5385, 0.3683, 0.1533,  ..., 0.5059, 0.9495, 0.9253],
          [0.0937, 0.1148, 0.5559,  ..., 0.4620, 0.4123, 0.5638],
          ...,
          [0.0713, 0.3152, 0.9707,  ..., 0.8959, 0.8695, 0.8740],
          [0.7442, 0.5089, 0.9039,  ..., 0.3769, 0.0465, 0.2604],
          [0.9152, 0.3239, 0.9711,  ..., 0.1741, 0.2764, 0.2923]],

         [[0.5331, 0.6078, 0.1219,  ..., 0.9114, 0.8595, 0.6505],
          [0.5204, 0.5093, 0.4740,  ..., 0.8532, 0.4315, 0.3622],
          [0.5152, 0.9914, 0.0428,  ..., 0.1917, 0.0710, 0.1767],
          ...,
          [0.5418, 0.4008, 0.9126,  ..., 0.4930, 0.8230, 0.8566],
          [0.0731, 0.5686, 0.7615,  ..., 0.9928, 0.8298, 0.9097],
          [0.1993, 0.7388, 0.6457,  ..., 0.4648, 0.6793, 0.6129]],

         [[0.8974, 0.3588, 0.6555,  ..., 0.8915, 0.3009, 0.9251],
          [0.6392, 0.0356, 0.2471,  ..., 0.7132, 0.6409, 0.7213],
          [0.1679, 0.8337, 0.5123,  ..., 0.0714, 0.5813, 0.3949],
          ...,
          [0.7924, 0.8063, 0.2911,  ..., 0.0410, 0.1288, 0.0523],
          [0.7316, 0.8610, 0.4733,  ..., 0.6141, 0.5437, 0.8437],
          [0.9976, 0.4177, 0.9294,  ..., 0.9042, 0.5223, 0.4805]]],


        [[[0.2634, 0.9634, 0.5246,  ..., 0.9470, 0.4001, 0.5884],
          [0.4561, 0.6888, 0.6380,  ..., 0.2675, 0.4949, 0.6494],
          [0.8581, 0.8701, 0.1224,  ..., 0.4186, 0.9262, 0.8347],
          ...,
          [0.4122, 0.1558, 0.0428,  ..., 0.1020, 0.7808, 0.6527],
          [0.1394, 0.2600, 0.1292,  ..., 0.9461, 0.1863, 0.5591],
          [0.6201, 0.5494, 0.1429,  ..., 0.0147, 0.1280, 0.5336]],

         [[0.2203, 0.2015, 0.7491,  ..., 0.9174, 0.8528, 0.8677],
          [0.8806, 0.1318, 0.5290,  ..., 0.4104, 0.5083, 0.7773],
          [0.4870, 0.5428, 0.2483,  ..., 0.4683, 0.3208, 0.8795],
          ...,
          [0.5624, 0.2438, 0.2079,  ..., 0.6248, 0.3805, 0.0698],
          [0.9576, 0.3122, 0.4788,  ..., 0.8458, 0.1770, 0.9650],
          [0.8081, 0.4415, 0.5644,  ..., 0.6987, 0.0476, 0.1590]],

         [[0.2617, 0.7870, 0.0988,  ..., 0.7517, 0.1264, 0.9424],
          [0.7508, 0.0540, 0.9506,  ..., 0.8953, 0.5791, 0.6001],
          [0.3978, 0.1999, 0.1700,  ..., 0.4434, 0.1560, 0.7173],
          ...,
          [0.9059, 0.3895, 0.7199,  ..., 0.6146, 0.5894, 0.6670],
          [0.4118, 0.4222, 0.4005,  ..., 0.2361, 0.6287, 0.8824],
          [0.1780, 0.3021, 0.6785,  ..., 0.6375, 0.0164, 0.4326]],

         ...,

         [[0.2861, 0.4630, 0.9884,  ..., 0.8916, 0.0356, 0.7457],
          [0.3442, 0.3019, 0.2252,  ..., 0.1670, 0.8285, 0.0635],
          [0.6168, 0.2163, 0.8754,  ..., 0.1249, 0.7527, 0.5942],
          ...,
          [0.9522, 0.3014, 0.4434,  ..., 0.0555, 0.5729, 0.2588],
          [0.1988, 0.6588, 0.1443,  ..., 0.4200, 0.3932, 0.4822],
          [0.0570, 0.1906, 0.3905,  ..., 0.3982, 0.9783, 0.2379]],

         [[0.5921, 0.8481, 0.8621,  ..., 0.1504, 0.5346, 0.9667],
          [0.8367, 0.5291, 0.6860,  ..., 0.9516, 0.4604, 0.6430],
          [0.0954, 0.1012, 0.6687,  ..., 0.0691, 0.8167, 0.8339],
          ...,
          [0.1802, 0.4867, 0.6501,  ..., 0.2826, 0.6007, 0.3674],
          [0.9192, 0.9427, 0.0158,  ..., 0.1188, 0.5931, 0.9280],
          [0.3011, 0.2224, 0.0440,  ..., 0.4449, 0.4769, 0.6311]],

         [[0.9857, 0.0415, 0.3520,  ..., 0.1210, 0.6271, 0.6346],
          [0.2642, 0.5504, 0.7094,  ..., 0.7598, 0.7660, 0.8298],
          [0.4630, 0.2888, 0.8474,  ..., 0.3780, 0.0142, 0.3345],
          ...,
          [0.6342, 0.7815, 0.6354,  ..., 0.9786, 0.1987, 0.1321],
          [0.3470, 0.4383, 0.1108,  ..., 0.3143, 0.5752, 0.6832],
          [0.1773, 0.0068, 0.8261,  ..., 0.6054, 0.3529, 0.0831]]],


        [[[0.3178, 0.0387, 0.5979,  ..., 0.3072, 0.1749, 0.5037],
          [0.1655, 0.9632, 0.4250,  ..., 0.3893, 0.1493, 0.7106],
          [0.3948, 0.2654, 0.9960,  ..., 0.5625, 0.8822, 0.0911],
          ...,
          [0.4591, 0.0621, 0.4457,  ..., 0.4931, 0.2580, 0.0232],
          [0.5993, 0.2381, 0.6647,  ..., 0.7434, 0.1242, 0.9978],
          [0.4101, 0.2131, 0.4027,  ..., 0.3016, 0.4726, 0.4597]],

         [[0.4489, 0.1389, 0.4009,  ..., 0.8946, 0.3759, 0.4040],
          [0.1343, 0.7679, 0.1503,  ..., 0.2268, 0.7791, 0.5638],
          [0.9033, 0.0740, 0.1582,  ..., 0.3055, 0.7192, 0.5652],
          ...,
          [0.4706, 0.8470, 0.6582,  ..., 0.0805, 0.1121, 0.6797],
          [0.1389, 0.0321, 0.3406,  ..., 0.2808, 0.9802, 0.4351],
          [0.6562, 0.9442, 0.6379,  ..., 0.6354, 0.6589, 0.9719]],

         [[0.9976, 0.8878, 0.5278,  ..., 0.3242, 0.6858, 0.4813],
          [0.0838, 0.7531, 0.9254,  ..., 0.4177, 0.6239, 0.6589],
          [0.1056, 0.2199, 0.9657,  ..., 0.6542, 0.0345, 0.3275],
          ...,
          [0.5441, 0.9469, 0.1940,  ..., 0.9146, 0.4227, 0.5605],
          [0.5014, 0.7829, 0.7445,  ..., 0.1774, 0.3255, 0.9816],
          [0.1863, 0.9603, 0.7208,  ..., 0.1854, 0.2902, 0.0970]],

         ...,

         [[0.7626, 0.4414, 0.3864,  ..., 0.8092, 0.0933, 0.6606],
          [0.6784, 0.1963, 0.6309,  ..., 0.8093, 0.4868, 0.8892],
          [0.4201, 0.9405, 0.2935,  ..., 0.3657, 0.4389, 0.6916],
          ...,
          [0.6018, 0.4027, 0.4042,  ..., 0.1978, 0.5338, 0.4137],
          [0.3322, 0.9015, 0.7577,  ..., 0.0162, 0.0513, 0.1968],
          [0.3696, 0.2346, 0.7765,  ..., 0.2014, 0.8047, 0.6349]],

         [[0.4843, 0.8033, 0.7636,  ..., 0.6145, 0.9751, 0.0244],
          [0.8844, 0.3023, 0.4920,  ..., 0.2510, 0.0137, 0.9453],
          [0.8492, 0.7063, 0.8316,  ..., 0.1874, 0.1865, 0.7857],
          ...,
          [0.5577, 0.4655, 0.7991,  ..., 0.6422, 0.4765, 0.6216],
          [0.6817, 0.8600, 0.7384,  ..., 0.9985, 0.8376, 0.2910],
          [0.4283, 0.8188, 0.1072,  ..., 0.0103, 0.3031, 0.3032]],

         [[0.2393, 0.8059, 0.4924,  ..., 0.9790, 0.4094, 0.4764],
          [0.7286, 0.3002, 0.4756,  ..., 0.9967, 0.7015, 0.7076],
          [0.2496, 0.5458, 0.1052,  ..., 0.6963, 0.5493, 0.0069],
          ...,
          [0.0353, 0.1696, 0.1927,  ..., 0.8780, 0.1812, 0.6978],
          [0.0547, 0.2611, 0.2207,  ..., 0.2499, 0.0348, 0.3072],
          [0.3321, 0.4229, 0.1364,  ..., 0.3280, 0.6488, 0.7052]]]])
