tensor([[[[9.8952e-01, 6.4173e-02, 9.9350e-01,  ..., 9.8648e-01,
           6.5389e-01, 4.5387e-01],
          [6.9368e-01, 2.0294e-02, 5.7411e-01,  ..., 9.5202e-01,
           4.7548e-01, 7.5235e-01],
          [7.5807e-01, 3.4411e-01, 1.6218e-01,  ..., 5.8073e-01,
           8.3888e-01, 5.4426e-01],
          ...,
          [1.5883e-01, 6.3109e-01, 9.5421e-01,  ..., 5.2609e-01,
           9.7145e-01, 8.0114e-02],
          [9.0120e-01, 1.3822e-01, 4.3049e-01,  ..., 6.7938e-01,
           1.4756e-01, 4.0480e-01],
          [7.7253e-01, 1.6938e-03, 9.3552e-01,  ..., 9.8370e-01,
           5.6330e-01, 3.4750e-01]],

         [[4.6200e-01, 4.8159e-01, 8.2537e-01,  ..., 3.8502e-01,
           5.1700e-01, 9.7848e-02],
          [8.8164e-01, 5.2960e-01, 9.8506e-01,  ..., 1.6415e-01,
           3.7867e-01, 5.3791e-01],
          [8.3097e-01, 5.5453e-01, 5.3823e-01,  ..., 7.1794e-01,
           8.0512e-01, 8.9762e-01],
          ...,
          [7.1211e-01, 1.1270e-01, 2.9454e-01,  ..., 5.4181e-01,
           9.7719e-01, 4.1077e-01],
          [4.3478e-01, 6.8960e-01, 7.4914e-01,  ..., 6.7034e-01,
           7.9788e-01, 5.1276e-01],
          [7.0205e-01, 5.7659e-01, 7.3405e-01,  ..., 8.4468e-01,
           3.8099e-01, 1.8609e-01]],

         [[3.0984e-01, 2.5606e-01, 8.1822e-01,  ..., 7.5108e-01,
           3.3355e-01, 4.5618e-01],
          [8.3355e-01, 7.1040e-01, 6.0056e-01,  ..., 7.9757e-01,
           6.2041e-01, 1.2150e-01],
          [2.2417e-01, 9.3300e-01, 6.5207e-01,  ..., 1.7395e-01,
           5.6746e-01, 8.1797e-01],
          ...,
          [2.8249e-01, 9.3206e-01, 5.3770e-01,  ..., 2.8555e-01,
           9.7027e-02, 6.7864e-01],
          [4.7464e-01, 4.8735e-01, 5.6884e-01,  ..., 7.9056e-01,
           4.9410e-01, 8.9044e-01],
          [1.3015e-01, 5.3641e-01, 7.6962e-01,  ..., 3.6765e-01,
           6.8802e-01, 7.1462e-02]],

         ...,

         [[1.3208e-01, 6.6805e-01, 5.5548e-01,  ..., 6.1668e-01,
           5.5198e-01, 7.0379e-01],
          [2.7888e-01, 3.6299e-01, 3.9532e-01,  ..., 3.9386e-01,
           7.3000e-01, 7.5457e-01],
          [5.3425e-01, 3.0021e-01, 1.7753e-01,  ..., 9.2333e-01,
           1.0186e-01, 6.1957e-01],
          ...,
          [6.4711e-01, 1.3177e-02, 7.6537e-01,  ..., 6.1793e-02,
           2.2670e-01, 8.0212e-01],
          [2.3846e-01, 3.8608e-01, 4.7320e-01,  ..., 9.3441e-01,
           1.2263e-01, 8.3043e-01],
          [7.0909e-01, 5.8828e-01, 5.7966e-01,  ..., 3.3343e-02,
           1.1956e-01, 4.9899e-01]],

         [[2.8471e-02, 1.7652e-01, 9.9823e-01,  ..., 1.6825e-01,
           1.0865e-01, 2.8671e-02],
          [5.2599e-01, 7.9303e-01, 6.8222e-01,  ..., 6.9641e-01,
           5.7489e-01, 1.8137e-01],
          [2.8978e-01, 5.2239e-01, 8.7322e-01,  ..., 8.5186e-02,
           2.1439e-01, 2.4044e-01],
          ...,
          [3.9797e-01, 6.8594e-01, 7.2138e-01,  ..., 4.0516e-01,
           7.6058e-01, 9.8289e-01],
          [6.0500e-01, 1.2927e-01, 4.9912e-01,  ..., 9.1900e-01,
           7.5089e-01, 1.6637e-01],
          [4.7477e-01, 2.8702e-01, 8.3305e-02,  ..., 1.1300e-01,
           9.3815e-01, 4.0280e-01]],

         [[2.6769e-01, 4.8666e-01, 9.6961e-02,  ..., 1.7662e-01,
           4.6948e-01, 9.1140e-01],
          [2.3727e-01, 2.6246e-01, 8.5301e-01,  ..., 7.8689e-01,
           5.3498e-01, 9.5325e-01],
          [5.6651e-01, 4.9379e-01, 3.6934e-01,  ..., 2.7691e-01,
           3.7771e-01, 5.1585e-01],
          ...,
          [4.3453e-02, 1.6429e-01, 8.7877e-01,  ..., 8.3252e-01,
           1.9747e-01, 6.9052e-01],
          [8.4586e-01, 6.1698e-02, 2.4087e-01,  ..., 4.1011e-01,
           2.6497e-01, 3.6847e-02],
          [6.3348e-01, 1.7193e-01, 9.4496e-01,  ..., 2.2925e-01,
           3.2037e-01, 3.7303e-01]]],


        [[[5.7269e-01, 5.7390e-01, 2.1988e-02,  ..., 9.8620e-01,
           9.7105e-01, 1.2597e-01],
          [3.5473e-01, 4.9978e-01, 2.3934e-01,  ..., 9.2216e-01,
           1.8304e-01, 6.6565e-01],
          [6.4600e-01, 8.7433e-01, 5.4142e-01,  ..., 4.6924e-01,
           2.4876e-01, 1.3959e-01],
          ...,
          [6.9141e-01, 1.4157e-01, 6.9012e-01,  ..., 6.4315e-01,
           7.0977e-01, 3.8954e-01],
          [1.9763e-01, 6.1993e-01, 9.3067e-01,  ..., 7.3860e-01,
           8.1081e-01, 6.5012e-01],
          [2.8768e-01, 2.1492e-01, 1.6006e-01,  ..., 6.1507e-01,
           5.8340e-01, 1.6959e-01]],

         [[9.5313e-01, 3.5918e-01, 3.3217e-01,  ..., 2.7048e-01,
           6.7874e-01, 7.8681e-01],
          [3.1108e-01, 9.6270e-01, 8.1308e-01,  ..., 7.1753e-03,
           9.7430e-01, 3.5792e-01],
          [8.0250e-01, 1.7667e-01, 9.4189e-01,  ..., 8.8389e-01,
           8.8407e-03, 3.4101e-01],
          ...,
          [6.1611e-01, 1.7868e-02, 9.8190e-02,  ..., 9.1398e-01,
           9.2113e-01, 9.1734e-01],
          [3.2580e-01, 3.2308e-01, 6.2004e-01,  ..., 4.5396e-01,
           4.7175e-02, 1.2642e-01],
          [2.8426e-02, 8.1786e-01, 7.7436e-01,  ..., 9.2133e-01,
           3.1384e-01, 3.0902e-01]],

         [[2.4375e-01, 3.4446e-01, 5.5157e-01,  ..., 5.5014e-01,
           9.4275e-02, 8.2237e-01],
          [2.5095e-01, 1.7693e-01, 9.1061e-01,  ..., 1.7792e-02,
           6.8392e-01, 5.0063e-01],
          [2.9496e-02, 4.8454e-01, 3.3793e-01,  ..., 3.8482e-01,
           6.2510e-01, 5.2266e-01],
          ...,
          [5.5212e-02, 2.1787e-01, 5.3023e-01,  ..., 2.5532e-01,
           5.8461e-01, 3.9805e-01],
          [7.7528e-01, 8.6756e-01, 6.5253e-01,  ..., 5.5520e-01,
           7.9746e-01, 5.3335e-01],
          [2.5065e-01, 7.0841e-01, 7.3868e-01,  ..., 7.3476e-01,
           2.5125e-02, 7.4188e-01]],

         ...,

         [[1.7151e-01, 2.8765e-01, 7.2832e-01,  ..., 1.8677e-01,
           4.9614e-01, 2.1487e-02],
          [8.0359e-02, 3.0453e-01, 1.8613e-01,  ..., 1.2126e-01,
           2.6717e-01, 2.7003e-01],
          [4.8656e-02, 1.0531e-01, 1.4613e-01,  ..., 3.0098e-01,
           9.3617e-01, 9.1658e-01],
          ...,
          [6.3592e-02, 3.2873e-01, 4.8320e-01,  ..., 6.2965e-01,
           9.0280e-01, 6.9738e-01],
          [4.2347e-01, 3.9303e-04, 7.6622e-01,  ..., 7.9530e-01,
           4.5811e-02, 8.4485e-01],
          [9.3893e-01, 8.8258e-01, 6.4678e-01,  ..., 8.1640e-01,
           9.4339e-01, 9.5473e-01]],

         [[6.5845e-01, 5.4901e-02, 9.7513e-01,  ..., 3.7308e-02,
           4.9766e-01, 2.6163e-01],
          [4.6339e-02, 4.6686e-01, 1.6316e-01,  ..., 2.1816e-02,
           9.0517e-01, 1.6193e-01],
          [8.7127e-01, 5.0040e-01, 3.9755e-01,  ..., 9.8719e-01,
           4.6966e-01, 5.4191e-01],
          ...,
          [1.7635e-01, 1.1086e-01, 3.8885e-01,  ..., 9.9946e-01,
           7.3908e-02, 8.3924e-01],
          [1.3089e-01, 9.8011e-02, 5.0277e-01,  ..., 6.2903e-01,
           3.5147e-01, 7.3674e-01],
          [3.8488e-01, 5.4121e-01, 7.3157e-01,  ..., 9.9737e-01,
           4.8398e-01, 3.3164e-01]],

         [[5.5867e-01, 2.5307e-02, 3.6609e-01,  ..., 9.1077e-01,
           6.2038e-01, 6.2607e-01],
          [5.3300e-01, 2.1404e-01, 2.7203e-01,  ..., 1.1471e-01,
           4.7506e-01, 3.4643e-01],
          [1.3317e-01, 5.4691e-01, 7.8738e-01,  ..., 6.9603e-01,
           9.9520e-01, 1.8773e-01],
          ...,
          [3.7553e-01, 6.9801e-01, 5.0779e-02,  ..., 7.3564e-01,
           9.1506e-01, 2.7107e-01],
          [3.8345e-01, 5.9833e-01, 1.9440e-01,  ..., 4.6533e-02,
           8.0846e-02, 2.9726e-02],
          [4.9375e-01, 8.2631e-01, 7.9728e-02,  ..., 2.0041e-02,
           6.5727e-01, 6.3074e-01]]],


        [[[4.0304e-01, 9.4051e-01, 8.5315e-01,  ..., 5.1832e-01,
           3.9280e-01, 5.1416e-01],
          [9.3807e-01, 6.7768e-01, 5.1761e-01,  ..., 9.1218e-01,
           2.2513e-01, 8.6948e-01],
          [7.2791e-01, 1.3263e-01, 9.2276e-01,  ..., 6.8666e-01,
           7.0244e-01, 1.7137e-01],
          ...,
          [7.4455e-01, 1.7834e-01, 9.1901e-01,  ..., 8.2275e-01,
           6.5008e-01, 1.3692e-01],
          [6.1398e-03, 5.9754e-01, 6.8778e-02,  ..., 4.3893e-02,
           6.9361e-01, 5.0759e-01],
          [7.7284e-01, 4.2760e-01, 2.1307e-01,  ..., 2.4681e-01,
           9.6722e-01, 4.8232e-01]],

         [[7.8929e-01, 8.1414e-01, 2.7054e-01,  ..., 4.9460e-01,
           2.0221e-01, 6.2481e-01],
          [4.4646e-02, 4.0285e-01, 3.3852e-01,  ..., 8.1365e-01,
           7.2578e-01, 9.9936e-01],
          [9.6051e-01, 3.4445e-01, 7.1373e-01,  ..., 1.6789e-01,
           3.0684e-01, 2.9694e-01],
          ...,
          [4.1991e-01, 1.6214e-01, 6.7559e-02,  ..., 2.8359e-01,
           1.1099e-01, 3.9252e-01],
          [3.4871e-01, 8.8708e-01, 6.9582e-01,  ..., 7.6812e-01,
           5.9910e-01, 2.1129e-01],
          [7.1554e-01, 6.2749e-01, 3.6167e-01,  ..., 1.0948e-01,
           9.7208e-01, 8.6143e-01]],

         [[8.9343e-01, 8.8314e-01, 6.4519e-01,  ..., 4.9638e-01,
           9.4438e-01, 9.4078e-01],
          [5.9018e-01, 4.0320e-01, 1.7771e-01,  ..., 1.9942e-01,
           5.6188e-01, 8.7141e-02],
          [5.6007e-01, 3.8370e-01, 9.7524e-01,  ..., 8.1313e-01,
           1.7516e-01, 6.1290e-02],
          ...,
          [2.4178e-01, 6.9712e-01, 3.1426e-01,  ..., 8.6845e-01,
           4.9677e-01, 7.0248e-01],
          [5.3882e-01, 1.5919e-01, 8.7635e-01,  ..., 5.0372e-01,
           1.6494e-01, 4.0704e-01],
          [7.1230e-01, 8.5434e-01, 2.6356e-01,  ..., 7.0939e-01,
           8.6703e-02, 8.9182e-01]],

         ...,

         [[5.8730e-01, 7.0969e-01, 9.3035e-01,  ..., 6.4814e-02,
           4.4599e-01, 5.6417e-01],
          [1.5940e-01, 6.9994e-01, 3.8732e-01,  ..., 1.2037e-01,
           3.3995e-01, 5.7687e-01],
          [8.6528e-01, 8.1881e-01, 4.5184e-01,  ..., 7.2558e-01,
           3.1409e-02, 7.5611e-01],
          ...,
          [5.6301e-01, 4.1044e-01, 4.4197e-01,  ..., 7.6487e-01,
           8.1683e-01, 8.6345e-01],
          [2.9060e-01, 7.6034e-01, 9.2865e-01,  ..., 8.4763e-01,
           6.5619e-01, 1.5649e-01],
          [4.1522e-01, 1.5313e-01, 8.1922e-02,  ..., 1.0633e-01,
           4.7848e-01, 7.3188e-01]],

         [[4.7454e-01, 7.5816e-01, 9.8595e-01,  ..., 5.3202e-01,
           4.2717e-03, 3.9299e-01],
          [2.4621e-02, 6.7077e-01, 5.0262e-01,  ..., 6.1375e-01,
           1.1360e-02, 4.0176e-02],
          [3.1857e-01, 7.6685e-01, 2.2160e-01,  ..., 2.8782e-01,
           8.8310e-01, 4.2511e-01],
          ...,
          [1.4397e-01, 1.0732e-01, 4.5432e-01,  ..., 6.6265e-01,
           4.1598e-01, 5.2463e-01],
          [1.2014e-01, 4.8510e-02, 1.5978e-01,  ..., 9.7561e-01,
           4.6833e-01, 3.5345e-01],
          [1.8114e-01, 9.7884e-01, 9.9554e-01,  ..., 4.1653e-01,
           2.8831e-01, 5.0036e-01]],

         [[6.0539e-01, 2.0331e-01, 7.0025e-01,  ..., 8.5436e-01,
           2.7129e-01, 8.7497e-01],
          [7.2733e-01, 7.4565e-01, 9.4748e-01,  ..., 2.5434e-01,
           4.4826e-01, 2.4731e-01],
          [5.0411e-01, 2.8978e-01, 5.8997e-02,  ..., 9.6468e-01,
           2.5416e-01, 6.7300e-01],
          ...,
          [9.8237e-01, 3.9273e-01, 5.5148e-01,  ..., 3.4213e-01,
           4.3585e-01, 4.8129e-01],
          [2.4870e-01, 7.3342e-01, 4.6985e-01,  ..., 8.8158e-01,
           8.0545e-01, 9.9003e-05],
          [8.0373e-01, 8.4127e-01, 6.2732e-01,  ..., 7.2003e-02,
           6.8176e-01, 4.8469e-01]]],


        ...,


        [[[6.9188e-01, 9.9934e-02, 8.8146e-01,  ..., 5.3094e-01,
           2.8553e-01, 5.7875e-01],
          [9.8263e-01, 6.6517e-01, 6.0295e-01,  ..., 9.1102e-01,
           2.6501e-01, 8.9426e-01],
          [6.1720e-01, 9.4648e-01, 3.4519e-02,  ..., 6.6112e-01,
           5.3822e-01, 6.9356e-01],
          ...,
          [6.7577e-01, 1.6873e-01, 6.3496e-01,  ..., 9.6172e-01,
           6.7577e-01, 5.8682e-01],
          [7.5935e-01, 1.0359e-01, 9.8872e-01,  ..., 5.9758e-01,
           9.8753e-01, 4.9864e-01],
          [4.1110e-02, 9.0475e-01, 2.8682e-02,  ..., 2.9636e-01,
           2.7467e-01, 2.9909e-01]],

         [[1.3236e-01, 1.6466e-01, 1.3541e-01,  ..., 4.6301e-01,
           1.6952e-01, 4.8744e-01],
          [4.1957e-01, 5.8074e-01, 5.7897e-01,  ..., 1.5506e-01,
           9.2929e-01, 2.5881e-01],
          [2.0830e-02, 5.7941e-01, 7.5375e-01,  ..., 2.4673e-01,
           7.6764e-01, 8.2904e-02],
          ...,
          [1.2987e-01, 2.0073e-01, 3.0434e-01,  ..., 9.7503e-01,
           8.3331e-01, 4.1705e-01],
          [6.1545e-01, 5.2901e-01, 3.4665e-01,  ..., 9.4007e-01,
           3.2200e-01, 5.2975e-01],
          [9.3034e-01, 9.3199e-01, 9.1859e-01,  ..., 4.8892e-01,
           6.2544e-01, 6.3051e-01]],

         [[8.2009e-01, 2.1802e-01, 5.6234e-01,  ..., 3.8087e-01,
           8.7066e-01, 9.3175e-02],
          [9.0917e-01, 2.0352e-01, 8.8752e-01,  ..., 7.6486e-02,
           1.2946e-01, 6.1165e-01],
          [8.5229e-01, 3.0922e-01, 8.9916e-01,  ..., 8.4191e-01,
           4.9426e-01, 8.4685e-01],
          ...,
          [2.6771e-01, 3.5279e-01, 3.9064e-01,  ..., 8.7177e-01,
           2.0620e-01, 2.7869e-01],
          [3.1218e-01, 9.4942e-01, 9.4278e-01,  ..., 1.6876e-01,
           8.5369e-01, 3.3802e-01],
          [6.2178e-02, 9.9967e-01, 2.3646e-01,  ..., 7.4867e-01,
           5.9019e-01, 8.6642e-01]],

         ...,

         [[7.6014e-01, 8.8922e-01, 7.5612e-01,  ..., 9.6603e-01,
           1.1667e-01, 8.7104e-01],
          [7.9914e-01, 9.3802e-01, 1.6257e-01,  ..., 8.7114e-01,
           3.6994e-01, 3.2841e-01],
          [7.6786e-01, 2.7002e-01, 5.8182e-01,  ..., 6.6731e-01,
           3.1613e-02, 6.1245e-01],
          ...,
          [1.9668e-01, 6.4377e-01, 4.9948e-01,  ..., 4.8804e-01,
           5.6159e-01, 5.7383e-01],
          [7.7298e-01, 2.5861e-01, 3.5326e-01,  ..., 1.6336e-01,
           1.9255e-01, 7.2472e-01],
          [6.7589e-01, 4.7040e-01, 8.3501e-01,  ..., 1.5395e-01,
           6.4451e-01, 7.0743e-01]],

         [[6.4714e-01, 6.5528e-01, 1.2910e-01,  ..., 4.0934e-01,
           7.3691e-01, 7.8597e-01],
          [8.3271e-01, 6.5843e-02, 7.1408e-02,  ..., 7.4112e-01,
           5.1535e-01, 6.6384e-01],
          [7.7441e-01, 4.8222e-01, 2.7683e-01,  ..., 4.8721e-01,
           8.7600e-01, 9.8360e-01],
          ...,
          [9.1099e-01, 1.4921e-01, 1.2337e-01,  ..., 4.9047e-01,
           3.9382e-01, 1.5082e-01],
          [4.2894e-01, 1.5662e-02, 3.3429e-01,  ..., 5.8420e-02,
           4.0647e-01, 4.3513e-01],
          [9.5211e-01, 9.7036e-01, 6.5054e-01,  ..., 7.5677e-01,
           2.1952e-02, 4.7062e-01]],

         [[9.2876e-01, 7.0570e-01, 5.0074e-01,  ..., 4.7722e-01,
           7.7346e-01, 3.8522e-01],
          [6.1631e-01, 4.0671e-01, 4.5052e-01,  ..., 8.6800e-01,
           3.8979e-01, 5.7223e-01],
          [2.8703e-01, 3.0703e-01, 5.3266e-01,  ..., 3.3294e-01,
           5.8500e-01, 9.8808e-01],
          ...,
          [8.8596e-01, 4.1564e-01, 1.7094e-01,  ..., 5.1707e-01,
           6.2177e-02, 1.5134e-01],
          [2.4027e-01, 1.3836e-01, 5.8877e-01,  ..., 6.8389e-01,
           7.4604e-01, 9.6258e-01],
          [4.0617e-01, 4.8778e-01, 2.6080e-01,  ..., 7.5724e-01,
           5.8488e-01, 8.3508e-01]]],


        [[[9.6893e-01, 1.4744e-01, 1.0116e-01,  ..., 7.4101e-01,
           2.0599e-01, 8.4516e-02],
          [6.4754e-02, 1.2074e-01, 8.6818e-01,  ..., 7.6179e-01,
           9.0932e-01, 6.7214e-01],
          [1.1556e-01, 6.4343e-01, 3.0120e-01,  ..., 5.6436e-01,
           3.3082e-01, 1.7867e-01],
          ...,
          [3.8990e-02, 4.1897e-01, 3.3073e-01,  ..., 3.2562e-01,
           5.3753e-01, 9.1045e-01],
          [3.8287e-01, 3.0042e-02, 8.1093e-01,  ..., 7.8085e-02,
           4.7927e-01, 6.9163e-01],
          [9.1038e-01, 3.0507e-01, 9.7552e-01,  ..., 1.6914e-01,
           5.4938e-01, 6.2846e-01]],

         [[8.2792e-01, 1.8155e-03, 8.8929e-01,  ..., 2.7191e-02,
           5.8547e-01, 8.6531e-01],
          [8.0792e-01, 2.2831e-01, 9.6781e-01,  ..., 4.1851e-01,
           6.4923e-01, 9.4527e-01],
          [7.2303e-01, 4.5921e-01, 9.6376e-01,  ..., 9.2271e-01,
           7.5632e-02, 1.6193e-01],
          ...,
          [9.2394e-01, 5.6672e-01, 9.4778e-01,  ..., 5.3231e-01,
           5.4005e-01, 1.3852e-01],
          [2.2792e-01, 3.9149e-01, 3.7066e-01,  ..., 5.7325e-01,
           2.4391e-01, 4.2978e-01],
          [8.4969e-01, 8.4946e-01, 1.2625e-01,  ..., 9.9827e-01,
           3.4968e-01, 7.3035e-02]],

         [[6.0465e-01, 6.0351e-01, 1.5871e-01,  ..., 9.1272e-01,
           9.7264e-01, 7.7764e-01],
          [3.4325e-01, 9.2903e-01, 9.7644e-01,  ..., 2.7074e-01,
           8.1096e-01, 4.5455e-01],
          [5.6453e-02, 2.1925e-01, 2.4700e-01,  ..., 8.0214e-01,
           5.0787e-01, 4.1996e-01],
          ...,
          [6.9805e-01, 2.1970e-01, 3.1525e-01,  ..., 8.6671e-01,
           8.4933e-01, 3.9406e-01],
          [3.7022e-01, 1.9560e-01, 8.7076e-01,  ..., 3.5848e-01,
           3.5947e-01, 1.0534e-01],
          [9.1635e-01, 8.4757e-02, 5.0770e-01,  ..., 1.2836e-01,
           5.4318e-01, 4.5210e-01]],

         ...,

         [[4.1735e-01, 5.7160e-01, 1.4421e-01,  ..., 4.6070e-01,
           6.5499e-01, 8.9672e-01],
          [9.1667e-01, 7.0197e-01, 6.4121e-01,  ..., 9.2215e-01,
           5.8686e-01, 5.8043e-01],
          [5.3971e-01, 6.6741e-01, 7.0014e-01,  ..., 9.3991e-01,
           4.4563e-01, 9.6982e-01],
          ...,
          [7.8836e-01, 2.3318e-01, 2.2064e-01,  ..., 6.0536e-01,
           4.2179e-01, 9.5063e-01],
          [9.9133e-01, 2.0289e-01, 4.9148e-01,  ..., 5.8673e-01,
           5.3699e-01, 2.4843e-01],
          [2.3140e-01, 6.5596e-01, 8.2962e-01,  ..., 5.3930e-01,
           9.8011e-01, 3.4446e-01]],

         [[9.5701e-01, 4.7557e-01, 7.1721e-01,  ..., 1.3600e-01,
           7.2966e-01, 4.4912e-01],
          [6.7110e-01, 6.4864e-01, 4.8708e-01,  ..., 3.5878e-01,
           9.9165e-01, 5.9986e-01],
          [8.8263e-01, 3.1815e-01, 7.4434e-02,  ..., 2.2606e-01,
           7.6436e-01, 5.0148e-01],
          ...,
          [9.2409e-01, 1.8892e-01, 2.1613e-01,  ..., 8.2568e-01,
           1.6106e-01, 7.1532e-01],
          [5.7638e-01, 7.4050e-02, 8.8366e-01,  ..., 7.7275e-01,
           7.4172e-01, 6.5824e-02],
          [9.9445e-01, 7.1424e-01, 9.5043e-01,  ..., 1.2148e-01,
           7.2784e-02, 7.2870e-01]],

         [[5.5544e-01, 8.6329e-01, 9.3039e-01,  ..., 8.8444e-01,
           9.6640e-01, 3.0000e-01],
          [2.5733e-01, 3.6104e-01, 3.6923e-01,  ..., 4.8295e-01,
           8.6955e-01, 1.2705e-01],
          [6.5295e-02, 7.6439e-01, 8.5979e-01,  ..., 7.8656e-02,
           6.0249e-01, 9.8270e-01],
          ...,
          [2.5150e-01, 3.0338e-01, 9.4087e-02,  ..., 6.7118e-01,
           6.7145e-01, 5.5042e-01],
          [3.9395e-01, 7.3204e-01, 9.8458e-01,  ..., 2.6399e-01,
           4.7043e-01, 8.1020e-01],
          [2.6347e-01, 8.3327e-01, 1.6953e-02,  ..., 8.9770e-01,
           7.4684e-01, 6.2185e-01]]],


        [[[6.2237e-01, 2.7768e-01, 6.2345e-01,  ..., 7.0727e-01,
           8.0436e-01, 6.0622e-01],
          [4.0688e-01, 3.8827e-01, 8.3088e-01,  ..., 8.2565e-01,
           7.2853e-01, 7.3685e-02],
          [9.6961e-01, 6.8536e-01, 5.7589e-01,  ..., 2.3041e-01,
           9.4225e-01, 6.8532e-01],
          ...,
          [4.8025e-01, 9.5139e-03, 3.8168e-01,  ..., 5.4191e-02,
           5.4234e-01, 3.8726e-01],
          [7.5445e-01, 5.4957e-01, 9.5245e-01,  ..., 8.6313e-04,
           8.8406e-01, 8.4418e-02],
          [2.2461e-02, 3.6044e-01, 2.3218e-01,  ..., 5.0070e-02,
           6.8139e-01, 3.4935e-02]],

         [[3.2899e-01, 9.5445e-01, 9.5379e-01,  ..., 6.4560e-01,
           5.8295e-01, 4.4429e-01],
          [1.2016e-01, 3.0589e-01, 1.1182e-01,  ..., 3.1284e-01,
           3.4679e-01, 5.3093e-01],
          [8.0602e-01, 4.4648e-01, 9.6095e-01,  ..., 4.6347e-01,
           8.0584e-02, 4.1378e-01],
          ...,
          [5.6285e-01, 4.4975e-02, 7.2520e-01,  ..., 3.9612e-01,
           3.5535e-01, 7.6784e-01],
          [1.7989e-01, 4.4465e-01, 6.4653e-01,  ..., 1.3618e-01,
           6.4062e-01, 8.7473e-01],
          [7.3177e-01, 9.2455e-01, 1.6773e-01,  ..., 2.7765e-01,
           4.2600e-01, 3.2682e-01]],

         [[1.8009e-01, 9.6785e-01, 1.8292e-01,  ..., 8.6413e-01,
           1.0448e-01, 3.2864e-01],
          [4.3050e-01, 9.7681e-01, 6.8254e-01,  ..., 1.0022e-01,
           5.5856e-01, 2.7684e-01],
          [7.1027e-01, 8.0142e-01, 4.3952e-01,  ..., 8.3646e-01,
           6.8395e-01, 4.5243e-01],
          ...,
          [4.1488e-01, 5.4158e-01, 6.9549e-01,  ..., 7.3853e-02,
           3.7546e-01, 3.9830e-01],
          [8.0624e-01, 5.5667e-01, 9.4251e-01,  ..., 5.1574e-02,
           3.6809e-01, 8.1495e-01],
          [6.3235e-02, 9.6187e-01, 3.2415e-01,  ..., 8.3511e-01,
           9.7916e-02, 5.0333e-01]],

         ...,

         [[6.2942e-01, 4.4794e-01, 7.9548e-01,  ..., 8.9568e-01,
           2.2364e-01, 4.2627e-01],
          [5.4796e-02, 2.0133e-02, 1.8596e-01,  ..., 8.2593e-01,
           7.5180e-01, 6.4917e-01],
          [5.1198e-01, 5.2852e-01, 4.0206e-01,  ..., 8.5714e-01,
           9.2099e-01, 9.9083e-01],
          ...,
          [1.8248e-01, 6.4891e-01, 3.7109e-02,  ..., 7.5693e-01,
           6.2707e-01, 1.7896e-01],
          [7.7662e-01, 7.1865e-01, 7.8597e-01,  ..., 3.3393e-01,
           6.7834e-01, 5.9268e-01],
          [7.3111e-01, 7.6425e-01, 7.3365e-01,  ..., 5.6683e-01,
           4.9615e-01, 1.6229e-01]],

         [[6.6166e-01, 5.5071e-01, 8.4491e-01,  ..., 9.6740e-01,
           3.0473e-01, 5.2003e-02],
          [1.6688e-01, 7.3687e-02, 9.4989e-01,  ..., 5.7503e-01,
           2.6501e-01, 1.1622e-01],
          [2.4806e-01, 4.5404e-01, 3.7417e-01,  ..., 3.0389e-01,
           2.0394e-01, 9.0180e-01],
          ...,
          [9.4965e-01, 6.5111e-01, 6.5989e-01,  ..., 3.6491e-01,
           5.1281e-01, 3.9674e-01],
          [3.8521e-01, 7.2322e-01, 8.6201e-01,  ..., 4.9579e-01,
           9.8983e-01, 8.4918e-02],
          [2.1715e-01, 5.9653e-01, 6.6573e-01,  ..., 2.5822e-01,
           1.2337e-01, 2.8398e-01]],

         [[6.2511e-01, 5.6486e-01, 9.4057e-01,  ..., 3.0232e-01,
           1.6726e-01, 1.1844e-01],
          [4.7452e-01, 3.8681e-01, 2.9243e-01,  ..., 5.9237e-01,
           5.4812e-01, 7.7427e-01],
          [9.4100e-01, 9.3153e-01, 3.2210e-01,  ..., 1.2182e-01,
           8.0723e-01, 8.9987e-01],
          ...,
          [3.8777e-01, 6.8137e-02, 7.1844e-01,  ..., 6.6744e-02,
           5.4115e-01, 2.9348e-01],
          [7.7626e-01, 2.5026e-01, 2.2409e-01,  ..., 1.1787e-02,
           9.1119e-01, 4.2691e-01],
          [8.0446e-01, 2.4081e-02, 6.3144e-01,  ..., 9.6272e-01,
           5.9505e-01, 4.8961e-01]]]])
