tensor([[[[0.8588, 0.5241, 0.4406,  ..., 0.9015, 0.3884, 0.3361],
          [0.1541, 0.0425, 0.3436,  ..., 0.3827, 0.0142, 0.3219],
          [0.6119, 0.8841, 0.8519,  ..., 0.3976, 0.9084, 0.5951],
          ...,
          [0.6856, 0.9075, 0.5367,  ..., 0.9637, 0.3341, 0.5091],
          [0.3240, 0.5739, 0.0028,  ..., 0.9741, 0.4074, 0.8218],
          [0.7916, 0.1552, 0.7886,  ..., 0.5516, 0.4633, 0.8340]],

         [[0.7044, 0.7165, 0.6289,  ..., 0.6702, 0.7505, 0.4913],
          [0.0187, 0.8028, 0.9159,  ..., 0.8465, 0.9352, 0.4393],
          [0.6470, 0.2840, 0.2327,  ..., 0.3669, 0.1814, 0.5033],
          ...,
          [0.0523, 0.5005, 0.7163,  ..., 0.2972, 0.5733, 0.0669],
          [0.2381, 0.6423, 0.4508,  ..., 0.3745, 0.7114, 0.2118],
          [0.2911, 0.9834, 0.5250,  ..., 0.5303, 0.1306, 0.8438]],

         [[0.9837, 0.1060, 0.6465,  ..., 0.7177, 0.4363, 0.0853],
          [0.7029, 0.3545, 0.4325,  ..., 0.3094, 0.9687, 0.7670],
          [0.6787, 0.0122, 0.6116,  ..., 0.8332, 0.1838, 0.5770],
          ...,
          [0.7881, 0.0821, 0.3557,  ..., 0.5111, 0.8265, 0.6403],
          [0.1891, 0.5465, 0.2945,  ..., 0.8277, 0.9336, 0.7335],
          [0.2125, 0.5770, 0.7192,  ..., 0.0603, 0.3638, 0.2940]],

         ...,

         [[0.6249, 0.5301, 0.0354,  ..., 0.8712, 0.7422, 0.1322],
          [0.9800, 0.4351, 0.3145,  ..., 0.7717, 0.6549, 0.9492],
          [0.2970, 0.5727, 0.5805,  ..., 0.2302, 0.2814, 0.1449],
          ...,
          [0.9284, 0.8076, 0.9964,  ..., 0.8255, 0.5678, 0.3569],
          [0.5540, 0.0185, 0.4088,  ..., 0.1642, 0.8674, 0.8892],
          [0.3849, 0.8065, 0.5213,  ..., 0.1755, 0.3110, 0.5264]],

         [[0.9444, 0.8016, 0.7249,  ..., 0.4524, 0.9146, 0.2526],
          [0.8587, 0.5945, 0.7772,  ..., 0.3175, 0.5470, 0.5748],
          [0.2172, 0.4058, 0.7505,  ..., 0.9304, 0.5996, 0.0345],
          ...,
          [0.1117, 0.6415, 0.9552,  ..., 0.8252, 0.0122, 0.9452],
          [0.6740, 0.9161, 0.4329,  ..., 0.2304, 0.6193, 0.5480],
          [0.9571, 0.6281, 0.0166,  ..., 0.4619, 0.3617, 0.8735]],

         [[0.4489, 0.6746, 0.9470,  ..., 0.0021, 0.1595, 0.4372],
          [0.0100, 0.0985, 0.9409,  ..., 0.4361, 0.5013, 0.6376],
          [0.5696, 0.0813, 0.6939,  ..., 0.3923, 0.2684, 0.1431],
          ...,
          [0.9876, 0.2312, 0.3934,  ..., 0.6954, 0.2896, 0.3873],
          [0.6219, 0.0928, 0.7846,  ..., 0.7651, 0.3277, 0.6735],
          [0.8126, 0.2326, 0.7604,  ..., 0.8839, 0.5158, 0.7532]]],


        [[[0.4708, 0.1279, 0.6792,  ..., 0.5230, 0.2387, 0.6422],
          [0.8746, 0.4229, 0.7298,  ..., 0.1739, 0.3030, 0.7832],
          [0.0659, 0.5160, 0.0475,  ..., 0.4024, 0.3076, 0.5710],
          ...,
          [0.1663, 0.5183, 0.7927,  ..., 0.4900, 0.0440, 0.8765],
          [0.7361, 0.9238, 0.3818,  ..., 0.0388, 0.0160, 0.5449],
          [0.1291, 0.7083, 0.2966,  ..., 0.2317, 0.2726, 0.6505]],

         [[0.5106, 0.3924, 0.5525,  ..., 0.9045, 0.4147, 0.0527],
          [0.7723, 0.0356, 0.8130,  ..., 0.6969, 0.5638, 0.8416],
          [0.1418, 0.1997, 0.5980,  ..., 0.0134, 0.5843, 0.4003],
          ...,
          [0.9411, 0.0781, 0.1202,  ..., 0.5202, 0.3182, 0.8698],
          [0.5610, 0.9105, 0.6699,  ..., 0.2106, 0.8841, 0.3379],
          [0.9433, 0.9993, 0.0040,  ..., 0.1569, 0.7333, 0.5458]],

         [[0.8528, 0.5271, 0.6349,  ..., 0.3453, 0.3142, 0.6958],
          [0.9067, 0.7051, 0.9918,  ..., 0.8455, 0.4576, 0.7382],
          [0.2775, 0.3991, 0.0809,  ..., 0.6478, 0.0792, 0.1170],
          ...,
          [0.9260, 0.9695, 0.4283,  ..., 0.0035, 0.2809, 0.0200],
          [0.2260, 0.4068, 0.3605,  ..., 0.9981, 0.3134, 0.2581],
          [0.7311, 0.3685, 0.9965,  ..., 0.7815, 0.4132, 0.4866]],

         ...,

         [[0.2150, 0.4547, 0.4304,  ..., 0.8586, 0.9871, 0.0469],
          [0.6917, 0.7468, 0.8250,  ..., 0.2650, 0.5599, 0.4993],
          [0.8183, 0.1151, 0.8907,  ..., 0.6167, 0.5061, 0.2640],
          ...,
          [0.0719, 0.2812, 0.5159,  ..., 0.9939, 0.1821, 0.1721],
          [0.0461, 0.4676, 0.6323,  ..., 0.1957, 0.7391, 0.7545],
          [0.6184, 0.3823, 0.2093,  ..., 0.7362, 0.8996, 0.9037]],

         [[0.3884, 0.1651, 0.3758,  ..., 0.3378, 0.0674, 0.5453],
          [0.0042, 0.4003, 0.7578,  ..., 0.4613, 0.8631, 0.2772],
          [0.3929, 0.7561, 0.8303,  ..., 0.1951, 0.7636, 0.4587],
          ...,
          [0.8913, 0.8869, 0.1392,  ..., 0.3723, 0.3107, 0.8431],
          [0.4466, 0.4165, 0.9998,  ..., 0.0729, 0.5810, 0.1563],
          [0.6241, 0.0266, 0.8417,  ..., 0.8285, 0.0328, 0.4526]],

         [[0.8907, 0.9167, 0.9453,  ..., 0.0684, 0.0543, 0.7271],
          [0.6674, 0.4176, 0.3845,  ..., 0.2890, 0.9232, 0.4083],
          [0.1431, 0.7887, 0.6266,  ..., 0.3370, 0.6721, 0.2276],
          ...,
          [0.3275, 0.6208, 0.7359,  ..., 0.3942, 0.4471, 0.0429],
          [0.9943, 0.4392, 0.0192,  ..., 0.5202, 0.6926, 0.2577],
          [0.1564, 0.6028, 0.6549,  ..., 0.9776, 0.1453, 0.7217]]],


        [[[0.8424, 0.3255, 0.2572,  ..., 0.1557, 0.4922, 0.1439],
          [0.3707, 0.6162, 0.7362,  ..., 0.8392, 0.8019, 0.4231],
          [0.1805, 0.4883, 0.8595,  ..., 0.8071, 0.0751, 0.6942],
          ...,
          [0.3595, 0.8822, 0.6923,  ..., 0.2393, 0.5043, 0.0463],
          [0.7136, 0.1751, 0.0485,  ..., 0.8701, 0.4850, 0.2550],
          [0.5464, 0.5407, 0.0950,  ..., 0.8225, 0.2267, 0.9322]],

         [[0.0705, 0.6316, 0.7915,  ..., 0.1930, 0.9074, 0.4435],
          [0.5497, 0.4299, 0.9691,  ..., 0.0224, 0.7856, 0.5974],
          [0.1868, 0.0445, 0.3698,  ..., 0.7583, 0.0994, 0.4448],
          ...,
          [0.2129, 0.0604, 0.3890,  ..., 0.0847, 0.7355, 0.8475],
          [0.5952, 0.6910, 0.3760,  ..., 0.4637, 0.2311, 0.8515],
          [0.0139, 0.8529, 0.7302,  ..., 0.1249, 0.5516, 0.0621]],

         [[0.7729, 0.8458, 0.3301,  ..., 0.5946, 0.0709, 0.0343],
          [0.6867, 0.3493, 0.1624,  ..., 0.8963, 0.0580, 0.7309],
          [0.9229, 0.7004, 0.9514,  ..., 0.8512, 0.0044, 0.3781],
          ...,
          [0.3183, 0.6586, 0.7946,  ..., 0.4377, 0.9678, 0.0820],
          [0.7537, 0.0206, 0.3773,  ..., 0.9875, 0.7503, 0.0804],
          [0.1300, 0.0907, 0.4280,  ..., 0.3370, 0.4523, 0.4850]],

         ...,

         [[0.3618, 0.6998, 0.5764,  ..., 0.6123, 0.3060, 0.1323],
          [0.3616, 0.2060, 0.3669,  ..., 0.0308, 0.2022, 0.3869],
          [0.3204, 0.0748, 0.5015,  ..., 0.0077, 0.4468, 0.3915],
          ...,
          [0.8234, 0.8705, 0.5573,  ..., 0.6089, 0.5270, 0.8344],
          [0.9344, 0.8302, 0.4742,  ..., 0.2289, 0.3544, 0.2628],
          [0.6160, 0.9299, 0.0189,  ..., 0.5324, 0.0549, 0.7580]],

         [[0.2975, 0.7752, 0.4882,  ..., 0.4685, 0.5199, 0.2934],
          [0.5596, 0.8034, 0.6474,  ..., 0.4964, 0.1077, 0.1973],
          [0.9213, 0.5296, 0.3287,  ..., 0.2119, 0.5466, 0.9098],
          ...,
          [0.5553, 0.8348, 0.9802,  ..., 0.9187, 0.0218, 0.7155],
          [0.3449, 0.7427, 0.5422,  ..., 0.3360, 0.9464, 0.9991],
          [0.8308, 0.9319, 0.3884,  ..., 0.9785, 0.4546, 0.6685]],

         [[0.1510, 0.0237, 0.2067,  ..., 0.1549, 0.1924, 0.5957],
          [0.2644, 0.5556, 0.3467,  ..., 0.8033, 0.2788, 0.7595],
          [0.2406, 0.0594, 0.9902,  ..., 0.0813, 0.9401, 0.3371],
          ...,
          [0.1105, 0.2434, 0.2354,  ..., 0.9885, 0.2285, 0.6112],
          [0.5444, 0.7533, 0.4883,  ..., 0.8779, 0.6018, 0.7228],
          [0.9818, 0.6774, 0.4023,  ..., 0.2468, 0.3281, 0.9413]]],


        ...,


        [[[0.9828, 0.1564, 0.7742,  ..., 0.7764, 0.0200, 0.0298],
          [0.2614, 0.2620, 0.6641,  ..., 0.1006, 0.8515, 0.2026],
          [0.8842, 0.9638, 0.2468,  ..., 0.8463, 0.5161, 0.9351],
          ...,
          [0.7478, 0.0271, 0.6528,  ..., 0.4483, 0.5001, 0.1949],
          [0.9264, 0.9608, 0.8111,  ..., 0.6884, 0.8381, 0.1096],
          [0.8564, 0.5639, 0.6907,  ..., 0.5640, 0.6231, 0.6890]],

         [[0.1943, 0.8231, 0.7051,  ..., 0.7845, 0.6447, 0.0487],
          [0.6706, 0.1824, 0.4871,  ..., 0.2108, 0.3333, 0.9628],
          [0.4931, 0.2107, 0.5061,  ..., 0.1229, 0.9525, 0.8983],
          ...,
          [0.6869, 0.2128, 0.8204,  ..., 0.8380, 0.0832, 0.3700],
          [0.4757, 0.6954, 0.6100,  ..., 0.2962, 0.4248, 0.9854],
          [0.8083, 0.1164, 0.4878,  ..., 0.8296, 0.2164, 0.6917]],

         [[0.9277, 0.8744, 0.5674,  ..., 0.1296, 0.7523, 0.1503],
          [0.9075, 0.5708, 0.2081,  ..., 0.8905, 0.6552, 0.1677],
          [0.9346, 0.1562, 0.2950,  ..., 0.8581, 0.8070, 0.5313],
          ...,
          [0.5346, 0.4284, 0.7606,  ..., 0.0506, 0.4931, 0.8749],
          [0.9738, 0.0866, 0.3938,  ..., 0.4836, 0.1974, 0.9983],
          [0.2258, 0.7629, 0.4137,  ..., 0.3728, 0.6215, 0.1424]],

         ...,

         [[0.4988, 0.9901, 0.9303,  ..., 0.0352, 0.2101, 0.9084],
          [0.9019, 0.3313, 0.7626,  ..., 0.5831, 0.4716, 0.7604],
          [0.4810, 0.8571, 0.8001,  ..., 0.8207, 0.5474, 0.0072],
          ...,
          [0.9227, 0.5490, 0.1257,  ..., 0.6980, 0.6764, 0.8753],
          [0.9857, 0.7016, 0.6908,  ..., 0.8876, 0.4991, 0.8950],
          [0.3855, 0.5057, 0.9264,  ..., 0.5039, 0.5537, 0.7232]],

         [[0.5529, 0.3744, 0.1351,  ..., 0.9352, 0.5814, 0.6616],
          [0.9386, 0.0434, 0.8498,  ..., 0.0337, 0.1619, 0.2194],
          [0.7798, 0.3196, 0.4828,  ..., 0.6916, 0.8002, 0.7827],
          ...,
          [0.2582, 0.1312, 0.8404,  ..., 0.0502, 0.5716, 0.9998],
          [0.6602, 0.8084, 0.1053,  ..., 0.4630, 0.3078, 0.5454],
          [0.0209, 0.5365, 0.6593,  ..., 0.4188, 0.9131, 0.7742]],

         [[0.0679, 0.0555, 0.6844,  ..., 0.6374, 0.7402, 0.6755],
          [0.5927, 0.9770, 0.5811,  ..., 0.3047, 0.9059, 0.3849],
          [0.4388, 0.0613, 0.4157,  ..., 0.0859, 0.7349, 0.0928],
          ...,
          [0.0865, 0.0092, 0.3348,  ..., 0.9922, 0.0054, 0.6852],
          [0.7421, 0.7405, 0.3373,  ..., 0.9589, 0.9864, 0.5176],
          [0.9905, 0.0748, 0.3034,  ..., 0.1068, 0.2416, 0.4165]]],


        [[[0.3925, 0.9872, 0.4033,  ..., 0.8003, 0.1044, 0.4984],
          [0.4686, 0.4579, 0.7612,  ..., 0.8492, 0.9478, 0.3656],
          [0.7890, 0.7608, 0.6251,  ..., 0.9320, 0.8227, 0.3738],
          ...,
          [0.5192, 0.6468, 0.7535,  ..., 0.6642, 0.8507, 0.7698],
          [0.1219, 0.2568, 0.4596,  ..., 0.3057, 0.0061, 0.1325],
          [0.1014, 0.5043, 0.8367,  ..., 0.6277, 0.0374, 0.0897]],

         [[0.9034, 0.6852, 0.4797,  ..., 0.5518, 0.1587, 0.6858],
          [0.2942, 0.4457, 0.3892,  ..., 0.8277, 0.8389, 0.5882],
          [0.8909, 0.2514, 0.2837,  ..., 0.7658, 0.1062, 0.4630],
          ...,
          [0.9798, 0.7448, 0.6171,  ..., 0.8465, 0.9761, 0.8837],
          [0.1981, 0.3864, 0.6121,  ..., 0.8382, 0.4383, 0.2845],
          [0.1552, 0.6519, 0.6808,  ..., 0.4159, 0.3743, 0.4340]],

         [[0.9757, 0.8297, 0.8671,  ..., 0.4801, 0.6805, 0.4923],
          [0.8626, 0.4757, 0.0849,  ..., 0.0999, 0.5702, 0.8143],
          [0.6327, 0.6044, 0.2664,  ..., 0.6981, 0.9324, 0.2416],
          ...,
          [0.6720, 0.5865, 0.5857,  ..., 0.6009, 0.7089, 0.2410],
          [0.8904, 0.7024, 0.0965,  ..., 0.1580, 0.5944, 0.4302],
          [0.8541, 0.8755, 0.7872,  ..., 0.4226, 0.3025, 0.4195]],

         ...,

         [[0.3222, 0.4306, 0.9246,  ..., 0.2238, 0.4527, 0.2451],
          [0.5307, 0.6203, 0.6003,  ..., 0.7499, 0.7264, 0.2868],
          [0.3625, 0.9632, 0.2527,  ..., 0.4863, 0.0257, 0.0956],
          ...,
          [0.9469, 0.5258, 0.5944,  ..., 0.5154, 0.6684, 0.2024],
          [0.9726, 0.8995, 0.3314,  ..., 0.5651, 0.3705, 0.0192],
          [0.9067, 0.6678, 0.9398,  ..., 0.1031, 0.4430, 0.8384]],

         [[0.8406, 0.0940, 0.2178,  ..., 0.8660, 0.4983, 0.9437],
          [0.0946, 0.3142, 0.4852,  ..., 0.4988, 0.7447, 0.3749],
          [0.5942, 0.0420, 0.7676,  ..., 0.9623, 0.4058, 0.5857],
          ...,
          [0.0050, 0.7455, 0.2429,  ..., 0.5666, 0.7119, 0.4706],
          [0.8419, 0.5057, 0.5234,  ..., 0.4238, 0.4796, 0.5044],
          [0.1594, 0.1669, 0.1788,  ..., 0.3872, 0.8117, 0.8168]],

         [[0.3198, 0.8425, 0.5802,  ..., 0.8640, 0.3576, 0.3101],
          [0.5633, 0.1376, 0.5453,  ..., 0.8950, 0.0227, 0.8784],
          [0.5113, 0.7162, 0.9336,  ..., 0.5012, 0.6606, 0.8839],
          ...,
          [0.5150, 0.6036, 0.3754,  ..., 0.3589, 0.8025, 0.1848],
          [0.3291, 0.8010, 0.2337,  ..., 0.6010, 0.9973, 0.1498],
          [0.9694, 0.4068, 0.6676,  ..., 0.4986, 0.8802, 0.9329]]],


        [[[0.7655, 0.4516, 0.5921,  ..., 0.8481, 0.6007, 0.8294],
          [0.2247, 0.4349, 0.7492,  ..., 0.7852, 0.9744, 0.7982],
          [0.3580, 0.3138, 0.7439,  ..., 0.5482, 0.7784, 0.7887],
          ...,
          [0.6837, 0.5644, 0.0217,  ..., 0.7582, 0.3681, 0.3244],
          [0.7092, 0.0980, 0.4909,  ..., 0.9901, 0.8639, 0.8711],
          [0.7813, 0.1301, 0.0186,  ..., 0.4052, 0.8176, 0.7835]],

         [[0.4070, 0.5054, 0.2128,  ..., 0.4371, 0.3998, 0.7443],
          [0.5251, 0.4961, 0.3192,  ..., 0.5932, 0.1328, 0.7115],
          [0.4348, 0.1076, 0.8561,  ..., 0.7360, 0.4900, 0.7248],
          ...,
          [0.6082, 0.9759, 0.5804,  ..., 0.7673, 0.8558, 0.6592],
          [0.0215, 0.4321, 0.5608,  ..., 0.9579, 0.1312, 0.6534],
          [0.5101, 0.0028, 0.5806,  ..., 0.8935, 0.4275, 0.5198]],

         [[0.1002, 0.5364, 0.9396,  ..., 0.2229, 0.7835, 0.2720],
          [0.1012, 0.4194, 0.9755,  ..., 0.6060, 0.8049, 0.0750],
          [0.0207, 0.1869, 0.2143,  ..., 0.1315, 0.6812, 0.4168],
          ...,
          [0.7066, 0.9157, 0.9064,  ..., 0.3550, 0.7685, 0.3041],
          [0.7812, 0.2618, 0.0875,  ..., 0.1930, 0.0262, 0.9941],
          [0.2769, 0.9132, 0.1030,  ..., 0.9978, 0.3953, 0.4033]],

         ...,

         [[0.9963, 0.7064, 0.0790,  ..., 0.8531, 0.3716, 0.9948],
          [0.0090, 0.6845, 0.2425,  ..., 0.8493, 0.6692, 0.4576],
          [0.3620, 0.9155, 0.6257,  ..., 0.2534, 0.0766, 0.4489],
          ...,
          [0.5035, 0.8110, 0.0984,  ..., 0.8555, 0.6925, 0.1412],
          [0.6181, 0.3731, 0.7165,  ..., 0.9828, 0.6760, 0.8049],
          [0.7643, 0.5427, 0.8760,  ..., 0.8700, 0.6983, 0.6042]],

         [[0.2186, 0.0450, 0.7936,  ..., 0.3262, 0.8182, 0.8157],
          [0.6628, 0.9760, 0.4866,  ..., 0.8792, 0.2956, 0.0203],
          [0.1718, 0.1648, 0.3395,  ..., 0.6906, 0.7177, 0.5281],
          ...,
          [0.0976, 0.7234, 0.9361,  ..., 0.1849, 0.9962, 0.3551],
          [0.2493, 0.5920, 0.9441,  ..., 0.6742, 0.7553, 0.0741],
          [0.0825, 0.9821, 0.8393,  ..., 0.4009, 0.9594, 0.9917]],

         [[0.1608, 0.9015, 0.1756,  ..., 0.6658, 0.4545, 0.1040],
          [0.2808, 0.0101, 0.4429,  ..., 0.6301, 0.5672, 0.4021],
          [0.9231, 0.7504, 0.5540,  ..., 0.9697, 0.9890, 0.7970],
          ...,
          [0.7097, 0.7949, 0.1534,  ..., 0.5657, 0.5538, 0.1733],
          [0.0206, 0.9445, 0.2858,  ..., 0.5499, 0.0536, 0.5993],
          [0.8618, 0.6595, 0.7336,  ..., 0.3274, 0.4562, 0.4670]]]])
