tensor([[[[1.2933e-01, 3.4740e-01, 7.6654e-02,  ..., 6.0441e-01,
           5.1009e-01, 6.0999e-01],
          [7.3037e-01, 9.5495e-01, 8.0596e-01,  ..., 9.9093e-01,
           2.7612e-01, 2.1983e-01],
          [2.1953e-01, 7.9086e-01, 5.5742e-02,  ..., 4.8181e-01,
           4.0857e-01, 5.4385e-01],
          ...,
          [1.6507e-01, 2.5486e-01, 8.6966e-02,  ..., 5.3473e-01,
           1.7140e-01, 5.1369e-01],
          [9.5737e-01, 6.4243e-02, 5.4783e-01,  ..., 4.9625e-01,
           9.5869e-01, 6.3318e-01],
          [7.2055e-01, 4.9236e-01, 6.3776e-01,  ..., 2.3661e-01,
           9.7935e-01, 8.9045e-02]],

         [[2.4369e-01, 7.4508e-01, 3.0991e-01,  ..., 5.7093e-01,
           7.9286e-01, 1.8604e-01],
          [5.1973e-01, 1.4470e-01, 3.1945e-01,  ..., 4.4977e-01,
           6.1479e-01, 9.9218e-01],
          [2.5855e-01, 9.1841e-01, 1.4524e-02,  ..., 3.7284e-01,
           4.7732e-01, 5.7304e-01],
          ...,
          [4.8610e-02, 1.2294e-01, 3.4889e-01,  ..., 5.4353e-01,
           2.8814e-01, 4.5290e-01],
          [2.8218e-01, 1.4538e-01, 2.8427e-01,  ..., 9.6451e-01,
           6.9837e-01, 8.2201e-01],
          [6.4131e-01, 8.2808e-01, 4.6278e-01,  ..., 6.8823e-01,
           2.7051e-01, 7.1676e-01]],

         [[7.4580e-01, 5.9798e-01, 2.1892e-01,  ..., 8.6041e-01,
           8.1219e-01, 2.9237e-01],
          [8.0530e-01, 1.9763e-01, 5.9166e-01,  ..., 5.3328e-01,
           3.5462e-02, 3.7003e-01],
          [2.7050e-02, 3.2575e-02, 9.6511e-01,  ..., 6.9249e-01,
           8.9892e-01, 5.3304e-01],
          ...,
          [5.3176e-01, 9.0259e-01, 2.8384e-01,  ..., 3.5575e-01,
           9.3972e-01, 2.4825e-01],
          [2.3917e-01, 9.8563e-01, 7.9343e-01,  ..., 3.0074e-01,
           6.8957e-01, 2.3454e-01],
          [3.3124e-01, 3.9840e-01, 7.4500e-01,  ..., 3.3401e-01,
           8.2904e-02, 3.8479e-01]],

         ...,

         [[8.8421e-01, 8.8993e-01, 2.9080e-02,  ..., 4.0940e-01,
           6.3818e-01, 2.7213e-01],
          [9.0002e-01, 5.5770e-01, 5.1793e-01,  ..., 4.9926e-01,
           1.9823e-01, 6.5666e-02],
          [4.4146e-01, 3.5832e-02, 9.4019e-01,  ..., 4.8175e-01,
           5.4354e-02, 9.3808e-01],
          ...,
          [1.3321e-01, 3.2557e-01, 7.5392e-02,  ..., 7.9070e-01,
           2.5370e-01, 4.5646e-01],
          [8.7321e-01, 8.8184e-01, 9.4849e-01,  ..., 4.6746e-01,
           9.0228e-01, 8.0912e-01],
          [6.6842e-01, 2.4666e-01, 3.7957e-01,  ..., 4.9842e-01,
           2.7903e-01, 2.3607e-01]],

         [[2.8953e-01, 9.9219e-01, 5.2474e-01,  ..., 5.9914e-01,
           2.4270e-01, 6.8244e-01],
          [7.3922e-01, 9.3472e-01, 8.2477e-01,  ..., 1.5903e-01,
           4.6859e-01, 2.2190e-01],
          [8.0763e-01, 7.4900e-01, 6.6466e-01,  ..., 2.1105e-01,
           1.6092e-01, 8.6498e-01],
          ...,
          [1.7745e-01, 4.4719e-01, 6.2310e-01,  ..., 8.8027e-02,
           2.4134e-01, 1.9787e-02],
          [3.5638e-01, 1.7727e-01, 7.9340e-01,  ..., 6.9321e-01,
           3.5539e-01, 5.0742e-01],
          [2.5386e-01, 3.8099e-01, 2.7595e-01,  ..., 2.5272e-01,
           1.9270e-01, 7.4064e-01]],

         [[2.0477e-01, 6.4654e-01, 5.3781e-01,  ..., 5.2393e-01,
           3.1607e-01, 9.7984e-01],
          [8.0776e-01, 8.6975e-01, 2.1539e-01,  ..., 1.5556e-01,
           9.2750e-01, 3.3993e-01],
          [4.7642e-01, 7.3479e-01, 2.6933e-01,  ..., 1.0019e-01,
           3.5583e-01, 7.3244e-01],
          ...,
          [4.1115e-01, 9.8008e-01, 5.0630e-01,  ..., 7.4414e-01,
           3.2860e-01, 6.4074e-01],
          [5.5511e-01, 4.3443e-01, 1.2890e-01,  ..., 7.9566e-01,
           2.3649e-02, 9.5340e-01],
          [8.6016e-01, 5.3072e-01, 6.2882e-01,  ..., 5.7751e-01,
           8.2052e-01, 1.2232e-01]]],


        [[[1.5766e-01, 4.1568e-01, 1.3606e-01,  ..., 3.3900e-02,
           9.4719e-01, 9.1922e-01],
          [8.4526e-02, 4.4593e-01, 4.9843e-01,  ..., 7.3516e-01,
           4.7955e-01, 1.1454e-01],
          [6.7600e-01, 6.8250e-01, 1.5125e-01,  ..., 9.4441e-01,
           7.8377e-01, 2.7483e-01],
          ...,
          [7.3892e-04, 3.1915e-01, 9.8627e-01,  ..., 3.6515e-01,
           4.9131e-01, 6.6371e-01],
          [6.6880e-01, 4.6175e-02, 8.4501e-01,  ..., 2.0978e-01,
           6.4654e-01, 6.6224e-01],
          [3.1083e-01, 7.2956e-01, 6.7031e-01,  ..., 4.9136e-01,
           7.7195e-01, 1.7682e-01]],

         [[4.4917e-01, 6.4313e-01, 1.3374e-01,  ..., 1.7368e-01,
           8.4186e-01, 8.6931e-01],
          [4.8171e-01, 1.9653e-01, 1.0461e-01,  ..., 7.7222e-01,
           8.8106e-01, 1.1932e-01],
          [5.0222e-01, 5.8097e-01, 9.5721e-01,  ..., 5.9669e-01,
           9.7924e-01, 9.8798e-01],
          ...,
          [3.5784e-01, 7.1591e-01, 3.3506e-01,  ..., 5.9297e-01,
           5.0073e-01, 8.9768e-01],
          [1.7758e-01, 4.4250e-02, 3.7425e-01,  ..., 3.8255e-01,
           4.4207e-01, 7.4972e-01],
          [7.9895e-01, 2.1198e-01, 1.3498e-01,  ..., 2.0773e-01,
           2.7181e-01, 8.6429e-01]],

         [[6.4567e-01, 7.3204e-01, 4.9237e-01,  ..., 3.6461e-02,
           3.8459e-01, 4.6555e-01],
          [5.6980e-01, 3.3417e-01, 6.5749e-02,  ..., 1.5163e-01,
           7.0715e-01, 5.5830e-01],
          [5.3679e-02, 7.4479e-01, 5.3641e-02,  ..., 6.6675e-01,
           8.5277e-01, 3.2869e-01],
          ...,
          [4.3736e-01, 4.7902e-02, 7.8590e-01,  ..., 4.5111e-02,
           2.3213e-01, 7.1845e-01],
          [6.4322e-01, 7.3983e-01, 7.2697e-01,  ..., 3.9808e-01,
           2.5908e-02, 4.6031e-01],
          [8.7580e-01, 2.5127e-01, 7.3572e-01,  ..., 3.2092e-01,
           5.8566e-01, 7.8543e-01]],

         ...,

         [[8.0900e-01, 6.2436e-03, 2.7562e-02,  ..., 2.1941e-01,
           5.4326e-01, 5.5170e-01],
          [4.1884e-01, 4.2541e-01, 2.1231e-01,  ..., 9.1525e-01,
           2.2998e-01, 4.7599e-01],
          [2.0150e-01, 8.8980e-01, 3.0158e-01,  ..., 1.1418e-01,
           7.1832e-02, 5.4499e-01],
          ...,
          [4.7335e-01, 7.6149e-01, 1.0889e-01,  ..., 7.5337e-01,
           5.4251e-02, 7.4059e-01],
          [2.7932e-01, 5.8125e-01, 4.8797e-01,  ..., 6.1689e-01,
           2.0239e-01, 1.1949e-01],
          [6.3392e-01, 5.9906e-01, 9.7878e-01,  ..., 8.9128e-01,
           5.4787e-02, 4.5128e-01]],

         [[4.3994e-01, 6.2553e-01, 5.7886e-01,  ..., 1.6969e-01,
           8.7485e-02, 6.5261e-02],
          [5.3870e-01, 3.6459e-01, 4.2504e-01,  ..., 4.0118e-01,
           8.8847e-01, 3.4504e-01],
          [5.3380e-01, 2.8662e-01, 9.8593e-01,  ..., 8.5946e-01,
           8.7481e-01, 1.6966e-01],
          ...,
          [5.6283e-02, 1.4636e-01, 6.8263e-01,  ..., 2.4833e-01,
           8.8985e-01, 6.7143e-01],
          [4.8665e-01, 2.8599e-01, 1.6685e-01,  ..., 2.7951e-01,
           8.0482e-01, 5.0673e-01],
          [5.9610e-01, 2.3236e-01, 3.2487e-01,  ..., 1.5775e-01,
           4.7286e-01, 1.6369e-01]],

         [[8.3522e-02, 3.6266e-01, 2.4730e-01,  ..., 6.9931e-01,
           3.6394e-01, 2.6849e-01],
          [2.9314e-01, 7.1893e-01, 5.5651e-01,  ..., 7.3512e-01,
           3.2805e-01, 9.7649e-01],
          [4.5556e-01, 2.7580e-01, 9.6416e-01,  ..., 1.6756e-01,
           1.7857e-01, 9.4518e-01],
          ...,
          [8.2976e-01, 7.4336e-01, 5.0171e-01,  ..., 2.8119e-01,
           2.7194e-01, 7.5220e-01],
          [9.3164e-01, 6.0057e-03, 5.2925e-02,  ..., 2.9465e-01,
           2.5745e-01, 7.1726e-01],
          [8.5975e-01, 8.6935e-02, 9.3876e-02,  ..., 1.6276e-01,
           6.1825e-02, 6.1182e-01]]],


        [[[9.2820e-01, 7.6576e-01, 7.4233e-01,  ..., 4.4106e-01,
           7.3358e-01, 2.8580e-01],
          [2.7149e-01, 4.4740e-02, 1.9705e-01,  ..., 1.6819e-01,
           7.8558e-01, 8.9686e-01],
          [2.8987e-01, 6.5684e-01, 9.1214e-01,  ..., 3.8938e-01,
           9.9766e-01, 2.1309e-01],
          ...,
          [3.9664e-01, 3.5427e-02, 7.3487e-01,  ..., 8.6833e-02,
           5.4035e-01, 2.0679e-01],
          [2.4964e-01, 4.1736e-01, 5.4823e-02,  ..., 2.5918e-01,
           5.9574e-01, 1.9102e-01],
          [1.4352e-01, 1.4369e-01, 6.3455e-01,  ..., 3.5140e-02,
           4.8230e-01, 8.6606e-01]],

         [[8.9691e-01, 2.8143e-01, 5.8562e-01,  ..., 3.0140e-01,
           6.4196e-01, 3.3204e-01],
          [4.1636e-01, 6.8335e-01, 2.2493e-02,  ..., 4.2477e-01,
           5.5106e-01, 2.1251e-01],
          [9.7649e-01, 7.2935e-01, 9.3795e-02,  ..., 5.5652e-01,
           4.7852e-01, 8.7494e-01],
          ...,
          [7.5974e-01, 5.6535e-01, 4.3227e-01,  ..., 7.9776e-01,
           3.4984e-01, 9.7745e-01],
          [4.1391e-01, 8.1021e-01, 4.2112e-01,  ..., 7.1460e-01,
           5.2774e-01, 1.7516e-01],
          [6.3612e-01, 6.0807e-01, 8.0140e-01,  ..., 7.2045e-01,
           3.9873e-01, 7.0966e-01]],

         [[4.1606e-01, 1.4968e-02, 8.2319e-01,  ..., 7.8329e-01,
           9.6969e-01, 6.9299e-01],
          [6.8105e-01, 8.9876e-01, 4.2235e-01,  ..., 4.5554e-01,
           6.6491e-01, 4.6094e-02],
          [4.5068e-01, 6.6874e-01, 9.8454e-01,  ..., 6.4759e-01,
           8.6618e-01, 6.0741e-01],
          ...,
          [8.5726e-03, 7.8027e-01, 6.7408e-01,  ..., 9.5163e-01,
           9.1380e-01, 3.3054e-01],
          [2.4848e-01, 7.9793e-01, 7.5346e-01,  ..., 1.4253e-01,
           5.7122e-01, 4.7057e-01],
          [8.4785e-01, 3.6259e-01, 6.8187e-01,  ..., 5.4140e-01,
           3.2967e-02, 3.9271e-01]],

         ...,

         [[3.6568e-01, 4.4214e-01, 7.3455e-01,  ..., 2.6264e-01,
           2.5745e-02, 5.8161e-01],
          [7.9514e-01, 6.3301e-01, 8.6089e-01,  ..., 3.1156e-02,
           4.4521e-01, 1.0498e-01],
          [7.3392e-01, 7.0415e-01, 8.9284e-01,  ..., 5.6981e-01,
           4.7492e-01, 2.3417e-01],
          ...,
          [7.7552e-01, 3.6132e-01, 1.5928e-02,  ..., 8.4707e-02,
           6.6903e-01, 3.0106e-02],
          [8.8644e-01, 8.8378e-01, 8.1107e-01,  ..., 1.2622e-01,
           8.7674e-02, 9.3335e-01],
          [8.4673e-01, 1.5311e-01, 5.9318e-01,  ..., 4.8747e-01,
           7.9495e-01, 4.1208e-01]],

         [[2.0594e-01, 5.0307e-01, 8.0289e-01,  ..., 9.6202e-01,
           3.4640e-01, 6.3596e-01],
          [1.9399e-01, 5.8182e-01, 3.2015e-01,  ..., 5.3460e-01,
           2.3113e-01, 8.4607e-01],
          [8.1565e-01, 7.4722e-01, 9.3401e-01,  ..., 8.3995e-01,
           4.4631e-01, 8.5984e-01],
          ...,
          [5.5969e-01, 8.9213e-01, 1.1667e-01,  ..., 3.8938e-01,
           1.1043e-01, 1.2816e-01],
          [8.9979e-01, 1.8085e-01, 8.6135e-01,  ..., 1.7562e-01,
           6.9111e-01, 5.4952e-01],
          [2.9910e-02, 6.0556e-01, 5.8628e-01,  ..., 6.6292e-03,
           9.0368e-01, 5.3155e-01]],

         [[9.4481e-01, 5.7113e-01, 5.8366e-01,  ..., 4.7005e-01,
           1.6498e-01, 5.0048e-02],
          [3.3811e-01, 9.8589e-01, 4.9895e-01,  ..., 6.7368e-01,
           9.2012e-01, 4.7790e-01],
          [3.1832e-01, 5.9418e-02, 6.4366e-01,  ..., 1.5699e-01,
           1.1323e-01, 1.5191e-01],
          ...,
          [5.5690e-01, 2.2652e-02, 3.8840e-01,  ..., 3.7533e-01,
           9.4279e-01, 1.0175e-01],
          [1.2920e-01, 3.8696e-02, 2.2751e-01,  ..., 3.5316e-01,
           5.1101e-01, 3.9406e-01],
          [9.4816e-01, 6.5067e-01, 2.1390e-01,  ..., 7.7206e-01,
           6.0748e-01, 7.5479e-01]]],


        ...,


        [[[5.7420e-02, 3.6086e-01, 6.4911e-02,  ..., 5.4128e-01,
           4.5566e-01, 2.4168e-01],
          [5.5596e-01, 6.3927e-01, 6.2328e-01,  ..., 2.4486e-01,
           7.5630e-01, 7.5772e-01],
          [3.1900e-01, 2.3738e-01, 2.2720e-01,  ..., 2.7314e-01,
           1.0951e-01, 8.6426e-01],
          ...,
          [1.9111e-01, 3.6891e-02, 6.8677e-01,  ..., 5.4889e-02,
           2.5306e-01, 9.7168e-01],
          [5.0624e-01, 1.2390e-01, 1.5672e-01,  ..., 7.4155e-01,
           6.0401e-01, 5.3880e-01],
          [9.8984e-01, 5.8554e-01, 7.5827e-01,  ..., 6.1587e-01,
           6.6337e-01, 5.0576e-01]],

         [[2.7048e-01, 8.7788e-01, 3.4569e-01,  ..., 2.8646e-01,
           6.6936e-01, 1.7980e-01],
          [3.3476e-01, 2.0452e-02, 3.7882e-01,  ..., 5.5312e-01,
           2.8864e-01, 8.7072e-01],
          [3.6453e-01, 2.4714e-01, 6.6558e-01,  ..., 8.1610e-01,
           2.1170e-01, 7.1281e-01],
          ...,
          [8.5716e-01, 6.4188e-01, 1.9131e-01,  ..., 8.6597e-01,
           9.0829e-01, 6.8992e-01],
          [6.7580e-01, 5.8172e-01, 6.0700e-01,  ..., 3.3633e-01,
           1.8138e-01, 6.8503e-01],
          [4.3207e-01, 6.5426e-01, 3.4250e-01,  ..., 9.0226e-01,
           8.7630e-01, 8.0370e-01]],

         [[6.6845e-01, 1.8116e-01, 4.0428e-02,  ..., 5.5195e-01,
           5.3894e-01, 2.2739e-01],
          [8.0984e-01, 6.3757e-01, 6.8817e-01,  ..., 1.9370e-01,
           6.4742e-01, 8.3642e-01],
          [8.5608e-01, 6.6983e-01, 4.0161e-02,  ..., 7.7509e-01,
           1.9312e-01, 4.5161e-01],
          ...,
          [1.3038e-01, 3.6483e-03, 6.5096e-01,  ..., 5.9120e-01,
           4.2094e-01, 9.5249e-01],
          [5.8709e-01, 9.1145e-01, 1.5996e-01,  ..., 8.4281e-01,
           5.3035e-01, 3.4037e-01],
          [1.4818e-01, 8.3592e-01, 8.4635e-01,  ..., 3.8076e-01,
           5.0468e-01, 6.7458e-01]],

         ...,

         [[4.3348e-01, 6.9351e-01, 9.0323e-01,  ..., 9.4012e-01,
           2.6760e-01, 8.3029e-01],
          [4.2593e-02, 7.6836e-01, 6.7234e-01,  ..., 1.1200e-01,
           1.0531e-01, 8.3711e-01],
          [1.2478e-01, 7.5989e-01, 5.2938e-01,  ..., 4.4616e-01,
           2.9187e-01, 1.3156e-01],
          ...,
          [9.5990e-01, 4.0687e-01, 2.0002e-02,  ..., 3.9900e-01,
           3.3956e-02, 4.5942e-01],
          [7.7387e-01, 1.0765e-01, 7.0770e-02,  ..., 3.2775e-01,
           7.5483e-01, 6.7126e-01],
          [5.4289e-01, 6.1463e-01, 2.1821e-01,  ..., 5.0738e-01,
           5.3360e-02, 6.0031e-01]],

         [[6.4627e-01, 2.5149e-01, 7.2455e-01,  ..., 3.3696e-01,
           3.0192e-02, 4.6212e-01],
          [8.1521e-01, 3.5890e-01, 5.3074e-01,  ..., 3.6549e-01,
           7.1542e-01, 9.4680e-01],
          [7.2761e-01, 7.7540e-01, 9.1251e-01,  ..., 6.2639e-01,
           3.6725e-01, 7.7745e-01],
          ...,
          [4.0161e-01, 9.5935e-01, 8.2708e-01,  ..., 5.2989e-01,
           8.3949e-02, 4.3763e-01],
          [4.3154e-01, 9.5600e-01, 7.7199e-01,  ..., 7.7449e-01,
           3.9278e-01, 2.4705e-01],
          [6.2563e-01, 3.8709e-01, 6.4793e-02,  ..., 9.0512e-01,
           7.1216e-01, 5.1997e-01]],

         [[4.3394e-01, 2.4459e-01, 4.3914e-01,  ..., 8.3792e-01,
           9.4352e-01, 1.6440e-02],
          [4.3230e-01, 3.8620e-03, 4.2445e-01,  ..., 6.0110e-01,
           1.8708e-01, 4.0099e-01],
          [4.2627e-01, 6.8190e-01, 3.5851e-01,  ..., 9.4033e-01,
           3.5643e-01, 3.6668e-01],
          ...,
          [1.9401e-01, 8.3195e-01, 2.2219e-01,  ..., 4.9379e-02,
           2.8900e-01, 2.0284e-03],
          [1.1204e-01, 6.1624e-01, 2.2743e-01,  ..., 3.4259e-01,
           9.5364e-01, 1.4863e-01],
          [8.4376e-01, 9.9954e-01, 6.6403e-01,  ..., 9.8664e-01,
           4.9946e-01, 6.9379e-02]]],


        [[[3.6140e-01, 9.1667e-01, 5.9223e-01,  ..., 9.0140e-01,
           5.0415e-01, 3.3622e-01],
          [5.5688e-01, 2.8430e-01, 4.3535e-01,  ..., 4.3192e-01,
           8.2697e-01, 6.2239e-02],
          [6.5237e-01, 8.9539e-01, 5.8025e-01,  ..., 4.3069e-01,
           6.2529e-02, 4.3367e-01],
          ...,
          [5.0319e-02, 8.8080e-01, 8.4182e-01,  ..., 9.7619e-01,
           1.9463e-01, 8.6078e-01],
          [5.0768e-02, 7.3671e-03, 8.4150e-01,  ..., 1.9241e-01,
           6.0436e-01, 6.7023e-01],
          [9.1898e-02, 9.4528e-01, 4.1940e-01,  ..., 4.4076e-01,
           1.4713e-01, 8.3538e-02]],

         [[2.1382e-01, 3.4787e-01, 4.7430e-01,  ..., 4.8270e-01,
           2.5590e-01, 3.3277e-01],
          [2.8192e-01, 7.3644e-01, 4.6056e-01,  ..., 1.9117e-01,
           5.0843e-01, 3.7368e-01],
          [8.6706e-01, 8.8139e-01, 9.8463e-01,  ..., 2.9530e-01,
           2.4673e-01, 3.7810e-01],
          ...,
          [5.7698e-01, 7.9907e-01, 2.6857e-01,  ..., 2.2017e-02,
           7.7899e-01, 3.3123e-01],
          [8.3402e-01, 3.2471e-01, 1.8607e-02,  ..., 4.3493e-01,
           5.7625e-01, 4.3710e-01],
          [4.6480e-01, 5.1139e-01, 1.7504e-01,  ..., 4.0890e-01,
           1.2712e-01, 6.7408e-01]],

         [[5.4349e-01, 2.2882e-01, 6.6956e-01,  ..., 7.7690e-01,
           6.6743e-01, 5.1562e-01],
          [4.9572e-01, 4.6266e-01, 3.5047e-01,  ..., 9.3325e-02,
           3.5479e-02, 4.0208e-01],
          [8.8925e-01, 3.0711e-01, 4.3001e-01,  ..., 4.3035e-01,
           2.3681e-02, 8.0585e-01],
          ...,
          [9.5814e-01, 5.8699e-01, 5.0837e-02,  ..., 5.3224e-01,
           4.2953e-01, 1.0914e-02],
          [3.4996e-01, 6.2473e-01, 7.5204e-02,  ..., 6.0696e-01,
           7.1394e-01, 6.6379e-02],
          [1.9999e-01, 5.6949e-01, 9.3193e-01,  ..., 9.3026e-02,
           2.9891e-01, 8.4443e-01]],

         ...,

         [[8.5332e-01, 8.0346e-01, 9.2372e-01,  ..., 2.0853e-01,
           3.2046e-01, 2.3008e-01],
          [1.6912e-01, 8.7453e-01, 5.4262e-02,  ..., 6.1886e-01,
           7.1544e-01, 7.2863e-01],
          [3.7847e-01, 1.1766e-01, 9.1890e-01,  ..., 5.7250e-01,
           1.4333e-01, 8.9580e-01],
          ...,
          [7.4587e-01, 9.0495e-01, 2.8961e-01,  ..., 1.1075e-01,
           8.5314e-01, 4.1310e-01],
          [1.4912e-01, 1.2344e-01, 5.1593e-02,  ..., 6.5924e-01,
           1.8924e-01, 4.8856e-01],
          [4.8114e-01, 1.3791e-01, 8.5951e-01,  ..., 9.4169e-01,
           4.5996e-02, 4.8879e-01]],

         [[4.9745e-01, 7.1096e-01, 9.7311e-01,  ..., 5.9059e-01,
           7.3446e-01, 2.8184e-01],
          [7.5489e-01, 9.7346e-02, 3.7534e-01,  ..., 2.6230e-01,
           9.9160e-01, 7.0920e-01],
          [7.0572e-01, 4.7306e-01, 5.9487e-01,  ..., 4.2329e-01,
           3.3751e-01, 4.1235e-01],
          ...,
          [3.7680e-01, 5.9023e-01, 8.0583e-02,  ..., 8.2751e-01,
           5.7673e-01, 2.4732e-02],
          [7.6905e-01, 6.2316e-01, 3.7116e-01,  ..., 7.9119e-01,
           4.5610e-01, 7.5018e-01],
          [1.6566e-01, 2.9778e-02, 7.0468e-01,  ..., 6.9133e-01,
           5.9545e-01, 7.8444e-01]],

         [[1.2025e-01, 8.9205e-01, 3.0913e-01,  ..., 3.6235e-01,
           7.1145e-01, 4.3190e-01],
          [1.4383e-01, 1.0153e-02, 9.7767e-01,  ..., 6.8666e-01,
           4.4568e-01, 8.9192e-01],
          [5.5548e-01, 7.3267e-01, 4.3143e-01,  ..., 7.4055e-01,
           4.1421e-01, 7.0124e-01],
          ...,
          [6.3024e-01, 4.2732e-01, 6.0473e-01,  ..., 4.6182e-01,
           3.5493e-01, 5.2201e-01],
          [8.0370e-02, 3.6542e-01, 6.7996e-01,  ..., 6.8547e-01,
           5.9240e-01, 8.9295e-01],
          [9.9500e-01, 8.1464e-01, 8.6940e-01,  ..., 5.6756e-01,
           2.8070e-01, 4.9313e-02]]],


        [[[4.2915e-01, 8.4202e-01, 2.6534e-02,  ..., 4.6216e-01,
           9.0101e-01, 1.1546e-01],
          [9.9210e-01, 6.6965e-01, 2.8977e-01,  ..., 1.2803e-02,
           6.6121e-01, 6.6838e-01],
          [7.8564e-01, 6.4846e-01, 3.9205e-01,  ..., 4.8773e-01,
           1.1562e-01, 8.0970e-01],
          ...,
          [4.5959e-01, 7.5098e-01, 7.8657e-01,  ..., 7.6067e-02,
           8.0635e-01, 5.2222e-03],
          [7.4588e-01, 1.5123e-01, 9.2237e-01,  ..., 1.6894e-01,
           7.0692e-01, 4.1933e-01],
          [4.7535e-03, 4.2704e-01, 7.1818e-01,  ..., 3.8791e-01,
           8.7487e-01, 1.6513e-01]],

         [[6.1552e-01, 1.8849e-01, 4.1777e-01,  ..., 8.8606e-01,
           7.4686e-01, 7.7566e-01],
          [5.1205e-01, 5.5052e-01, 6.7400e-01,  ..., 6.2856e-01,
           5.7583e-03, 6.2978e-02],
          [1.3116e-01, 3.0612e-02, 1.9061e-01,  ..., 9.6930e-01,
           3.2567e-01, 1.1604e-03],
          ...,
          [4.7065e-01, 5.7784e-01, 9.1114e-02,  ..., 8.3185e-01,
           9.7091e-01, 6.7500e-01],
          [2.2078e-01, 4.8996e-01, 2.5711e-01,  ..., 6.5477e-01,
           6.6167e-01, 3.8727e-01],
          [2.4580e-01, 3.9516e-01, 5.7688e-01,  ..., 8.8597e-01,
           9.4580e-01, 1.2107e-01]],

         [[8.5730e-01, 8.2058e-01, 4.7270e-02,  ..., 8.4582e-01,
           3.1610e-02, 3.6600e-01],
          [5.1516e-01, 3.6028e-02, 5.9784e-01,  ..., 9.1121e-01,
           6.8317e-01, 6.3034e-01],
          [9.8906e-01, 5.9705e-01, 1.1497e-02,  ..., 3.4406e-01,
           4.7200e-02, 1.0704e-01],
          ...,
          [7.6395e-01, 5.5131e-01, 9.0189e-01,  ..., 5.5685e-01,
           1.3671e-02, 1.0311e-01],
          [5.6515e-01, 3.4003e-02, 6.3747e-01,  ..., 3.2375e-01,
           3.7647e-01, 1.6703e-01],
          [4.6753e-01, 9.2057e-02, 7.7947e-01,  ..., 7.0703e-01,
           6.6449e-01, 4.9387e-01]],

         ...,

         [[5.3826e-01, 3.7681e-01, 9.1381e-01,  ..., 5.9515e-01,
           7.0254e-01, 4.3951e-01],
          [5.2281e-01, 2.3692e-01, 1.9490e-01,  ..., 9.8760e-01,
           3.1880e-01, 9.2751e-01],
          [1.4695e-01, 6.9425e-01, 7.5757e-01,  ..., 3.2217e-01,
           7.5968e-01, 2.9867e-01],
          ...,
          [1.8988e-01, 4.3866e-01, 3.2827e-01,  ..., 5.0744e-01,
           5.2965e-01, 5.4584e-01],
          [3.1266e-01, 6.2449e-01, 9.8779e-01,  ..., 2.8424e-01,
           8.5588e-01, 2.6919e-01],
          [8.4043e-01, 1.8702e-01, 3.4357e-01,  ..., 8.1895e-01,
           7.5360e-01, 6.6799e-01]],

         [[3.2198e-01, 2.5579e-01, 9.4117e-01,  ..., 5.4117e-01,
           9.1848e-01, 8.5347e-01],
          [4.6396e-01, 8.1908e-01, 7.9283e-01,  ..., 7.5564e-01,
           2.4145e-01, 2.4668e-01],
          [5.8462e-01, 2.0132e-01, 7.2057e-01,  ..., 6.8682e-01,
           7.1814e-01, 2.3044e-01],
          ...,
          [3.4401e-01, 5.2185e-01, 6.7128e-01,  ..., 6.5233e-02,
           8.6523e-01, 8.4878e-01],
          [4.7600e-01, 1.3649e-01, 9.7663e-02,  ..., 8.3419e-01,
           4.6018e-01, 8.3365e-01],
          [1.1962e-01, 3.1661e-02, 8.1643e-02,  ..., 8.5119e-01,
           8.4731e-01, 4.1463e-01]],

         [[5.4169e-01, 1.3269e-01, 5.6931e-01,  ..., 3.6544e-01,
           3.8497e-01, 7.8441e-01],
          [1.9856e-01, 4.2153e-01, 5.3800e-01,  ..., 5.5191e-01,
           6.5109e-01, 9.5862e-02],
          [9.3307e-01, 3.4179e-01, 5.1845e-01,  ..., 5.2367e-01,
           5.1207e-01, 7.9433e-01],
          ...,
          [3.6966e-02, 6.0402e-01, 9.5760e-01,  ..., 7.7686e-01,
           2.5347e-01, 7.0048e-01],
          [9.3346e-01, 4.5509e-01, 3.7351e-01,  ..., 5.9679e-01,
           6.7174e-01, 2.1417e-01],
          [6.6623e-02, 8.0521e-01, 6.2658e-01,  ..., 7.4321e-01,
           5.7981e-01, 1.1026e-01]]]])
