tensor([[[[2.0825e-02, 3.4013e-01, 2.5727e-01,  ..., 2.5418e-01,
           5.9891e-01, 2.0679e-01],
          [9.7050e-02, 6.8894e-01, 6.1322e-01,  ..., 9.9521e-01,
           4.1541e-01, 1.7333e-01],
          [8.5818e-01, 9.2284e-01, 6.2767e-02,  ..., 7.7880e-01,
           7.1534e-01, 2.7662e-01],
          ...,
          [2.5924e-01, 5.5404e-01, 5.4160e-01,  ..., 1.5005e-01,
           3.4905e-01, 9.5065e-01],
          [7.4174e-01, 5.7958e-02, 3.2632e-01,  ..., 6.9015e-01,
           8.7259e-01, 9.3701e-02],
          [3.5979e-01, 8.5254e-01, 7.1532e-01,  ..., 9.4661e-01,
           2.6243e-01, 4.3867e-01]],

         [[5.1934e-01, 9.6163e-02, 4.1840e-02,  ..., 3.9859e-01,
           9.2188e-01, 3.5103e-01],
          [2.4972e-01, 6.6981e-01, 6.1239e-01,  ..., 4.6557e-01,
           5.3961e-01, 7.4888e-01],
          [3.1306e-01, 2.0466e-01, 8.2954e-01,  ..., 5.5248e-02,
           9.1815e-01, 4.8377e-01],
          ...,
          [7.7558e-01, 6.2181e-01, 1.2653e-01,  ..., 6.9887e-01,
           9.7325e-01, 2.6018e-01],
          [1.8776e-01, 2.6003e-01, 2.7204e-01,  ..., 1.8942e-01,
           6.3354e-01, 6.5152e-01],
          [5.9115e-01, 2.8177e-01, 1.4641e-01,  ..., 9.9199e-01,
           6.3074e-01, 9.1088e-01]],

         [[5.5288e-01, 8.9023e-01, 8.8576e-01,  ..., 6.5226e-01,
           5.2116e-01, 3.7435e-01],
          [7.1531e-02, 4.3307e-01, 1.3745e-01,  ..., 5.8638e-01,
           7.0128e-02, 8.2435e-01],
          [9.9978e-01, 2.6670e-01, 2.7101e-01,  ..., 5.7351e-01,
           8.7673e-01, 5.7715e-01],
          ...,
          [5.3668e-02, 8.8403e-01, 7.4099e-01,  ..., 3.8114e-01,
           1.0511e-02, 3.8384e-01],
          [4.3869e-01, 8.8864e-02, 1.4496e-01,  ..., 3.4941e-01,
           7.1405e-01, 8.4756e-01],
          [3.8846e-01, 7.1652e-01, 2.5045e-01,  ..., 9.8921e-01,
           7.3698e-01, 5.9010e-01]],

         ...,

         [[4.2537e-01, 5.1186e-01, 8.0019e-02,  ..., 5.6941e-01,
           5.8734e-01, 6.3407e-01],
          [2.2837e-01, 3.0463e-01, 1.3061e-01,  ..., 5.4434e-01,
           9.6141e-01, 8.4705e-01],
          [7.4823e-01, 2.3240e-01, 7.6556e-01,  ..., 1.6286e-02,
           8.3464e-01, 7.2419e-01],
          ...,
          [2.7566e-01, 4.7609e-01, 9.6355e-01,  ..., 6.4278e-01,
           7.0157e-01, 3.4918e-01],
          [3.5431e-01, 9.9639e-01, 6.5275e-01,  ..., 8.9303e-01,
           7.6313e-01, 2.9409e-01],
          [6.9863e-01, 6.8704e-02, 1.2504e-01,  ..., 1.8441e-01,
           3.9280e-01, 6.4981e-02]],

         [[3.1034e-01, 1.1719e-01, 1.8007e-01,  ..., 2.2398e-02,
           4.1193e-01, 5.2910e-01],
          [2.2578e-01, 8.6956e-01, 4.0621e-01,  ..., 9.5222e-03,
           9.4978e-01, 5.7546e-01],
          [5.6439e-01, 6.5664e-01, 3.6373e-01,  ..., 2.4154e-01,
           1.8667e-01, 4.6396e-01],
          ...,
          [1.8103e-01, 4.2351e-01, 5.4010e-01,  ..., 4.4313e-01,
           3.6516e-01, 7.8881e-01],
          [7.7027e-01, 3.3134e-01, 4.1292e-01,  ..., 1.7230e-01,
           4.2368e-01, 6.2187e-01],
          [5.6537e-01, 7.6263e-01, 9.3760e-01,  ..., 6.9308e-01,
           6.8818e-01, 7.9470e-01]],

         [[3.0261e-01, 6.5270e-01, 2.5558e-01,  ..., 5.2856e-01,
           5.7300e-01, 6.8982e-01],
          [9.3801e-01, 2.4988e-01, 9.3069e-01,  ..., 6.4505e-01,
           2.9757e-01, 8.0359e-01],
          [3.2428e-01, 8.7700e-01, 4.9834e-01,  ..., 2.9479e-01,
           3.7509e-01, 2.6793e-01],
          ...,
          [4.7856e-01, 6.2943e-01, 1.3436e-02,  ..., 6.1044e-01,
           6.2633e-01, 1.5196e-02],
          [6.9819e-01, 6.5423e-01, 3.7623e-01,  ..., 7.4432e-01,
           4.9273e-01, 1.9202e-01],
          [5.2796e-01, 1.4076e-01, 1.5545e-01,  ..., 4.0236e-01,
           8.5407e-01, 3.9911e-01]]],


        [[[6.9136e-01, 1.3019e-01, 9.7895e-01,  ..., 3.9270e-02,
           5.0727e-01, 6.6502e-01],
          [2.9348e-01, 6.2333e-01, 3.3699e-02,  ..., 1.8496e-01,
           8.8068e-01, 7.4732e-02],
          [7.3037e-01, 5.3097e-01, 6.8788e-01,  ..., 7.9899e-01,
           9.5268e-01, 7.2580e-01],
          ...,
          [6.7990e-01, 4.9751e-01, 5.2710e-01,  ..., 1.4634e-01,
           3.9169e-01, 9.8135e-01],
          [7.6549e-01, 6.5379e-01, 6.1411e-01,  ..., 3.8516e-01,
           6.1108e-01, 3.9822e-02],
          [9.0200e-01, 7.4385e-01, 5.8441e-01,  ..., 8.4749e-01,
           6.9259e-01, 4.7457e-01]],

         [[4.1391e-01, 6.0928e-01, 2.4147e-01,  ..., 1.7082e-01,
           8.0216e-01, 1.4747e-01],
          [6.4699e-01, 9.7976e-01, 6.3757e-01,  ..., 1.1685e-01,
           7.1253e-02, 8.1515e-01],
          [8.7279e-01, 7.2185e-01, 8.9375e-01,  ..., 9.2413e-01,
           7.5070e-01, 1.5278e-01],
          ...,
          [2.8967e-01, 6.6039e-01, 7.6894e-01,  ..., 7.6564e-01,
           6.2413e-03, 3.2097e-01],
          [8.7029e-01, 4.1289e-01, 9.2932e-01,  ..., 6.9078e-01,
           7.5475e-01, 4.8843e-01],
          [5.3548e-01, 6.1076e-01, 5.2801e-01,  ..., 5.8507e-01,
           1.0320e-01, 5.6035e-01]],

         [[5.8236e-01, 4.2437e-01, 1.1976e-01,  ..., 4.7243e-01,
           8.3798e-01, 1.9884e-01],
          [7.6142e-01, 8.3510e-01, 5.1642e-01,  ..., 7.8461e-01,
           6.7751e-02, 6.4740e-01],
          [2.3188e-01, 5.8501e-01, 9.2051e-01,  ..., 1.0116e-01,
           5.1180e-01, 6.2168e-01],
          ...,
          [7.2375e-01, 1.8990e-01, 1.6801e-01,  ..., 3.4811e-02,
           2.3325e-02, 1.9632e-01],
          [4.2319e-01, 8.7803e-01, 5.4669e-01,  ..., 3.2590e-01,
           9.7415e-02, 2.7380e-01],
          [6.5224e-01, 1.2545e-01, 8.9160e-01,  ..., 4.4824e-01,
           8.3714e-01, 4.8277e-01]],

         ...,

         [[9.9395e-01, 3.0229e-01, 4.2762e-01,  ..., 2.4996e-01,
           9.1335e-01, 1.7212e-01],
          [9.0842e-01, 8.2487e-01, 7.5297e-01,  ..., 8.6352e-01,
           9.5669e-01, 4.2901e-01],
          [9.0249e-01, 7.4405e-01, 1.5487e-01,  ..., 2.4943e-01,
           1.1023e-01, 8.3104e-01],
          ...,
          [6.3413e-01, 2.6119e-01, 1.8832e-01,  ..., 4.8699e-01,
           7.0554e-01, 1.1616e-01],
          [8.1628e-01, 1.3668e-01, 2.1772e-02,  ..., 2.4625e-01,
           9.2506e-01, 1.2081e-01],
          [2.2122e-01, 3.7996e-01, 2.2780e-01,  ..., 1.2469e-01,
           9.0843e-01, 5.9361e-01]],

         [[2.5011e-01, 5.5027e-02, 8.4795e-01,  ..., 9.9169e-01,
           7.8223e-01, 6.1240e-01],
          [4.8610e-01, 7.9736e-02, 3.0247e-01,  ..., 1.6262e-01,
           7.1467e-01, 7.4063e-01],
          [7.7083e-01, 7.4028e-02, 2.8236e-01,  ..., 9.1454e-01,
           6.5041e-02, 4.7367e-01],
          ...,
          [7.0585e-01, 3.1904e-01, 8.1148e-01,  ..., 7.1054e-01,
           3.0841e-01, 2.4410e-01],
          [3.0440e-01, 3.2903e-01, 8.0963e-01,  ..., 2.0717e-01,
           9.9694e-01, 1.3996e-01],
          [9.3622e-01, 5.9937e-02, 8.4893e-01,  ..., 8.8175e-01,
           7.1332e-01, 5.4437e-01]],

         [[1.8928e-01, 2.0416e-01, 4.8038e-01,  ..., 8.2826e-01,
           5.2846e-01, 7.2095e-01],
          [3.4665e-01, 9.8906e-02, 7.5300e-01,  ..., 3.1536e-01,
           8.9915e-02, 2.6667e-01],
          [6.1005e-01, 5.1127e-01, 5.9435e-02,  ..., 6.4804e-01,
           8.6699e-01, 5.4968e-01],
          ...,
          [3.8986e-01, 5.4830e-02, 8.5332e-01,  ..., 9.0547e-01,
           7.4701e-01, 8.9603e-02],
          [6.3509e-01, 8.2503e-01, 7.6139e-01,  ..., 2.7284e-01,
           6.4317e-01, 5.9769e-01],
          [9.9893e-01, 1.7899e-01, 8.3199e-01,  ..., 7.2556e-01,
           3.5076e-01, 8.4194e-01]]],


        [[[6.3211e-01, 6.1582e-01, 2.1094e-01,  ..., 3.3612e-01,
           6.5164e-01, 3.7844e-01],
          [1.1065e-02, 5.0294e-01, 6.1883e-01,  ..., 9.7079e-01,
           4.6154e-01, 6.5832e-01],
          [5.8467e-01, 3.2193e-01, 7.3416e-01,  ..., 2.8017e-01,
           5.4551e-01, 6.9870e-02],
          ...,
          [3.0196e-01, 8.9410e-01, 7.8309e-02,  ..., 2.5188e-01,
           8.2686e-01, 2.6397e-02],
          [8.2044e-01, 3.5053e-01, 6.9183e-01,  ..., 2.2499e-02,
           3.5245e-01, 6.3401e-01],
          [7.0718e-01, 5.2062e-01, 5.9692e-01,  ..., 2.4577e-01,
           3.6532e-01, 3.0879e-01]],

         [[3.8493e-01, 1.3690e-01, 4.4059e-02,  ..., 1.9180e-01,
           3.7545e-01, 2.7768e-01],
          [3.2097e-01, 3.2388e-01, 2.2305e-01,  ..., 5.2449e-01,
           3.5935e-01, 1.3091e-01],
          [7.8955e-02, 5.8692e-01, 1.2632e-01,  ..., 9.5501e-01,
           7.6850e-01, 5.3229e-01],
          ...,
          [9.2046e-01, 9.4659e-01, 5.0070e-01,  ..., 2.2918e-01,
           5.8544e-01, 3.0481e-01],
          [3.7277e-01, 6.8949e-01, 6.7504e-01,  ..., 8.6282e-01,
           5.2024e-01, 8.7086e-01],
          [9.7803e-01, 2.3306e-01, 8.0377e-01,  ..., 9.5698e-01,
           2.1384e-01, 8.5078e-01]],

         [[5.7481e-01, 4.1197e-01, 8.9381e-01,  ..., 5.7302e-01,
           6.3846e-01, 9.2014e-01],
          [3.1785e-01, 9.6013e-01, 8.5387e-01,  ..., 2.1439e-01,
           9.6215e-03, 2.2335e-01],
          [3.5595e-03, 2.7227e-01, 9.8637e-01,  ..., 6.1024e-01,
           3.1224e-01, 9.7254e-01],
          ...,
          [8.3855e-01, 3.1502e-01, 9.7192e-01,  ..., 2.6504e-01,
           5.0234e-01, 2.8997e-01],
          [5.5217e-01, 3.9450e-01, 2.4290e-01,  ..., 3.0280e-01,
           2.1569e-01, 3.8178e-01],
          [5.7993e-01, 2.2217e-01, 9.5250e-01,  ..., 5.6659e-01,
           8.3957e-02, 8.4624e-01]],

         ...,

         [[5.3425e-02, 7.6253e-01, 2.6370e-01,  ..., 2.2009e-01,
           7.3376e-01, 1.5182e-01],
          [9.8774e-01, 8.6393e-01, 9.1381e-01,  ..., 8.4255e-01,
           9.5722e-01, 3.0932e-01],
          [9.4009e-01, 3.9292e-01, 7.0461e-01,  ..., 5.7419e-01,
           4.9626e-02, 6.8224e-01],
          ...,
          [4.5864e-01, 3.3349e-01, 2.7346e-02,  ..., 2.8948e-01,
           6.8686e-02, 2.4109e-02],
          [6.8725e-02, 6.4330e-01, 8.0993e-01,  ..., 1.3086e-01,
           1.0281e-02, 5.6770e-01],
          [1.5952e-01, 4.1491e-01, 9.7666e-01,  ..., 5.6314e-01,
           6.7015e-01, 7.9770e-02]],

         [[9.9358e-01, 1.9780e-01, 6.4486e-01,  ..., 7.9041e-01,
           5.9435e-01, 2.2714e-01],
          [9.1084e-01, 9.6821e-02, 7.9083e-01,  ..., 7.7300e-01,
           1.8281e-01, 8.2696e-01],
          [6.6808e-02, 9.2605e-01, 2.6001e-01,  ..., 5.4832e-01,
           2.0861e-01, 8.4275e-01],
          ...,
          [6.0914e-03, 8.4450e-01, 8.6863e-01,  ..., 3.6792e-01,
           5.2642e-01, 1.9325e-01],
          [6.9613e-01, 3.0818e-01, 6.3814e-01,  ..., 6.8907e-01,
           6.2364e-01, 4.0294e-01],
          [8.5929e-01, 8.9844e-01, 6.2196e-01,  ..., 1.4902e-01,
           3.5784e-02, 8.1186e-01]],

         [[9.6920e-01, 8.0986e-01, 1.3625e-01,  ..., 1.9340e-01,
           8.5787e-02, 5.6570e-01],
          [7.5383e-01, 9.4047e-01, 2.4319e-01,  ..., 2.1844e-01,
           4.6038e-02, 8.9928e-01],
          [9.1757e-01, 3.6690e-01, 1.2119e-01,  ..., 5.6233e-01,
           2.3402e-01, 9.4692e-01],
          ...,
          [4.6394e-01, 6.8600e-01, 4.9275e-01,  ..., 3.0282e-01,
           6.1644e-01, 5.9867e-01],
          [8.2615e-01, 5.3250e-01, 9.1171e-01,  ..., 4.1762e-01,
           1.0158e-01, 1.8183e-01],
          [8.3690e-01, 6.6912e-01, 4.6152e-01,  ..., 8.6818e-01,
           4.2863e-01, 3.9526e-01]]],


        ...,


        [[[8.4756e-01, 5.2561e-01, 9.3356e-01,  ..., 5.4398e-01,
           2.7299e-01, 1.6866e-01],
          [6.5608e-01, 6.8309e-01, 4.1712e-01,  ..., 9.8579e-01,
           4.6820e-01, 7.2646e-01],
          [3.8341e-01, 8.0769e-01, 7.1576e-01,  ..., 8.7563e-02,
           2.0985e-02, 3.8812e-01],
          ...,
          [7.5394e-01, 6.5368e-02, 3.5989e-01,  ..., 3.4863e-01,
           2.1003e-02, 3.5830e-01],
          [9.6329e-01, 6.6577e-02, 4.7613e-01,  ..., 9.6445e-01,
           8.6405e-01, 1.9805e-01],
          [8.7350e-01, 7.4283e-01, 4.9710e-01,  ..., 3.5665e-01,
           3.5823e-02, 4.8928e-01]],

         [[5.2017e-01, 5.5224e-01, 2.8787e-01,  ..., 4.7631e-01,
           8.0787e-02, 5.9133e-03],
          [7.6124e-02, 6.7212e-01, 8.0917e-01,  ..., 6.6687e-01,
           7.7266e-02, 8.0505e-01],
          [3.9944e-01, 6.2702e-02, 3.4510e-01,  ..., 7.6570e-02,
           7.5511e-01, 6.0478e-01],
          ...,
          [6.2392e-01, 8.6943e-01, 8.7638e-01,  ..., 9.1590e-01,
           6.6864e-01, 2.2156e-01],
          [9.9252e-01, 9.8601e-02, 9.0024e-01,  ..., 8.6862e-01,
           7.9131e-01, 1.3578e-02],
          [5.9494e-01, 3.6900e-01, 1.8209e-01,  ..., 9.4753e-02,
           3.0762e-01, 7.4214e-01]],

         [[8.5303e-01, 4.8144e-01, 8.1297e-01,  ..., 3.2174e-01,
           6.1947e-01, 3.9639e-01],
          [6.7280e-01, 5.9051e-01, 2.5786e-01,  ..., 8.9692e-01,
           6.7740e-01, 1.6576e-01],
          [8.0666e-01, 9.4470e-01, 7.7415e-01,  ..., 2.6603e-02,
           3.5717e-01, 2.5570e-01],
          ...,
          [4.2199e-01, 9.0517e-01, 5.8337e-01,  ..., 2.3201e-01,
           4.1178e-01, 6.5981e-01],
          [8.4676e-01, 3.2007e-01, 8.4810e-01,  ..., 4.6392e-01,
           6.1248e-01, 1.8551e-01],
          [9.6237e-01, 3.6605e-01, 5.6169e-01,  ..., 6.1704e-01,
           7.7477e-01, 1.5041e-01]],

         ...,

         [[3.8961e-01, 6.4754e-01, 1.4414e-01,  ..., 8.9049e-01,
           2.5061e-01, 3.0423e-01],
          [9.5118e-01, 4.0633e-01, 4.8352e-01,  ..., 7.6742e-01,
           9.1616e-02, 9.8636e-01],
          [7.6391e-01, 1.9801e-02, 8.5380e-01,  ..., 6.4846e-01,
           1.3069e-01, 3.9886e-01],
          ...,
          [4.6141e-01, 2.5551e-02, 9.5762e-01,  ..., 3.4198e-01,
           6.9878e-01, 4.2441e-01],
          [1.0485e-01, 6.8266e-01, 7.6798e-01,  ..., 6.8796e-02,
           2.4691e-01, 6.1623e-01],
          [1.7891e-01, 3.5689e-01, 2.5767e-02,  ..., 4.8183e-01,
           4.5478e-01, 2.8136e-01]],

         [[3.2628e-01, 4.2086e-01, 9.5573e-01,  ..., 4.0313e-02,
           9.1297e-01, 5.0110e-01],
          [6.3350e-01, 6.3223e-01, 1.2779e-01,  ..., 8.6214e-01,
           1.1570e-01, 9.0837e-01],
          [8.2569e-01, 9.4869e-01, 7.8968e-01,  ..., 6.3785e-01,
           7.3767e-01, 6.0684e-01],
          ...,
          [1.4069e-01, 1.5296e-01, 4.7953e-01,  ..., 8.8558e-01,
           9.2358e-01, 5.3075e-01],
          [6.2206e-01, 7.6407e-01, 7.9792e-02,  ..., 5.7403e-02,
           3.7026e-01, 9.4663e-01],
          [5.2412e-01, 9.9563e-01, 4.7253e-01,  ..., 7.1020e-01,
           5.4663e-02, 3.3298e-01]],

         [[7.4976e-01, 1.6895e-01, 7.7530e-01,  ..., 1.2179e-02,
           1.0518e-01, 9.3613e-01],
          [9.0205e-01, 2.4946e-01, 9.8397e-01,  ..., 5.3287e-01,
           5.8291e-01, 7.1433e-01],
          [5.2770e-01, 3.1718e-01, 7.1970e-01,  ..., 4.5534e-02,
           1.5854e-01, 6.6781e-01],
          ...,
          [2.0160e-01, 1.1655e-01, 2.2737e-01,  ..., 2.3358e-01,
           8.7497e-01, 2.4683e-01],
          [9.7135e-01, 4.9648e-01, 7.4762e-01,  ..., 9.0612e-03,
           5.6254e-01, 6.7939e-01],
          [5.9400e-01, 5.3716e-01, 2.9214e-01,  ..., 6.4591e-01,
           2.9516e-01, 2.3466e-01]]],


        [[[4.8430e-01, 4.5395e-01, 9.3307e-01,  ..., 3.1138e-01,
           2.4314e-01, 7.9534e-01],
          [4.7729e-01, 1.6170e-01, 2.1280e-01,  ..., 6.1717e-01,
           4.4964e-01, 4.4085e-01],
          [8.8250e-01, 6.7701e-01, 4.7684e-01,  ..., 3.6519e-01,
           5.8475e-02, 6.3017e-01],
          ...,
          [1.5966e-01, 1.7640e-01, 5.0316e-01,  ..., 9.7833e-01,
           4.1752e-01, 2.0438e-01],
          [7.9761e-01, 4.4696e-01, 7.7464e-02,  ..., 4.2775e-01,
           6.8742e-01, 8.3271e-02],
          [2.7050e-01, 2.6264e-01, 3.7919e-01,  ..., 3.8003e-01,
           1.4282e-01, 9.5945e-01]],

         [[5.8151e-02, 8.2011e-01, 4.3631e-01,  ..., 3.2879e-01,
           2.7918e-01, 4.5130e-01],
          [4.4435e-01, 5.2099e-02, 2.1477e-01,  ..., 9.3876e-01,
           8.0335e-01, 8.4379e-01],
          [3.5682e-01, 7.4573e-01, 9.0751e-01,  ..., 3.8619e-01,
           2.7213e-01, 5.3022e-01],
          ...,
          [3.1216e-01, 9.7811e-01, 9.9920e-01,  ..., 2.4304e-01,
           1.6806e-01, 9.1905e-01],
          [5.8785e-01, 9.3448e-01, 8.1482e-01,  ..., 5.2267e-01,
           4.9082e-01, 3.8440e-02],
          [9.2735e-01, 1.7419e-01, 3.3529e-02,  ..., 2.9307e-01,
           5.7602e-01, 3.1656e-01]],

         [[6.8746e-01, 5.1728e-01, 3.5850e-01,  ..., 9.0959e-01,
           4.4240e-01, 8.2229e-01],
          [1.7326e-01, 9.9082e-01, 5.4218e-01,  ..., 4.1952e-01,
           2.3052e-01, 2.8267e-01],
          [2.5240e-01, 9.9953e-01, 3.4632e-01,  ..., 2.0584e-01,
           7.5797e-01, 8.3589e-01],
          ...,
          [7.8017e-01, 1.7756e-02, 5.2060e-02,  ..., 3.9714e-01,
           6.3999e-01, 5.8473e-01],
          [4.3415e-01, 2.4602e-01, 8.0603e-01,  ..., 6.1800e-01,
           5.4948e-01, 6.8909e-02],
          [9.2191e-01, 9.4755e-01, 1.5034e-01,  ..., 2.3590e-01,
           2.3643e-01, 6.6693e-01]],

         ...,

         [[9.9261e-01, 2.6902e-01, 9.4404e-01,  ..., 3.2661e-01,
           7.0144e-01, 6.1631e-01],
          [7.0277e-01, 3.1434e-01, 5.5392e-01,  ..., 6.1537e-01,
           4.8618e-01, 9.9339e-01],
          [2.6058e-01, 2.3752e-01, 2.0193e-01,  ..., 4.4810e-01,
           7.8629e-01, 4.8754e-01],
          ...,
          [1.6107e-01, 7.5411e-02, 8.0626e-01,  ..., 2.9487e-01,
           5.0251e-01, 3.6001e-01],
          [3.4146e-01, 7.1532e-01, 9.6664e-01,  ..., 9.6316e-01,
           7.5635e-01, 8.1760e-02],
          [8.4096e-01, 6.8217e-01, 9.3862e-01,  ..., 8.4321e-01,
           1.1612e-03, 7.7997e-01]],

         [[5.2628e-01, 8.1264e-01, 7.8504e-01,  ..., 3.9493e-01,
           1.2897e-01, 6.6844e-01],
          [6.1607e-01, 8.1415e-01, 6.2728e-01,  ..., 3.2362e-01,
           3.1310e-01, 7.5755e-01],
          [4.4955e-01, 6.7667e-01, 9.5560e-02,  ..., 3.1481e-01,
           5.0765e-01, 2.8886e-01],
          ...,
          [9.4297e-02, 7.3713e-01, 9.7860e-01,  ..., 6.9989e-01,
           7.9949e-01, 6.2170e-01],
          [1.3915e-01, 7.2683e-01, 8.2423e-01,  ..., 6.5652e-01,
           1.1915e-01, 6.7324e-01],
          [6.2637e-01, 9.7615e-01, 8.0061e-01,  ..., 2.0027e-01,
           1.5569e-01, 6.5693e-01]],

         [[8.6193e-01, 9.2197e-01, 1.9602e-01,  ..., 1.5346e-01,
           7.8490e-01, 9.9933e-01],
          [9.2669e-01, 9.3501e-01, 8.5242e-01,  ..., 5.9037e-01,
           7.5796e-01, 1.8219e-02],
          [4.2262e-01, 6.0551e-01, 8.2538e-01,  ..., 2.6264e-01,
           1.1817e-02, 6.8634e-02],
          ...,
          [9.1119e-01, 4.3990e-01, 4.1469e-01,  ..., 9.1321e-01,
           5.1529e-01, 8.5355e-01],
          [5.5725e-01, 2.3891e-01, 6.4730e-01,  ..., 2.2686e-01,
           8.2575e-01, 7.6631e-03],
          [9.0243e-01, 2.2432e-01, 6.1030e-01,  ..., 6.4979e-01,
           9.3802e-01, 2.3839e-01]]],


        [[[8.3249e-01, 6.6950e-01, 1.0200e-01,  ..., 2.2835e-01,
           4.0754e-01, 6.5512e-01],
          [2.3451e-02, 6.8480e-01, 9.7907e-01,  ..., 8.3007e-01,
           5.0136e-01, 6.0243e-01],
          [9.3918e-01, 6.9138e-01, 1.3784e-01,  ..., 7.2272e-01,
           6.7523e-01, 6.1938e-01],
          ...,
          [8.9024e-01, 4.4679e-01, 9.0394e-01,  ..., 9.0798e-01,
           2.2207e-01, 8.5747e-04],
          [9.9138e-01, 5.1648e-01, 4.6765e-01,  ..., 4.9712e-01,
           9.4448e-01, 6.2115e-01],
          [9.6477e-02, 4.5987e-01, 3.1220e-01,  ..., 6.1748e-01,
           5.4969e-01, 9.0597e-01]],

         [[7.9268e-01, 5.6060e-02, 9.1291e-01,  ..., 4.2329e-02,
           8.2086e-01, 9.4221e-01],
          [2.1071e-01, 9.7832e-01, 1.8502e-02,  ..., 6.8882e-01,
           4.7758e-01, 8.7327e-01],
          [5.5352e-01, 2.9441e-01, 9.3619e-01,  ..., 2.0713e-01,
           3.8719e-01, 2.5406e-01],
          ...,
          [4.1124e-01, 4.3807e-01, 7.3716e-01,  ..., 2.4904e-01,
           4.8590e-01, 4.8910e-01],
          [2.9601e-01, 6.8710e-01, 3.5415e-01,  ..., 4.4917e-01,
           1.5989e-01, 8.0429e-01],
          [7.2352e-01, 5.0110e-01, 5.8887e-01,  ..., 9.4042e-01,
           8.6527e-01, 5.9785e-01]],

         [[3.9853e-01, 9.5385e-01, 5.4678e-02,  ..., 3.4445e-01,
           1.2931e-02, 1.8623e-01],
          [1.1939e-01, 9.2211e-01, 6.7454e-02,  ..., 4.3793e-01,
           7.9993e-01, 4.0746e-01],
          [6.4756e-01, 2.7139e-01, 6.7294e-01,  ..., 1.0109e-01,
           5.4693e-01, 1.5351e-02],
          ...,
          [7.4360e-01, 4.7987e-01, 9.9056e-01,  ..., 7.3813e-01,
           8.4154e-01, 3.9158e-01],
          [8.3668e-01, 2.3544e-01, 1.7364e-01,  ..., 3.5037e-01,
           7.4934e-01, 7.4021e-02],
          [8.1793e-01, 5.4105e-01, 7.3920e-01,  ..., 5.4018e-01,
           5.6086e-03, 5.6141e-01]],

         ...,

         [[2.9803e-01, 4.6284e-01, 7.5992e-01,  ..., 4.4923e-01,
           7.6395e-01, 9.6428e-01],
          [9.5059e-01, 4.3824e-01, 9.4992e-01,  ..., 6.4001e-01,
           1.9615e-01, 8.9301e-01],
          [8.4411e-02, 6.8994e-01, 7.4836e-01,  ..., 8.2324e-01,
           3.5168e-01, 4.4042e-01],
          ...,
          [9.5782e-01, 8.7959e-01, 9.5928e-01,  ..., 7.0902e-01,
           7.2951e-01, 2.7021e-01],
          [7.1626e-01, 5.4714e-01, 8.0581e-01,  ..., 4.3816e-01,
           4.2354e-01, 4.6864e-01],
          [2.8146e-01, 9.4356e-01, 8.0650e-02,  ..., 8.8528e-01,
           6.4777e-01, 1.6243e-01]],

         [[6.5526e-01, 1.6535e-01, 2.4042e-01,  ..., 6.1988e-01,
           6.5595e-01, 7.1343e-01],
          [7.0196e-01, 5.5467e-01, 1.0292e-01,  ..., 7.3506e-01,
           7.9837e-01, 8.0390e-01],
          [9.9334e-01, 2.9510e-01, 8.0944e-01,  ..., 8.7840e-01,
           8.5118e-01, 6.2033e-01],
          ...,
          [8.9874e-02, 5.5904e-01, 2.6641e-01,  ..., 9.9908e-01,
           8.8799e-01, 4.3677e-02],
          [3.5235e-01, 6.8643e-02, 3.8696e-01,  ..., 8.6867e-01,
           1.7519e-01, 5.1793e-01],
          [6.0490e-01, 2.9912e-01, 1.7561e-01,  ..., 2.6990e-02,
           2.9116e-01, 6.7979e-01]],

         [[5.6720e-01, 9.3837e-02, 7.3761e-01,  ..., 1.6013e-01,
           6.5269e-01, 5.6658e-01],
          [5.4440e-01, 8.6969e-01, 4.6033e-01,  ..., 7.8899e-01,
           6.9346e-01, 9.4176e-01],
          [9.6006e-01, 8.2708e-01, 2.2741e-01,  ..., 7.7744e-01,
           6.2542e-01, 3.5999e-01],
          ...,
          [6.5064e-01, 5.9772e-01, 2.8210e-01,  ..., 2.8728e-01,
           5.3468e-01, 6.0070e-01],
          [5.6571e-01, 7.9642e-01, 8.6371e-01,  ..., 5.1501e-01,
           4.2258e-01, 4.9833e-02],
          [2.2444e-01, 8.2749e-01, 6.7971e-01,  ..., 1.5260e-01,
           3.4104e-02, 8.4683e-01]]]])
