tensor([[[[5.2356e-01, 4.7780e-01, 1.7732e-01,  ..., 4.1467e-01,
           7.0327e-01, 9.3142e-01],
          [9.9383e-01, 2.2612e-01, 1.8897e-02,  ..., 5.9125e-01,
           1.8236e-01, 1.7788e-01],
          [1.6737e-01, 2.1273e-01, 8.9292e-01,  ..., 7.3509e-01,
           7.9547e-01, 6.7117e-01],
          ...,
          [1.9073e-02, 3.0481e-01, 2.1428e-01,  ..., 8.5509e-01,
           9.5432e-01, 2.3152e-01],
          [7.8904e-01, 3.5596e-01, 6.4095e-01,  ..., 8.0085e-01,
           2.8087e-01, 7.1968e-01],
          [2.6204e-01, 6.1896e-01, 9.0239e-01,  ..., 2.9479e-02,
           5.0421e-01, 8.7858e-01]],

         [[7.6583e-01, 6.0872e-01, 3.1092e-01,  ..., 4.6404e-01,
           3.3596e-02, 6.5215e-01],
          [2.2242e-01, 3.1965e-01, 5.9482e-01,  ..., 5.1494e-01,
           8.0688e-01, 4.0535e-01],
          [6.0017e-01, 1.9582e-01, 2.1425e-01,  ..., 1.1348e-01,
           6.6449e-01, 5.9736e-01],
          ...,
          [9.0237e-02, 8.6783e-01, 6.5148e-01,  ..., 4.0021e-01,
           6.1605e-01, 3.7802e-02],
          [7.2440e-01, 8.2857e-01, 7.0551e-01,  ..., 8.9541e-01,
           8.8687e-01, 3.7565e-01],
          [7.2605e-01, 6.0545e-03, 7.1871e-02,  ..., 7.7880e-02,
           2.0476e-01, 3.5514e-01]],

         [[5.4208e-01, 2.2824e-02, 1.6279e-02,  ..., 9.6421e-01,
           8.8930e-01, 9.3168e-01],
          [9.8567e-01, 1.5012e-01, 3.2834e-01,  ..., 5.6671e-01,
           7.5834e-01, 3.2721e-01],
          [9.5233e-01, 2.5202e-01, 5.9974e-01,  ..., 7.9029e-01,
           3.9624e-01, 4.3478e-01],
          ...,
          [6.5649e-01, 3.9497e-01, 8.3117e-01,  ..., 3.4594e-01,
           5.9427e-01, 6.9329e-02],
          [4.6742e-01, 9.4594e-01, 8.9721e-01,  ..., 8.9320e-01,
           4.5573e-01, 2.9747e-01],
          [7.0087e-01, 4.6901e-01, 6.1249e-01,  ..., 5.7815e-01,
           4.4039e-01, 8.7728e-01]],

         ...,

         [[8.4326e-02, 8.9318e-01, 3.2928e-01,  ..., 7.8020e-01,
           8.9941e-01, 6.7417e-01],
          [2.3501e-01, 4.8251e-01, 2.5454e-01,  ..., 7.2734e-01,
           9.3141e-01, 4.2775e-01],
          [7.4446e-01, 8.9605e-01, 8.7932e-01,  ..., 4.5323e-01,
           4.5715e-01, 9.6222e-01],
          ...,
          [5.7005e-02, 8.1033e-02, 5.0000e-01,  ..., 7.3122e-01,
           3.0552e-01, 1.7709e-01],
          [3.6325e-01, 4.2369e-02, 4.7353e-01,  ..., 8.4719e-01,
           7.0395e-01, 2.2268e-02],
          [4.0136e-01, 6.2137e-01, 5.6956e-01,  ..., 1.2415e-01,
           8.1717e-01, 7.4767e-01]],

         [[9.9811e-03, 6.4636e-01, 8.1563e-01,  ..., 6.1401e-01,
           8.6588e-01, 4.9041e-01],
          [1.3263e-01, 4.1667e-02, 8.3475e-01,  ..., 2.1750e-01,
           8.3126e-01, 7.4481e-01],
          [5.9027e-01, 3.8984e-01, 8.5537e-01,  ..., 3.8414e-01,
           5.2923e-01, 3.7076e-01],
          ...,
          [4.7842e-01, 6.5295e-01, 9.7095e-01,  ..., 2.3023e-01,
           1.3759e-01, 5.0870e-01],
          [5.7628e-01, 5.1390e-01, 3.1488e-02,  ..., 8.8113e-01,
           4.5364e-01, 4.0365e-01],
          [4.1321e-01, 2.0584e-01, 8.3750e-01,  ..., 5.1011e-01,
           8.8516e-01, 9.3374e-01]],

         [[1.6708e-01, 9.4504e-01, 6.8678e-01,  ..., 1.3922e-01,
           4.4574e-03, 3.1604e-01],
          [9.5434e-01, 6.5640e-02, 6.7739e-01,  ..., 8.8674e-01,
           8.5727e-01, 3.5442e-01],
          [8.8421e-01, 3.9582e-01, 3.8403e-01,  ..., 2.9837e-01,
           5.4147e-02, 5.5736e-01],
          ...,
          [8.6390e-01, 7.1168e-01, 1.6312e-01,  ..., 2.2430e-01,
           1.6302e-01, 8.0666e-01],
          [2.1186e-01, 8.1270e-01, 6.3387e-01,  ..., 8.3339e-02,
           3.5001e-01, 6.6527e-01],
          [8.5201e-01, 4.2279e-01, 9.3163e-01,  ..., 9.6203e-01,
           3.3046e-01, 4.8377e-01]]],


        [[[8.7099e-01, 2.8020e-01, 3.8839e-01,  ..., 7.0607e-01,
           4.6300e-01, 4.3402e-01],
          [5.5907e-01, 4.5018e-01, 6.5763e-01,  ..., 6.2153e-01,
           7.6345e-01, 4.4139e-01],
          [1.2675e-01, 4.0651e-01, 5.0321e-01,  ..., 4.1273e-01,
           3.9362e-01, 1.4063e-01],
          ...,
          [9.5575e-01, 2.1747e-01, 5.2171e-01,  ..., 3.2670e-01,
           3.7038e-01, 1.4240e-01],
          [6.7344e-01, 3.5034e-01, 8.4003e-01,  ..., 4.7760e-01,
           9.7124e-01, 8.0728e-01],
          [7.9055e-01, 8.5457e-01, 1.7586e-01,  ..., 5.8420e-01,
           9.5654e-01, 5.9031e-01]],

         [[3.3825e-01, 7.2031e-01, 5.8688e-01,  ..., 8.1025e-02,
           7.2548e-01, 6.5061e-02],
          [6.1619e-01, 7.0250e-02, 8.1852e-01,  ..., 6.8401e-02,
           9.6167e-01, 9.5382e-01],
          [8.5910e-01, 1.8154e-01, 6.6277e-01,  ..., 3.3210e-01,
           4.2029e-01, 3.3749e-01],
          ...,
          [6.3345e-01, 5.3717e-01, 1.1850e-01,  ..., 3.7625e-01,
           1.0068e-01, 4.2180e-01],
          [3.6196e-01, 7.4989e-01, 8.9315e-01,  ..., 6.6280e-01,
           3.0277e-01, 9.5654e-01],
          [7.1142e-01, 8.4980e-01, 3.5473e-01,  ..., 5.7350e-01,
           9.2031e-01, 5.7668e-02]],

         [[8.2241e-01, 4.1378e-01, 6.3948e-01,  ..., 8.7081e-01,
           7.8798e-01, 4.5245e-01],
          [2.3147e-01, 9.9092e-01, 8.7529e-01,  ..., 1.8548e-01,
           8.6428e-01, 1.3602e-01],
          [5.7199e-01, 5.2824e-01, 3.6770e-01,  ..., 4.3869e-01,
           4.1338e-02, 8.9615e-01],
          ...,
          [5.0536e-01, 1.1231e-02, 6.5067e-01,  ..., 6.6436e-01,
           7.5979e-01, 4.3752e-01],
          [4.5143e-02, 3.9253e-01, 4.4128e-02,  ..., 3.3282e-01,
           7.3471e-01, 9.6477e-01],
          [4.4205e-02, 8.2538e-01, 3.9698e-01,  ..., 6.2438e-01,
           7.0689e-01, 1.9030e-01]],

         ...,

         [[4.9660e-01, 1.8488e-01, 3.0006e-01,  ..., 7.7467e-01,
           6.9325e-01, 6.1063e-01],
          [3.7162e-01, 3.2128e-01, 8.2591e-01,  ..., 7.3482e-02,
           7.7802e-01, 8.2560e-01],
          [5.5214e-01, 6.8013e-01, 8.9487e-02,  ..., 4.2192e-01,
           3.4880e-01, 3.9884e-01],
          ...,
          [4.7184e-01, 4.8501e-01, 9.9331e-01,  ..., 9.0027e-01,
           6.7205e-01, 8.4732e-01],
          [6.5284e-01, 7.2478e-01, 2.3330e-01,  ..., 3.9033e-01,
           7.8873e-01, 5.6103e-01],
          [3.1121e-01, 1.5801e-01, 5.9245e-01,  ..., 4.1819e-01,
           5.6541e-01, 2.7617e-01]],

         [[9.4911e-01, 4.2137e-01, 2.4802e-01,  ..., 9.2821e-01,
           2.9814e-02, 6.3565e-01],
          [3.4557e-01, 9.7354e-01, 6.9129e-01,  ..., 7.5323e-01,
           8.0410e-01, 6.6704e-02],
          [6.6344e-01, 3.4966e-01, 7.6581e-01,  ..., 2.9906e-01,
           8.6640e-01, 8.2778e-01],
          ...,
          [5.3986e-02, 7.6475e-01, 7.7766e-01,  ..., 1.7434e-01,
           8.3256e-01, 5.9822e-02],
          [7.3101e-01, 1.2466e-01, 1.7657e-01,  ..., 3.0485e-01,
           6.1195e-01, 5.7273e-01],
          [7.5016e-01, 5.1273e-02, 9.3897e-01,  ..., 4.1379e-01,
           2.9297e-01, 9.0370e-01]],

         [[9.3416e-01, 9.4201e-01, 8.4868e-01,  ..., 2.1001e-01,
           6.5191e-01, 8.1954e-02],
          [1.0486e-01, 5.5045e-01, 3.9355e-01,  ..., 6.8439e-01,
           5.6814e-01, 4.0116e-01],
          [1.1764e-01, 2.0516e-01, 3.5712e-01,  ..., 2.9471e-01,
           7.8088e-01, 6.3229e-01],
          ...,
          [1.6684e-01, 6.8913e-01, 8.2042e-01,  ..., 5.6386e-01,
           8.2971e-01, 7.8846e-01],
          [1.5252e-01, 7.1329e-01, 4.8738e-01,  ..., 3.9156e-01,
           3.9259e-01, 9.0630e-01],
          [9.8595e-01, 5.0622e-01, 6.5534e-01,  ..., 1.9655e-01,
           3.4178e-01, 7.0316e-01]]],


        [[[3.2102e-01, 3.3969e-01, 3.0179e-01,  ..., 2.8637e-01,
           9.7491e-01, 6.7058e-01],
          [4.2151e-01, 3.8591e-01, 4.1708e-01,  ..., 8.6982e-01,
           3.1789e-01, 9.1516e-01],
          [3.1981e-01, 6.2367e-01, 3.1460e-01,  ..., 8.2165e-01,
           5.7171e-01, 2.7590e-01],
          ...,
          [9.1163e-01, 9.3745e-01, 4.4551e-02,  ..., 9.9734e-01,
           1.7787e-01, 6.1733e-02],
          [6.0384e-01, 6.9941e-03, 5.8340e-01,  ..., 3.6131e-01,
           5.3032e-01, 9.7651e-02],
          [1.4342e-01, 8.4872e-01, 2.6604e-01,  ..., 1.0659e-02,
           1.6360e-02, 9.3047e-01]],

         [[3.5522e-01, 8.6502e-01, 2.0444e-01,  ..., 6.6736e-01,
           2.7848e-01, 5.5032e-01],
          [5.7501e-01, 2.7558e-01, 4.5496e-01,  ..., 5.9153e-01,
           6.5406e-01, 5.5513e-01],
          [7.0612e-01, 6.0241e-01, 2.0823e-01,  ..., 2.3066e-01,
           7.6533e-01, 6.2922e-01],
          ...,
          [6.3748e-01, 6.5975e-01, 3.3000e-02,  ..., 9.7578e-01,
           6.9651e-01, 1.3511e-01],
          [4.7019e-01, 5.4357e-01, 4.1973e-01,  ..., 3.7123e-01,
           2.9049e-01, 2.6540e-01],
          [3.7373e-01, 9.8495e-01, 6.0725e-01,  ..., 3.6438e-02,
           6.0876e-01, 6.4191e-01]],

         [[2.9699e-01, 6.1572e-01, 5.9922e-01,  ..., 9.3357e-01,
           8.3868e-02, 3.6067e-01],
          [3.1757e-04, 9.2659e-01, 1.1585e-01,  ..., 1.7098e-01,
           5.8260e-01, 7.5632e-01],
          [1.8511e-01, 5.1457e-01, 6.8145e-01,  ..., 9.9155e-01,
           1.4708e-01, 3.7844e-01],
          ...,
          [6.4858e-01, 4.6019e-01, 1.8632e-01,  ..., 8.4162e-01,
           7.4779e-01, 1.9170e-01],
          [9.3449e-01, 9.8354e-01, 5.3932e-01,  ..., 2.2629e-01,
           3.5919e-01, 9.9252e-02],
          [4.4492e-01, 4.2233e-01, 8.7114e-01,  ..., 8.5654e-01,
           7.8844e-01, 9.3425e-01]],

         ...,

         [[8.7211e-01, 1.6803e-01, 7.6658e-01,  ..., 1.3035e-01,
           7.8366e-01, 4.0074e-01],
          [5.0265e-01, 9.9978e-01, 3.6244e-01,  ..., 9.1712e-01,
           5.4194e-01, 9.8580e-01],
          [7.8558e-01, 6.2413e-01, 1.7092e-02,  ..., 4.8122e-01,
           1.2284e-01, 9.3616e-01],
          ...,
          [7.0062e-01, 6.3447e-01, 8.3658e-01,  ..., 3.4221e-01,
           4.5395e-01, 4.1648e-01],
          [5.5219e-01, 7.5114e-02, 2.5245e-01,  ..., 3.6511e-01,
           2.5040e-01, 3.7080e-01],
          [8.3563e-01, 1.2849e-01, 3.0158e-03,  ..., 5.2956e-01,
           3.4044e-01, 3.8204e-01]],

         [[2.0138e-01, 6.2765e-01, 9.3967e-01,  ..., 1.3362e-02,
           5.7100e-01, 7.1339e-01],
          [7.0881e-02, 6.2881e-01, 1.8808e-01,  ..., 6.7951e-01,
           1.2097e-01, 3.3186e-01],
          [9.3482e-01, 8.4590e-01, 8.7464e-01,  ..., 9.6832e-01,
           1.4876e-01, 7.4189e-01],
          ...,
          [4.8632e-01, 1.1991e-01, 4.6183e-01,  ..., 9.7797e-01,
           4.6705e-02, 3.7753e-01],
          [8.1726e-01, 9.1452e-01, 1.7416e-01,  ..., 6.9002e-01,
           1.1398e-01, 3.7207e-01],
          [2.4254e-01, 6.2049e-01, 7.4255e-01,  ..., 3.0673e-04,
           5.7050e-01, 9.2866e-01]],

         [[5.0956e-01, 3.2421e-01, 4.5643e-02,  ..., 7.7658e-01,
           8.9871e-01, 9.0426e-01],
          [5.0651e-01, 1.2520e-01, 6.6453e-01,  ..., 6.5686e-01,
           8.2701e-01, 1.5742e-01],
          [8.8943e-01, 4.6199e-01, 3.8153e-02,  ..., 2.3728e-01,
           9.7187e-01, 2.7732e-01],
          ...,
          [8.3265e-01, 3.6062e-01, 1.2775e-01,  ..., 2.7795e-01,
           5.2721e-01, 5.4871e-01],
          [4.3671e-02, 1.7207e-01, 8.4232e-01,  ..., 8.9161e-01,
           5.0955e-01, 1.8962e-01],
          [2.8710e-01, 4.8052e-01, 3.4110e-01,  ..., 6.5307e-01,
           3.6924e-01, 4.1843e-01]]],


        ...,


        [[[9.1930e-01, 1.2556e-01, 6.8828e-01,  ..., 9.4951e-01,
           8.4254e-01, 7.5234e-01],
          [3.4134e-01, 3.8600e-01, 8.7888e-01,  ..., 3.9743e-01,
           3.9892e-01, 7.7363e-01],
          [5.0257e-01, 9.3564e-01, 7.8671e-01,  ..., 4.6427e-02,
           6.9721e-01, 9.6162e-01],
          ...,
          [8.3256e-01, 2.6262e-01, 9.3463e-01,  ..., 5.2632e-01,
           1.7668e-01, 2.1743e-01],
          [2.7259e-01, 7.5339e-01, 2.8534e-01,  ..., 5.0358e-01,
           9.9706e-01, 3.5231e-01],
          [4.5119e-01, 6.9641e-01, 1.3404e-01,  ..., 3.9041e-01,
           9.8097e-01, 3.0746e-01]],

         [[3.4581e-02, 6.5881e-01, 1.5158e-01,  ..., 4.9899e-01,
           4.4391e-01, 6.6796e-01],
          [5.1372e-01, 5.6006e-01, 2.2413e-01,  ..., 6.4103e-01,
           7.6094e-01, 5.8835e-01],
          [1.8834e-02, 1.9160e-01, 3.4410e-01,  ..., 4.3213e-01,
           6.9917e-01, 3.9069e-01],
          ...,
          [6.0161e-01, 5.3927e-01, 7.9484e-02,  ..., 6.4701e-01,
           1.6766e-01, 6.3567e-01],
          [8.2151e-01, 6.2132e-01, 9.8524e-01,  ..., 6.0668e-01,
           2.8459e-01, 6.4643e-01],
          [3.6307e-03, 5.6757e-01, 3.0691e-01,  ..., 8.4964e-01,
           3.5715e-01, 3.0825e-01]],

         [[1.6327e-01, 7.4199e-03, 8.0320e-01,  ..., 1.0059e-01,
           9.4306e-01, 9.2056e-01],
          [2.5413e-01, 1.3533e-01, 7.4319e-01,  ..., 3.8210e-01,
           7.5526e-01, 3.0713e-01],
          [1.8125e-01, 4.3067e-02, 3.0867e-01,  ..., 4.5983e-01,
           1.1583e-01, 6.1350e-02],
          ...,
          [2.2796e-01, 4.2912e-01, 2.6919e-01,  ..., 7.8480e-01,
           5.2013e-01, 9.3477e-02],
          [7.3200e-01, 2.9751e-01, 6.8808e-01,  ..., 1.4699e-01,
           3.9537e-01, 6.5008e-01],
          [4.2115e-01, 5.8053e-01, 9.4395e-01,  ..., 9.9974e-02,
           9.3911e-01, 7.5492e-01]],

         ...,

         [[4.6204e-01, 5.6519e-01, 6.5528e-01,  ..., 3.2534e-01,
           1.7768e-01, 2.6411e-01],
          [6.5123e-02, 6.1949e-01, 1.3885e-02,  ..., 9.7894e-01,
           3.5797e-01, 2.2697e-01],
          [7.4236e-01, 6.7314e-01, 6.2258e-01,  ..., 8.9100e-01,
           7.0941e-01, 2.8404e-01],
          ...,
          [4.6844e-01, 7.0976e-01, 1.2569e-02,  ..., 4.3542e-01,
           8.5299e-01, 1.3585e-01],
          [6.7406e-01, 5.1053e-02, 8.4821e-01,  ..., 4.0445e-01,
           2.4099e-01, 3.9448e-01],
          [6.2348e-01, 7.9618e-01, 6.6199e-01,  ..., 8.2799e-01,
           8.5105e-01, 8.3700e-01]],

         [[5.9261e-01, 7.0306e-01, 6.1126e-01,  ..., 8.3017e-01,
           7.1275e-01, 1.1693e-01],
          [6.8583e-01, 1.3702e-01, 6.0140e-01,  ..., 8.1588e-01,
           6.0033e-01, 9.2206e-01],
          [8.9214e-01, 6.7268e-01, 2.5229e-01,  ..., 7.1139e-01,
           5.3531e-01, 3.4273e-01],
          ...,
          [1.6478e-01, 7.5375e-02, 6.7170e-01,  ..., 9.2294e-01,
           1.2744e-01, 9.0992e-01],
          [5.0923e-02, 6.3667e-01, 3.9879e-01,  ..., 4.0161e-01,
           9.4689e-01, 2.5674e-01],
          [4.4129e-01, 2.3101e-01, 5.9255e-01,  ..., 3.8165e-01,
           9.6551e-01, 4.7418e-01]],

         [[9.2544e-01, 6.6315e-01, 4.1723e-01,  ..., 5.2782e-01,
           3.3887e-01, 3.6794e-01],
          [9.9699e-01, 7.7871e-01, 9.1404e-02,  ..., 5.2145e-01,
           7.9143e-01, 9.7470e-01],
          [5.9954e-01, 7.1699e-01, 8.8971e-01,  ..., 1.8612e-01,
           8.0857e-01, 7.9585e-01],
          ...,
          [6.4623e-01, 3.5357e-01, 1.1837e-01,  ..., 4.1871e-01,
           8.3314e-01, 3.9143e-01],
          [7.9941e-01, 6.2952e-01, 8.7345e-01,  ..., 7.9973e-01,
           5.3442e-01, 1.7568e-01],
          [9.7136e-01, 6.3901e-01, 4.9625e-01,  ..., 6.2584e-01,
           1.1107e-01, 8.5196e-01]]],


        [[[7.0036e-01, 1.4158e-01, 4.1695e-01,  ..., 3.5036e-01,
           9.8238e-01, 3.3454e-01],
          [9.3831e-01, 3.5516e-01, 4.2188e-01,  ..., 4.2526e-01,
           8.9513e-01, 5.1853e-02],
          [2.2238e-01, 1.3201e-01, 4.0086e-01,  ..., 9.2813e-01,
           7.4783e-01, 3.1444e-01],
          ...,
          [5.9200e-02, 4.4266e-02, 3.8083e-01,  ..., 8.2136e-03,
           2.9267e-01, 5.9326e-01],
          [3.7335e-02, 8.7279e-01, 6.8542e-01,  ..., 5.5110e-02,
           3.5302e-01, 7.8911e-01],
          [4.3684e-02, 6.3547e-01, 2.9610e-01,  ..., 7.5986e-02,
           1.0466e-01, 9.8589e-01]],

         [[8.4794e-01, 1.6705e-01, 8.6636e-01,  ..., 1.0552e-01,
           8.9146e-02, 1.0267e-01],
          [1.8829e-01, 5.0777e-02, 1.9514e-01,  ..., 4.3522e-01,
           9.6213e-01, 2.5381e-01],
          [3.4147e-02, 6.1223e-01, 3.8608e-01,  ..., 5.6914e-01,
           4.8545e-01, 5.2367e-01],
          ...,
          [7.1278e-01, 8.7491e-01, 1.2266e-01,  ..., 6.9325e-01,
           3.0366e-01, 1.7259e-01],
          [9.7529e-01, 6.9768e-03, 4.8245e-01,  ..., 2.0928e-02,
           2.2075e-01, 5.2497e-01],
          [2.7022e-01, 4.4333e-02, 5.9483e-01,  ..., 5.7911e-01,
           3.8490e-01, 5.4651e-01]],

         [[9.0496e-03, 4.7456e-01, 7.6806e-01,  ..., 7.4333e-01,
           5.8719e-01, 6.4859e-02],
          [5.6886e-01, 3.1904e-02, 1.7499e-01,  ..., 2.9687e-01,
           7.3455e-01, 3.7731e-01],
          [2.5938e-01, 4.5917e-01, 9.5744e-01,  ..., 4.3515e-01,
           6.7748e-01, 4.1933e-01],
          ...,
          [4.6764e-01, 5.7502e-01, 5.2210e-01,  ..., 8.2269e-01,
           4.3054e-01, 4.8802e-01],
          [2.5146e-01, 2.5240e-01, 4.5687e-01,  ..., 4.3105e-01,
           4.3763e-01, 2.2693e-01],
          [5.3108e-01, 1.2357e-01, 4.0741e-01,  ..., 4.4468e-01,
           5.0879e-01, 5.7017e-01]],

         ...,

         [[2.6567e-01, 6.1304e-01, 5.8884e-01,  ..., 8.6322e-01,
           5.9379e-01, 2.3259e-01],
          [6.3724e-01, 8.9178e-01, 9.1955e-01,  ..., 3.8943e-01,
           9.6605e-01, 4.8929e-02],
          [9.8022e-01, 6.3239e-01, 8.7236e-01,  ..., 1.8038e-01,
           3.7878e-01, 3.5464e-01],
          ...,
          [6.3954e-01, 8.0382e-01, 8.9432e-01,  ..., 6.5000e-01,
           2.8540e-01, 5.3949e-01],
          [6.4861e-01, 5.5394e-01, 9.1073e-01,  ..., 3.4831e-01,
           8.0946e-01, 1.1654e-02],
          [3.9092e-01, 7.2041e-01, 8.3058e-01,  ..., 7.5654e-01,
           4.4939e-01, 9.7313e-01]],

         [[9.8852e-01, 6.4306e-01, 4.3575e-01,  ..., 7.1465e-02,
           7.1863e-01, 2.9208e-01],
          [6.9163e-01, 3.1329e-01, 7.8675e-01,  ..., 3.1110e-01,
           3.4604e-01, 2.0717e-01],
          [8.0056e-01, 4.3823e-01, 9.1241e-01,  ..., 9.1614e-02,
           1.3626e-01, 3.9703e-01],
          ...,
          [8.9061e-01, 4.2466e-01, 2.3253e-01,  ..., 2.4621e-01,
           3.0574e-01, 5.4944e-01],
          [1.2305e-01, 2.8661e-01, 2.3450e-01,  ..., 5.2060e-01,
           7.3292e-01, 6.0495e-01],
          [3.5334e-01, 5.6642e-01, 6.3418e-01,  ..., 9.0754e-01,
           2.4170e-02, 8.1091e-01]],

         [[7.3311e-01, 1.9060e-01, 4.7978e-01,  ..., 5.8813e-01,
           2.6399e-01, 7.0889e-01],
          [4.2014e-01, 1.1794e-02, 1.6659e-01,  ..., 8.2652e-01,
           2.4516e-01, 7.1711e-01],
          [9.2982e-01, 7.1252e-01, 4.2486e-01,  ..., 4.3030e-01,
           8.1705e-01, 4.8545e-01],
          ...,
          [7.3222e-01, 9.7960e-04, 8.7216e-01,  ..., 6.5247e-02,
           5.9882e-01, 2.5873e-01],
          [6.5576e-01, 6.8010e-01, 6.0383e-01,  ..., 8.6395e-01,
           5.8309e-03, 9.2461e-02],
          [6.0050e-01, 1.7662e-02, 1.3308e-01,  ..., 5.0955e-01,
           5.3516e-01, 5.0502e-01]]],


        [[[8.6939e-01, 1.9760e-01, 2.8920e-01,  ..., 3.2918e-01,
           7.7478e-01, 7.7876e-01],
          [4.1435e-01, 3.5569e-01, 1.2276e-01,  ..., 4.1787e-01,
           9.5581e-01, 9.7048e-01],
          [8.5935e-01, 3.4474e-01, 9.6106e-01,  ..., 1.9906e-01,
           5.1781e-01, 2.2171e-01],
          ...,
          [6.5801e-01, 3.0525e-01, 9.3274e-01,  ..., 3.3425e-01,
           9.9143e-01, 4.1390e-01],
          [1.2398e-01, 7.0159e-01, 2.9887e-01,  ..., 7.0281e-01,
           8.9052e-01, 7.8116e-01],
          [1.1266e-01, 9.6513e-01, 3.6892e-01,  ..., 2.0944e-01,
           7.4961e-01, 1.6785e-01]],

         [[9.6313e-02, 7.0624e-01, 8.1603e-01,  ..., 7.5156e-01,
           7.9755e-01, 9.1022e-02],
          [1.9711e-01, 6.4762e-01, 7.0131e-01,  ..., 7.7240e-01,
           2.2124e-01, 2.5257e-01],
          [7.3881e-01, 7.3636e-01, 1.7331e-01,  ..., 8.5592e-02,
           2.2229e-01, 5.0806e-01],
          ...,
          [2.2591e-01, 5.3005e-01, 3.1710e-01,  ..., 9.1247e-01,
           6.9284e-01, 7.4372e-01],
          [2.1382e-01, 5.3194e-01, 1.5656e-01,  ..., 5.3571e-02,
           8.2665e-01, 9.7727e-01],
          [7.3937e-01, 6.1593e-01, 7.1105e-01,  ..., 6.2025e-01,
           9.4475e-01, 2.5380e-01]],

         [[1.6395e-01, 4.3399e-01, 4.4051e-02,  ..., 6.7329e-01,
           6.6713e-01, 1.2558e-01],
          [5.6202e-01, 9.6652e-01, 9.1826e-01,  ..., 8.9557e-01,
           3.2878e-01, 1.2170e-01],
          [6.9246e-01, 5.8163e-02, 7.2490e-02,  ..., 2.3001e-01,
           4.8535e-01, 2.1758e-01],
          ...,
          [5.4241e-01, 4.5484e-01, 7.0571e-01,  ..., 2.9317e-01,
           8.4425e-01, 6.0000e-01],
          [6.0330e-01, 5.6669e-01, 4.6635e-01,  ..., 2.8764e-01,
           3.4635e-01, 6.1609e-01],
          [9.3379e-01, 4.8777e-01, 6.6894e-01,  ..., 4.0690e-01,
           8.7610e-01, 3.5826e-01]],

         ...,

         [[9.7300e-01, 1.4933e-01, 9.8036e-01,  ..., 9.4134e-01,
           8.1354e-01, 4.4410e-01],
          [6.1365e-01, 1.9593e-01, 9.5964e-01,  ..., 1.3779e-02,
           2.9847e-01, 5.6600e-02],
          [6.7576e-01, 2.5924e-01, 9.5313e-01,  ..., 6.8100e-01,
           8.4593e-01, 1.8989e-01],
          ...,
          [6.7854e-01, 6.8078e-01, 6.4886e-03,  ..., 7.9029e-01,
           2.0009e-01, 6.6589e-01],
          [5.2059e-01, 9.1598e-01, 8.8273e-02,  ..., 9.5996e-01,
           3.5827e-01, 7.4630e-01],
          [7.1506e-01, 1.7802e-01, 3.9283e-01,  ..., 1.6082e-01,
           7.7813e-02, 4.4245e-01]],

         [[2.8091e-01, 9.9973e-01, 2.6778e-01,  ..., 4.6841e-01,
           3.6264e-02, 2.8110e-01],
          [4.3954e-01, 4.1636e-01, 2.6585e-01,  ..., 6.4918e-01,
           2.1441e-01, 1.0720e-02],
          [4.7279e-01, 7.0738e-01, 4.0892e-01,  ..., 7.7693e-01,
           6.5896e-01, 4.0101e-02],
          ...,
          [8.6029e-01, 6.4460e-01, 8.3111e-01,  ..., 9.4939e-01,
           7.2253e-01, 4.1052e-01],
          [9.9760e-01, 3.3321e-01, 5.9837e-01,  ..., 3.4634e-01,
           1.2492e-01, 9.6908e-01],
          [6.0484e-01, 7.8885e-01, 1.1301e-01,  ..., 1.9055e-01,
           2.0840e-01, 2.3955e-02]],

         [[3.0757e-01, 7.7913e-02, 8.5587e-01,  ..., 8.5673e-01,
           9.4108e-01, 5.8069e-01],
          [2.5999e-01, 9.8432e-01, 8.2553e-01,  ..., 8.3234e-01,
           6.5017e-01, 9.5494e-01],
          [7.0630e-01, 7.2633e-01, 8.2531e-01,  ..., 4.5810e-02,
           6.0021e-01, 5.8192e-01],
          ...,
          [2.4495e-01, 5.6953e-01, 4.0753e-01,  ..., 4.8067e-01,
           1.9548e-01, 5.2169e-01],
          [3.3282e-01, 2.8254e-01, 4.9970e-01,  ..., 2.1803e-01,
           6.6251e-01, 3.4294e-01],
          [6.1504e-01, 3.0389e-01, 8.2829e-01,  ..., 4.3251e-01,
           6.0248e-02, 3.3440e-01]]]])
