tensor([[[[1.9949e-02, 8.7707e-02, 2.7672e-01,  ..., 9.9368e-01,
           3.0341e-01, 4.8424e-01],
          [9.5918e-01, 8.9597e-01, 8.6314e-01,  ..., 9.1921e-01,
           3.5171e-02, 2.6996e-01],
          [9.6657e-01, 6.9578e-01, 3.7839e-01,  ..., 1.7450e-01,
           5.1775e-01, 1.7184e-01],
          ...,
          [4.3948e-01, 1.3310e-01, 4.7767e-02,  ..., 2.9239e-01,
           6.7209e-01, 4.8701e-01],
          [2.6134e-01, 2.5804e-01, 8.0170e-01,  ..., 6.9995e-02,
           3.1605e-01, 7.4932e-01],
          [9.9273e-01, 6.7400e-01, 2.6181e-01,  ..., 9.3812e-01,
           5.8534e-01, 8.1492e-01]],

         [[7.8853e-01, 6.7325e-01, 2.6131e-01,  ..., 2.2044e-01,
           6.7149e-01, 7.9056e-01],
          [1.0145e-01, 7.3654e-01, 7.1901e-01,  ..., 6.5260e-01,
           8.3668e-01, 4.5962e-01],
          [2.7858e-01, 6.2796e-01, 7.7507e-01,  ..., 9.1239e-01,
           6.8849e-01, 8.7142e-01],
          ...,
          [7.9316e-02, 6.7359e-01, 5.1018e-01,  ..., 2.0504e-01,
           9.2625e-01, 4.4834e-02],
          [9.5272e-01, 7.0244e-02, 4.4723e-01,  ..., 7.0578e-02,
           8.1857e-01, 9.7074e-01],
          [1.2314e-01, 1.2992e-01, 2.0251e-01,  ..., 3.2728e-01,
           9.0762e-01, 8.7311e-01]],

         [[7.1281e-02, 8.2868e-01, 9.8566e-01,  ..., 4.0240e-01,
           1.3506e-01, 9.0059e-02],
          [4.2422e-01, 1.4421e-01, 3.4359e-01,  ..., 2.6722e-01,
           1.9451e-01, 3.8797e-01],
          [2.4294e-01, 7.1608e-01, 4.8054e-01,  ..., 8.2318e-01,
           9.2815e-01, 8.4930e-01],
          ...,
          [6.1952e-01, 3.9525e-02, 9.5267e-01,  ..., 1.8898e-01,
           8.4431e-01, 9.3435e-01],
          [3.0788e-01, 8.9397e-01, 1.4206e-01,  ..., 5.6846e-01,
           1.8350e-01, 6.1014e-01],
          [8.5616e-01, 9.9106e-01, 2.5773e-01,  ..., 2.0585e-01,
           7.2964e-01, 8.2786e-01]],

         ...,

         [[2.0185e-01, 8.9444e-01, 4.9810e-01,  ..., 7.3104e-02,
           8.2283e-01, 3.6986e-01],
          [5.4191e-01, 8.5351e-01, 1.5532e-01,  ..., 4.6205e-01,
           7.1406e-05, 9.7802e-01],
          [5.8115e-02, 6.7678e-01, 4.8696e-01,  ..., 5.0047e-01,
           7.0753e-01, 9.6070e-01],
          ...,
          [9.5955e-01, 3.6865e-01, 9.7498e-01,  ..., 6.3482e-01,
           5.5225e-02, 5.1701e-01],
          [3.5811e-02, 4.8415e-01, 3.4594e-01,  ..., 7.7778e-01,
           7.2333e-01, 3.4687e-01],
          [2.7098e-01, 4.9428e-01, 6.9585e-02,  ..., 7.4648e-01,
           4.4421e-01, 6.9758e-01]],

         [[1.8481e-01, 3.6835e-01, 8.2750e-01,  ..., 3.3626e-01,
           6.5752e-01, 4.3864e-01],
          [1.6543e-01, 4.3368e-01, 3.6169e-01,  ..., 9.9466e-01,
           8.2903e-01, 5.2551e-01],
          [6.3594e-01, 6.7257e-01, 6.1713e-01,  ..., 6.4356e-01,
           6.1556e-01, 1.7374e-01],
          ...,
          [7.9671e-01, 6.3263e-01, 3.5902e-01,  ..., 8.5663e-01,
           3.3494e-01, 6.7187e-02],
          [2.5711e-01, 5.2915e-01, 6.2301e-01,  ..., 8.3212e-01,
           1.4632e-01, 3.1460e-01],
          [2.9594e-04, 9.2581e-01, 5.1929e-01,  ..., 5.2477e-01,
           7.7034e-01, 1.7398e-01]],

         [[5.1344e-01, 9.0284e-02, 8.5801e-01,  ..., 1.7871e-01,
           3.8823e-01, 5.9180e-01],
          [8.2694e-01, 3.1627e-01, 9.0263e-01,  ..., 9.7578e-01,
           6.8278e-01, 5.5105e-01],
          [9.9139e-01, 8.6965e-01, 2.1654e-01,  ..., 2.4899e-02,
           2.7809e-01, 1.4685e-02],
          ...,
          [5.5756e-01, 9.3875e-02, 3.9802e-01,  ..., 2.0853e-01,
           4.7934e-01, 8.1347e-01],
          [2.3359e-01, 8.3452e-01, 6.2742e-01,  ..., 7.1491e-01,
           8.8454e-02, 4.4606e-01],
          [6.3765e-01, 7.7239e-01, 9.0787e-01,  ..., 2.5445e-01,
           3.8074e-01, 3.1205e-01]]],


        [[[2.2062e-01, 2.3513e-01, 4.8149e-01,  ..., 1.0812e-01,
           8.8146e-01, 7.6943e-01],
          [9.4146e-01, 6.5290e-01, 2.4168e-01,  ..., 8.5793e-01,
           1.5980e-01, 1.7176e-01],
          [2.1587e-01, 6.9420e-02, 8.2651e-01,  ..., 5.3412e-01,
           3.2863e-01, 3.7820e-01],
          ...,
          [2.5133e-01, 9.9945e-01, 9.8949e-01,  ..., 6.5831e-01,
           1.0749e-02, 3.6566e-01],
          [9.9822e-01, 3.6575e-01, 2.9954e-01,  ..., 2.1930e-01,
           3.7455e-01, 5.2205e-01],
          [3.7911e-01, 5.3763e-01, 8.1863e-01,  ..., 9.5399e-01,
           6.9261e-02, 1.4619e-02]],

         [[7.1730e-01, 6.2097e-01, 7.8023e-01,  ..., 1.2204e-01,
           4.3904e-01, 5.5177e-01],
          [9.7539e-01, 1.3997e-01, 2.3813e-01,  ..., 8.2026e-01,
           5.3227e-01, 2.6964e-01],
          [2.9678e-01, 2.4449e-01, 9.6030e-01,  ..., 8.3578e-01,
           5.5038e-01, 4.6705e-01],
          ...,
          [1.2361e-01, 1.2376e-01, 7.9150e-01,  ..., 9.6621e-01,
           4.2763e-02, 7.9715e-01],
          [1.9265e-01, 8.5666e-01, 7.2298e-01,  ..., 3.6795e-01,
           8.8096e-01, 8.2892e-01],
          [3.6161e-01, 3.0070e-01, 2.0235e-01,  ..., 5.2591e-01,
           1.4447e-01, 5.8205e-01]],

         [[6.6712e-01, 3.7782e-01, 1.4559e-01,  ..., 2.9726e-01,
           9.0539e-01, 5.5590e-01],
          [8.3337e-01, 1.4790e-01, 6.9583e-01,  ..., 7.7390e-01,
           8.6143e-01, 1.0760e-01],
          [8.0170e-02, 7.5877e-01, 5.0514e-01,  ..., 4.6679e-01,
           1.6977e-01, 1.5220e-01],
          ...,
          [6.0817e-01, 4.4794e-01, 6.6178e-01,  ..., 6.1720e-01,
           9.9298e-01, 9.2319e-01],
          [8.1684e-01, 5.3929e-01, 3.8521e-01,  ..., 8.4894e-01,
           3.2732e-01, 2.5133e-01],
          [9.7227e-01, 2.7861e-01, 1.5938e-01,  ..., 9.0402e-01,
           7.3922e-01, 7.5618e-01]],

         ...,

         [[8.6285e-01, 9.3636e-01, 3.4224e-01,  ..., 5.6006e-01,
           5.3150e-01, 1.4471e-01],
          [1.3661e-01, 3.7906e-01, 4.1260e-01,  ..., 2.5429e-01,
           1.4464e-01, 3.2669e-01],
          [5.5952e-01, 8.3594e-01, 9.0728e-01,  ..., 4.6233e-01,
           8.8231e-01, 8.1085e-01],
          ...,
          [6.5934e-01, 5.3299e-01, 4.8605e-01,  ..., 7.3898e-01,
           4.3518e-01, 2.4577e-01],
          [9.7729e-01, 8.8728e-01, 8.5088e-01,  ..., 8.7628e-01,
           8.8071e-01, 5.1689e-02],
          [3.2358e-01, 8.1471e-01, 9.5415e-01,  ..., 8.4045e-01,
           7.5585e-01, 1.1539e-01]],

         [[6.9162e-01, 6.0472e-01, 5.8157e-01,  ..., 8.9743e-01,
           5.0479e-01, 2.0237e-01],
          [5.0998e-01, 5.0498e-01, 4.6129e-01,  ..., 5.9341e-01,
           9.8431e-02, 8.9926e-01],
          [9.3114e-01, 4.0950e-01, 9.0106e-01,  ..., 2.0750e-01,
           4.0447e-01, 2.9871e-01],
          ...,
          [9.0767e-01, 4.7929e-01, 9.9491e-01,  ..., 8.9752e-02,
           3.7869e-01, 6.8209e-01],
          [8.6318e-01, 6.2892e-01, 8.5339e-01,  ..., 9.8358e-01,
           9.6982e-01, 7.9970e-01],
          [4.7724e-01, 5.2969e-01, 4.7697e-01,  ..., 9.8077e-01,
           9.7393e-01, 7.9288e-01]],

         [[3.3976e-01, 3.5220e-01, 4.6475e-01,  ..., 2.1558e-01,
           6.0705e-01, 7.4623e-01],
          [6.2147e-01, 3.6583e-01, 4.0373e-01,  ..., 6.1051e-01,
           4.8217e-01, 8.6135e-01],
          [1.2277e-02, 2.8877e-01, 1.5331e-01,  ..., 8.9525e-01,
           9.1230e-01, 1.2438e-01],
          ...,
          [7.7760e-01, 8.3162e-01, 8.7624e-01,  ..., 6.0226e-02,
           5.0540e-01, 5.2580e-01],
          [9.0416e-01, 8.8198e-01, 2.4533e-02,  ..., 9.7339e-01,
           2.5710e-01, 7.0563e-01],
          [5.5782e-01, 8.1651e-01, 3.9340e-02,  ..., 2.6975e-02,
           8.3402e-02, 3.7247e-01]]],


        [[[9.2186e-01, 2.0238e-01, 9.0246e-02,  ..., 8.4254e-01,
           9.8152e-01, 6.0571e-01],
          [9.1286e-01, 7.6627e-01, 8.2439e-02,  ..., 5.1867e-01,
           3.5501e-01, 2.8806e-01],
          [5.0442e-01, 6.3591e-02, 1.5413e-01,  ..., 6.6586e-01,
           7.5988e-01, 7.1070e-01],
          ...,
          [1.1844e-01, 3.5373e-01, 5.6993e-01,  ..., 5.4924e-02,
           4.6680e-02, 9.5780e-01],
          [6.4548e-01, 9.4325e-01, 5.0931e-01,  ..., 9.5705e-01,
           6.4151e-01, 2.3328e-01],
          [7.4132e-01, 6.6226e-01, 1.6187e-01,  ..., 7.1364e-01,
           1.7972e-01, 9.2011e-01]],

         [[6.6427e-01, 8.2185e-01, 4.1806e-02,  ..., 8.7438e-01,
           1.7459e-03, 6.9754e-01],
          [6.5530e-01, 2.0765e-01, 1.4845e-01,  ..., 6.1985e-01,
           4.2500e-01, 7.6888e-01],
          [2.1065e-01, 3.7081e-01, 3.6908e-01,  ..., 3.5992e-01,
           2.1888e-01, 2.4147e-01],
          ...,
          [2.3494e-02, 2.0741e-01, 6.8521e-01,  ..., 5.2888e-01,
           1.9241e-01, 7.2499e-01],
          [7.0983e-01, 1.9203e-01, 6.1036e-01,  ..., 3.2552e-01,
           2.9882e-01, 6.8915e-01],
          [5.4663e-01, 4.9673e-01, 7.6908e-02,  ..., 1.8438e-01,
           9.7560e-01, 8.2217e-01]],

         [[4.5308e-01, 1.6779e-01, 3.7982e-01,  ..., 6.9620e-02,
           4.7424e-01, 1.6175e-01],
          [1.6264e-01, 4.6855e-01, 5.4700e-01,  ..., 9.7485e-01,
           7.5514e-01, 4.6920e-01],
          [4.8237e-01, 6.5275e-01, 8.8446e-01,  ..., 5.9897e-01,
           4.2700e-01, 3.3364e-01],
          ...,
          [4.5651e-01, 7.0293e-01, 8.8028e-01,  ..., 1.7043e-01,
           4.1841e-01, 3.4917e-01],
          [9.0062e-02, 2.9716e-01, 5.0493e-01,  ..., 1.0973e-01,
           9.6701e-01, 4.4146e-01],
          [5.0310e-03, 8.4506e-01, 9.7706e-01,  ..., 4.8218e-01,
           4.9659e-01, 4.1744e-01]],

         ...,

         [[4.6313e-01, 1.7587e-01, 7.9858e-01,  ..., 1.0039e-01,
           6.0995e-01, 8.6777e-01],
          [8.2328e-02, 9.3180e-01, 3.4452e-01,  ..., 6.9114e-01,
           2.9669e-01, 9.6422e-03],
          [2.7405e-01, 6.4849e-01, 6.3201e-01,  ..., 6.5177e-01,
           2.9649e-01, 6.0255e-01],
          ...,
          [2.3898e-01, 4.7852e-01, 6.1046e-01,  ..., 8.5707e-02,
           6.3065e-01, 9.7954e-01],
          [4.7922e-01, 6.3531e-01, 9.4294e-01,  ..., 3.3875e-01,
           3.4559e-01, 1.7509e-01],
          [1.4943e-01, 1.4889e-01, 9.6682e-01,  ..., 1.6287e-01,
           4.5887e-01, 3.2946e-01]],

         [[1.3968e-01, 7.9465e-01, 6.0726e-01,  ..., 6.2662e-02,
           6.6480e-01, 5.5692e-01],
          [4.4218e-01, 8.5897e-02, 3.1640e-01,  ..., 1.6918e-01,
           5.5528e-01, 9.7978e-01],
          [7.4763e-01, 1.5947e-01, 6.0080e-01,  ..., 9.8382e-01,
           8.0810e-02, 5.2571e-01],
          ...,
          [4.8682e-01, 1.2179e-01, 6.3184e-01,  ..., 8.6679e-01,
           3.1865e-01, 4.7164e-01],
          [6.0352e-01, 2.1813e-01, 7.6547e-01,  ..., 3.7054e-01,
           1.3769e-01, 7.4537e-01],
          [7.2061e-01, 1.8879e-02, 4.3794e-01,  ..., 1.8645e-01,
           6.5863e-01, 7.1345e-01]],

         [[4.7185e-01, 9.3163e-02, 7.9758e-01,  ..., 4.2004e-01,
           8.5544e-01, 1.6386e-01],
          [7.1694e-01, 7.6560e-01, 1.9953e-01,  ..., 2.6657e-01,
           7.7371e-01, 9.8040e-01],
          [4.4336e-01, 2.2416e-01, 9.4774e-01,  ..., 6.4015e-01,
           3.8758e-01, 6.7571e-01],
          ...,
          [3.5794e-01, 5.9049e-02, 1.3295e-01,  ..., 7.0958e-01,
           7.3305e-03, 6.0814e-01],
          [4.2393e-01, 3.0088e-01, 8.0326e-01,  ..., 2.4425e-01,
           8.2027e-01, 5.8781e-01],
          [3.6768e-01, 7.1257e-01, 5.9400e-01,  ..., 6.4548e-01,
           9.8480e-02, 7.6512e-02]]],


        ...,


        [[[8.5346e-01, 2.8415e-01, 2.2328e-01,  ..., 9.7897e-01,
           1.4763e-01, 4.9822e-01],
          [9.0083e-01, 1.7259e-01, 6.7189e-01,  ..., 5.1020e-01,
           1.7141e-02, 9.2065e-01],
          [9.1219e-01, 2.7464e-01, 6.8314e-02,  ..., 7.4462e-01,
           2.0058e-01, 4.8724e-01],
          ...,
          [1.5607e-01, 1.7057e-01, 1.4359e-03,  ..., 1.9416e-01,
           7.1851e-01, 5.5110e-01],
          [5.2569e-02, 2.5848e-01, 9.5961e-02,  ..., 3.7038e-01,
           4.5091e-01, 8.7069e-01],
          [9.5608e-01, 2.8027e-02, 8.8093e-01,  ..., 5.9524e-01,
           7.9578e-01, 7.1611e-01]],

         [[8.3548e-01, 3.8153e-01, 5.9506e-01,  ..., 3.9567e-01,
           2.2929e-01, 2.2344e-01],
          [6.5624e-01, 1.3189e-01, 3.2510e-01,  ..., 7.1583e-01,
           5.2811e-01, 9.0826e-01],
          [2.0744e-01, 5.5068e-01, 9.3520e-01,  ..., 5.6498e-01,
           2.7786e-01, 9.7800e-01],
          ...,
          [8.3088e-01, 5.5376e-01, 4.1074e-04,  ..., 3.4512e-01,
           1.3232e-01, 7.5834e-01],
          [2.8182e-01, 1.5034e-01, 7.8572e-01,  ..., 5.7525e-01,
           1.8763e-01, 7.0575e-01],
          [6.9026e-01, 6.0827e-01, 8.4492e-02,  ..., 8.3826e-01,
           4.7595e-02, 3.9093e-01]],

         [[5.9940e-01, 6.2032e-01, 2.3031e-01,  ..., 4.3100e-01,
           6.0504e-01, 6.8502e-01],
          [8.5611e-01, 4.5677e-01, 5.0163e-01,  ..., 1.8059e-01,
           2.9271e-01, 9.3845e-01],
          [7.4454e-01, 7.8274e-01, 9.4277e-01,  ..., 2.7443e-01,
           2.8025e-01, 4.5724e-01],
          ...,
          [9.6050e-01, 5.4096e-01, 5.6655e-01,  ..., 3.0542e-01,
           7.5331e-01, 8.3488e-01],
          [5.8045e-01, 2.3689e-01, 2.3907e-01,  ..., 6.1652e-01,
           5.3831e-01, 1.4788e-01],
          [4.4534e-01, 4.9140e-01, 9.3680e-01,  ..., 2.0306e-03,
           3.8515e-01, 3.9212e-01]],

         ...,

         [[8.5976e-01, 7.5962e-01, 1.3978e-01,  ..., 3.0894e-01,
           4.5171e-01, 5.9982e-03],
          [3.6072e-02, 8.8054e-01, 6.7061e-01,  ..., 6.5090e-01,
           9.9882e-01, 6.8322e-01],
          [5.0307e-01, 9.5675e-01, 4.1312e-01,  ..., 7.0401e-02,
           1.8609e-01, 7.6543e-01],
          ...,
          [5.2534e-01, 3.6694e-01, 3.2981e-01,  ..., 4.4753e-01,
           9.0696e-01, 3.3711e-02],
          [4.4246e-01, 3.0390e-01, 5.3574e-02,  ..., 9.7375e-01,
           4.0580e-01, 9.3525e-01],
          [2.4398e-01, 7.1465e-01, 6.2804e-01,  ..., 6.1203e-01,
           2.8745e-01, 6.0624e-01]],

         [[8.8018e-01, 1.0245e-01, 7.2333e-01,  ..., 7.8856e-01,
           1.9499e-01, 8.3244e-01],
          [5.6785e-01, 8.5436e-01, 8.1964e-01,  ..., 5.2439e-01,
           2.2917e-01, 3.2810e-01],
          [1.8136e-01, 7.7513e-01, 2.7474e-01,  ..., 3.4910e-01,
           4.4407e-01, 4.1784e-01],
          ...,
          [6.3495e-02, 1.7240e-01, 1.1754e-01,  ..., 5.1578e-01,
           3.7107e-01, 3.6228e-01],
          [7.4797e-01, 5.9014e-01, 2.6740e-01,  ..., 8.6505e-01,
           8.1376e-01, 7.4807e-01],
          [1.9454e-01, 5.0788e-01, 2.5473e-01,  ..., 3.8194e-01,
           9.7393e-01, 8.6253e-01]],

         [[9.9668e-01, 2.8433e-01, 4.3862e-01,  ..., 3.8004e-01,
           6.0278e-02, 6.4032e-01],
          [6.1807e-01, 4.6048e-02, 4.2431e-01,  ..., 7.3172e-01,
           4.9283e-01, 2.8503e-01],
          [6.2371e-01, 8.5065e-01, 3.4226e-01,  ..., 4.0886e-01,
           1.4233e-01, 4.9676e-01],
          ...,
          [6.6192e-01, 7.6520e-01, 3.9910e-01,  ..., 5.0628e-01,
           6.0237e-02, 4.7602e-01],
          [8.6128e-01, 7.0952e-01, 3.9091e-02,  ..., 7.0506e-01,
           9.3056e-01, 4.9010e-01],
          [9.7999e-02, 5.3154e-01, 6.4943e-01,  ..., 1.4705e-02,
           2.8906e-01, 5.5771e-01]]],


        [[[3.8764e-01, 8.1356e-01, 7.5912e-01,  ..., 9.8581e-01,
           5.9217e-01, 2.8448e-01],
          [7.8268e-01, 8.8626e-01, 3.4956e-01,  ..., 8.5327e-01,
           3.2060e-01, 1.2627e-01],
          [5.8285e-01, 8.2879e-01, 2.4997e-01,  ..., 3.5287e-01,
           1.8011e-02, 8.0961e-01],
          ...,
          [9.6712e-01, 6.7081e-01, 1.9858e-01,  ..., 1.5137e-01,
           6.4452e-01, 4.4971e-02],
          [1.1831e-02, 9.8762e-01, 6.2768e-01,  ..., 3.5325e-02,
           5.1333e-01, 7.8404e-01],
          [4.0304e-01, 3.2937e-01, 9.4538e-01,  ..., 2.0100e-01,
           7.2919e-01, 2.7551e-01]],

         [[4.9375e-02, 8.4355e-01, 7.0875e-01,  ..., 3.2546e-01,
           8.5414e-01, 3.9219e-02],
          [9.2611e-01, 6.8932e-01, 3.8878e-01,  ..., 4.0218e-01,
           4.9363e-01, 6.4249e-01],
          [3.6784e-01, 1.7296e-01, 4.7833e-01,  ..., 9.9383e-01,
           2.9841e-01, 6.5277e-02],
          ...,
          [9.0284e-01, 9.8015e-01, 7.1142e-01,  ..., 7.7933e-01,
           9.5090e-01, 5.5701e-01],
          [8.0645e-01, 3.3757e-01, 5.8868e-01,  ..., 5.0252e-02,
           1.7076e-01, 7.3080e-01],
          [9.3609e-01, 5.1352e-02, 6.8614e-01,  ..., 8.6664e-01,
           6.0383e-01, 1.2633e-01]],

         [[1.8421e-02, 2.3331e-01, 4.0125e-01,  ..., 1.1238e-01,
           4.0802e-01, 4.9424e-01],
          [4.2506e-01, 4.9036e-01, 8.5563e-01,  ..., 9.3653e-01,
           5.3693e-01, 4.0866e-01],
          [9.9435e-03, 3.5191e-02, 1.9826e-01,  ..., 6.1424e-01,
           4.3829e-01, 8.7500e-01],
          ...,
          [2.5675e-01, 7.2913e-01, 2.6764e-01,  ..., 6.6473e-01,
           2.9092e-01, 7.3939e-02],
          [2.1435e-01, 2.6481e-01, 2.3707e-01,  ..., 5.5450e-01,
           5.8918e-01, 3.5189e-01],
          [2.5355e-01, 8.5245e-02, 1.1808e-01,  ..., 8.7799e-02,
           6.4270e-01, 2.3282e-01]],

         ...,

         [[9.8441e-01, 2.4047e-01, 2.0558e-01,  ..., 1.6228e-01,
           7.9663e-01, 1.6071e-01],
          [7.4897e-01, 6.4877e-01, 8.9384e-01,  ..., 4.6566e-01,
           3.5882e-01, 8.9302e-01],
          [9.0370e-01, 5.6609e-01, 4.5632e-01,  ..., 6.6717e-01,
           7.2246e-01, 8.5642e-02],
          ...,
          [5.1015e-01, 4.0203e-01, 4.2873e-01,  ..., 5.0277e-01,
           7.9650e-01, 7.9975e-01],
          [9.5418e-01, 7.5283e-01, 1.7556e-01,  ..., 8.6238e-01,
           7.7476e-01, 9.2506e-01],
          [6.2151e-01, 3.8376e-01, 4.9447e-01,  ..., 1.2791e-02,
           3.1163e-01, 5.6402e-01]],

         [[7.2881e-01, 7.3576e-01, 2.5438e-01,  ..., 9.4377e-01,
           3.4025e-01, 9.1671e-01],
          [1.3154e-01, 2.1948e-01, 5.3032e-01,  ..., 8.8279e-01,
           9.4264e-01, 4.8193e-01],
          [6.2954e-01, 1.0127e-02, 4.4762e-01,  ..., 1.7359e-01,
           2.3756e-01, 2.8614e-02],
          ...,
          [6.9874e-01, 5.4904e-01, 8.9533e-01,  ..., 7.9162e-01,
           3.4686e-01, 2.1098e-01],
          [1.7008e-01, 3.5666e-01, 4.7202e-01,  ..., 6.3783e-01,
           4.2198e-01, 9.0409e-01],
          [9.1504e-01, 5.2502e-01, 1.3299e-01,  ..., 1.4204e-01,
           7.3019e-01, 1.9778e-01]],

         [[1.7661e-01, 5.9560e-01, 5.6444e-01,  ..., 3.6854e-01,
           6.8158e-01, 4.7174e-01],
          [4.2571e-01, 3.7528e-01, 6.7683e-01,  ..., 6.5548e-01,
           9.7768e-01, 6.3314e-01],
          [5.6770e-01, 4.9152e-01, 4.0653e-01,  ..., 3.4542e-01,
           6.3167e-01, 8.7638e-01],
          ...,
          [7.5677e-01, 6.2524e-01, 5.6323e-01,  ..., 1.7005e-01,
           6.4373e-01, 5.5407e-01],
          [6.1162e-01, 8.4835e-01, 6.2920e-01,  ..., 6.1006e-01,
           1.9648e-01, 4.2982e-01],
          [7.3998e-01, 8.9872e-01, 1.5917e-01,  ..., 9.4599e-01,
           6.3157e-01, 2.5723e-01]]],


        [[[7.6806e-01, 4.3650e-02, 7.7184e-01,  ..., 4.9635e-01,
           5.7933e-01, 9.4291e-01],
          [7.7307e-01, 5.7052e-01, 1.1528e-01,  ..., 6.2000e-01,
           6.3983e-01, 1.0293e-01],
          [2.2446e-01, 3.8588e-01, 4.8042e-01,  ..., 5.0577e-01,
           3.6039e-01, 6.4286e-01],
          ...,
          [4.9011e-01, 8.1149e-01, 1.7207e-01,  ..., 8.9316e-01,
           7.4837e-01, 2.1564e-01],
          [1.8916e-01, 7.8080e-01, 3.0066e-02,  ..., 6.9282e-01,
           5.5380e-01, 7.0774e-01],
          [6.8640e-01, 6.7879e-02, 8.2641e-01,  ..., 1.3303e-01,
           9.4543e-01, 2.3168e-01]],

         [[2.7540e-01, 1.8548e-01, 5.9809e-01,  ..., 9.6854e-01,
           4.3358e-01, 8.5067e-01],
          [8.0299e-02, 1.5850e-02, 1.4948e-01,  ..., 3.4179e-02,
           7.8824e-02, 8.6516e-01],
          [4.5162e-02, 4.9761e-01, 3.4625e-01,  ..., 3.5251e-01,
           6.9295e-01, 7.0789e-01],
          ...,
          [2.6135e-01, 5.3367e-01, 8.3661e-01,  ..., 8.8827e-01,
           4.2396e-01, 6.2438e-01],
          [9.1666e-01, 5.9103e-01, 8.1446e-01,  ..., 4.5363e-02,
           7.4696e-01, 3.3437e-01],
          [2.4253e-02, 2.8837e-01, 7.0051e-01,  ..., 4.5047e-01,
           3.1888e-02, 5.2071e-01]],

         [[3.1630e-01, 7.3861e-01, 3.9596e-01,  ..., 1.4910e-01,
           5.2737e-01, 4.3677e-01],
          [2.4510e-01, 9.6051e-01, 5.3624e-01,  ..., 5.5541e-01,
           2.8670e-01, 2.0093e-02],
          [7.4432e-01, 8.2772e-01, 8.4290e-01,  ..., 4.8166e-01,
           5.8708e-01, 6.6884e-01],
          ...,
          [7.3678e-02, 9.3743e-02, 8.2339e-01,  ..., 7.4840e-01,
           5.7585e-01, 2.7850e-01],
          [1.2180e-01, 1.5456e-01, 3.4209e-01,  ..., 6.3361e-01,
           1.8322e-01, 1.0277e-01],
          [1.6156e-01, 3.7767e-01, 1.3195e-01,  ..., 7.9620e-01,
           2.4639e-01, 4.4867e-01]],

         ...,

         [[6.5319e-01, 7.6220e-02, 8.0701e-01,  ..., 9.2682e-01,
           1.7073e-01, 8.2056e-01],
          [8.3722e-01, 5.6569e-01, 2.1206e-01,  ..., 6.3909e-01,
           6.3977e-01, 3.7531e-01],
          [1.6967e-01, 1.2208e-01, 2.7741e-01,  ..., 7.7946e-01,
           1.3925e-01, 8.1131e-01],
          ...,
          [7.5391e-01, 8.5315e-01, 9.8042e-01,  ..., 5.0721e-01,
           7.2144e-01, 4.6791e-01],
          [6.5919e-01, 8.1369e-01, 3.7411e-03,  ..., 8.2643e-01,
           1.2856e-01, 4.2042e-02],
          [4.0188e-01, 5.3749e-01, 7.1743e-01,  ..., 1.0318e-01,
           7.2719e-01, 5.2326e-01]],

         [[2.5664e-02, 7.6586e-01, 7.2739e-01,  ..., 3.7941e-01,
           9.1994e-01, 1.1051e-01],
          [9.2157e-01, 2.9257e-01, 3.3533e-01,  ..., 2.5617e-01,
           1.2142e-01, 2.6399e-01],
          [1.5459e-01, 2.0692e-01, 1.2226e-02,  ..., 6.7161e-01,
           3.5910e-01, 4.2629e-01],
          ...,
          [9.6341e-01, 8.8123e-01, 3.0214e-02,  ..., 1.6928e-02,
           1.0661e-01, 6.5672e-01],
          [8.4693e-01, 1.3619e-01, 8.1643e-01,  ..., 6.9476e-01,
           7.9229e-01, 4.2841e-02],
          [7.7224e-01, 4.9485e-01, 3.7953e-02,  ..., 9.4519e-01,
           7.5353e-01, 5.2181e-01]],

         [[7.9065e-01, 6.0712e-01, 7.6463e-01,  ..., 1.1689e-01,
           9.1842e-01, 1.2317e-01],
          [5.1608e-01, 4.2746e-01, 6.6277e-01,  ..., 6.9800e-01,
           8.5805e-02, 6.8918e-01],
          [7.5798e-01, 3.3804e-01, 6.0379e-01,  ..., 7.8184e-01,
           1.5678e-01, 5.5992e-01],
          ...,
          [2.2778e-01, 1.9144e-01, 8.5248e-01,  ..., 1.8014e-01,
           7.8749e-01, 6.9804e-01],
          [1.1209e-02, 3.8624e-01, 7.1931e-01,  ..., 5.4393e-02,
           1.3716e-01, 2.9747e-01],
          [9.8747e-01, 3.3354e-01, 9.9462e-01,  ..., 2.4619e-01,
           5.8959e-02, 9.3382e-01]]]])
