tensor([[[[0.3538, 0.1977, 0.0474,  ..., 0.7089, 0.7625, 0.4607],
          [0.7289, 0.6582, 0.4231,  ..., 0.5208, 0.2601, 0.1040],
          [0.3262, 0.1015, 0.4829,  ..., 0.3232, 0.5718, 0.0409],
          ...,
          [0.7726, 0.1649, 0.8368,  ..., 0.8791, 0.1046, 0.3159],
          [0.2581, 0.9742, 0.8628,  ..., 0.6077, 0.2379, 0.4821],
          [0.3365, 0.0637, 0.7138,  ..., 0.1873, 0.3380, 0.1035]],

         [[0.2791, 0.3004, 0.2682,  ..., 0.5113, 0.7306, 0.6798],
          [0.4792, 0.5692, 0.3861,  ..., 0.7737, 0.3766, 0.0313],
          [0.9892, 0.7282, 0.2866,  ..., 0.2494, 0.7313, 0.9940],
          ...,
          [0.2050, 0.8294, 0.4354,  ..., 0.5114, 0.3707, 0.5254],
          [0.1729, 0.4955, 0.5556,  ..., 0.0925, 0.8963, 0.9749],
          [0.3203, 0.9100, 0.2772,  ..., 0.6562, 0.8317, 0.1782]],

         [[0.7172, 0.1929, 0.2567,  ..., 0.5023, 0.2187, 0.4372],
          [0.5839, 0.8098, 0.2178,  ..., 0.2503, 0.9243, 0.3855],
          [0.7360, 0.1032, 0.4008,  ..., 0.1759, 0.6089, 0.8189],
          ...,
          [0.0979, 0.8544, 0.8827,  ..., 0.5021, 0.7040, 0.7533],
          [0.7691, 0.6986, 0.3521,  ..., 0.7154, 0.8104, 0.3173],
          [0.6535, 0.5333, 0.7031,  ..., 0.2174, 0.3211, 0.5258]],

         ...,

         [[0.8172, 0.7580, 0.2372,  ..., 0.4900, 0.6839, 0.3457],
          [0.5148, 0.5473, 0.1104,  ..., 0.8562, 0.3175, 0.8429],
          [0.9080, 0.5415, 0.6129,  ..., 0.0926, 0.2060, 0.9496],
          ...,
          [0.3481, 0.8570, 0.5942,  ..., 0.0662, 0.2691, 0.7039],
          [0.7219, 0.5039, 0.0367,  ..., 0.1637, 0.0884, 0.9233],
          [0.1999, 0.9042, 0.0748,  ..., 0.8928, 0.3253, 0.1128]],

         [[0.9977, 0.7656, 0.3577,  ..., 0.1180, 0.4103, 0.7824],
          [0.6756, 0.0982, 0.7221,  ..., 0.9469, 0.1634, 0.2303],
          [0.1572, 0.1762, 0.9660,  ..., 0.0602, 0.9071, 0.3216],
          ...,
          [0.6806, 0.3059, 0.5168,  ..., 0.3890, 0.4162, 0.1750],
          [0.4806, 0.3040, 0.7515,  ..., 0.7133, 0.6504, 0.0541],
          [0.8962, 0.5782, 0.4288,  ..., 0.0374, 0.2078, 0.6623]],

         [[0.0654, 0.1471, 0.0804,  ..., 0.9159, 0.9028, 0.2954],
          [0.7864, 0.2838, 0.8230,  ..., 0.8857, 0.3668, 0.8729],
          [0.3705, 0.4578, 0.3235,  ..., 0.2874, 0.8634, 0.3260],
          ...,
          [0.9501, 0.3240, 0.6607,  ..., 0.2507, 0.8559, 0.9603],
          [0.9758, 0.9224, 0.4895,  ..., 0.1848, 0.8511, 0.8321],
          [0.3796, 0.9251, 0.9369,  ..., 0.1673, 0.0882, 0.6105]]],


        [[[0.5930, 0.9904, 0.8688,  ..., 0.6293, 0.3556, 0.9844],
          [0.3322, 0.2750, 0.1460,  ..., 0.8048, 0.7211, 0.8848],
          [0.7226, 0.2664, 0.9581,  ..., 0.8309, 0.2596, 0.7314],
          ...,
          [0.0106, 0.5366, 0.1443,  ..., 0.8250, 0.7286, 0.6385],
          [0.2001, 0.6201, 0.8397,  ..., 0.9561, 0.5495, 0.7666],
          [0.2504, 0.6408, 0.1749,  ..., 0.3547, 0.5250, 0.7179]],

         [[0.6572, 0.1770, 0.6286,  ..., 0.6983, 0.2892, 0.3286],
          [0.2744, 0.8065, 0.2137,  ..., 0.1596, 0.3551, 0.8973],
          [0.7875, 0.6211, 0.5572,  ..., 0.7856, 0.4990, 0.1545],
          ...,
          [0.4296, 0.5421, 0.5461,  ..., 0.9341, 0.8824, 0.0025],
          [0.0568, 0.0231, 0.6216,  ..., 0.6612, 0.3000, 0.2246],
          [0.3111, 0.1684, 0.7619,  ..., 0.5056, 0.2491, 0.7956]],

         [[0.3819, 0.5440, 0.1282,  ..., 0.0109, 0.7518, 0.8827],
          [0.8241, 0.8861, 0.5798,  ..., 0.9517, 0.6924, 0.3038],
          [0.5982, 0.6875, 0.9659,  ..., 0.0617, 0.0059, 0.1412],
          ...,
          [0.4721, 0.3310, 0.0939,  ..., 0.6253, 0.7114, 0.4820],
          [0.6179, 0.0119, 0.1979,  ..., 0.2727, 0.5549, 0.3363],
          [0.2447, 0.2946, 0.9769,  ..., 0.5195, 0.1766, 0.8819]],

         ...,

         [[0.0362, 0.2252, 0.0186,  ..., 0.0763, 0.9446, 0.7038],
          [0.9491, 0.6332, 0.2865,  ..., 0.5455, 0.2473, 0.7316],
          [0.3397, 0.8227, 0.0669,  ..., 0.3276, 0.1508, 0.5780],
          ...,
          [0.6621, 0.4761, 0.9942,  ..., 0.5008, 0.7863, 0.6323],
          [0.1185, 0.1828, 0.4126,  ..., 0.7294, 0.9272, 0.4825],
          [0.8234, 0.9052, 0.4109,  ..., 0.1275, 0.0598, 0.3597]],

         [[0.0391, 0.8409, 0.8195,  ..., 0.8511, 0.9574, 0.5346],
          [0.7794, 0.4884, 0.4384,  ..., 0.2960, 0.3416, 0.9612],
          [0.0063, 0.7363, 0.3982,  ..., 0.1374, 0.4913, 0.1931],
          ...,
          [0.6457, 0.4084, 0.5665,  ..., 0.7876, 0.8404, 0.1588],
          [0.6469, 0.3869, 0.7078,  ..., 0.1790, 0.2558, 0.6879],
          [0.8456, 0.8286, 0.6263,  ..., 0.5136, 0.2608, 0.2197]],

         [[0.1319, 0.0557, 0.1780,  ..., 0.7562, 0.9750, 0.9456],
          [0.2264, 0.6736, 0.4429,  ..., 0.7302, 0.8821, 0.3760],
          [0.9819, 0.5702, 0.0017,  ..., 0.2884, 0.3343, 0.4140],
          ...,
          [0.4067, 0.4630, 0.2621,  ..., 0.2143, 0.0024, 0.1224],
          [0.9794, 0.8178, 0.4641,  ..., 0.4657, 0.5304, 0.4164],
          [0.4572, 0.9370, 0.8982,  ..., 0.6816, 0.5940, 0.9941]]],


        [[[0.8206, 0.5118, 0.3621,  ..., 0.2578, 0.9970, 0.4837],
          [0.8475, 0.5464, 0.8878,  ..., 0.2980, 0.7719, 0.1343],
          [0.4008, 0.6168, 0.2534,  ..., 0.5279, 0.5723, 0.3615],
          ...,
          [0.7479, 0.8690, 0.8820,  ..., 0.6228, 0.4000, 0.7255],
          [0.2240, 0.0951, 0.6599,  ..., 0.5550, 0.1615, 0.4629],
          [0.6923, 0.9479, 0.8119,  ..., 0.7507, 0.0085, 0.2208]],

         [[0.1274, 0.4292, 0.4221,  ..., 0.1607, 0.6887, 0.4258],
          [0.3717, 0.6109, 0.1283,  ..., 0.1052, 0.6014, 0.9210],
          [0.9516, 0.6874, 0.5653,  ..., 0.1502, 0.6023, 0.3425],
          ...,
          [0.6106, 0.4491, 0.6623,  ..., 0.6253, 0.5451, 0.1110],
          [0.8386, 0.6548, 0.9481,  ..., 0.7375, 0.4763, 0.4218],
          [0.5964, 0.6687, 0.2649,  ..., 0.4433, 0.9298, 0.5880]],

         [[0.3638, 0.8026, 0.0842,  ..., 0.8528, 0.1821, 0.0270],
          [0.6491, 0.0690, 0.5222,  ..., 0.8785, 0.1615, 0.7137],
          [0.1237, 0.4219, 0.5188,  ..., 0.9441, 0.0877, 0.5613],
          ...,
          [0.3111, 0.2781, 0.3162,  ..., 0.5263, 0.5238, 0.9006],
          [0.1966, 0.4135, 0.2407,  ..., 0.1556, 0.1488, 0.2979],
          [0.3841, 0.3600, 0.1586,  ..., 0.7118, 0.2058, 0.4506]],

         ...,

         [[0.9213, 0.7519, 0.3696,  ..., 0.9084, 0.5445, 0.9971],
          [0.9799, 0.7951, 0.3887,  ..., 0.7348, 0.3160, 0.9498],
          [0.0395, 0.7145, 0.6279,  ..., 0.1902, 0.9035, 0.8221],
          ...,
          [0.6482, 0.2354, 0.5861,  ..., 0.8027, 0.7301, 0.8354],
          [0.0066, 0.2651, 0.4104,  ..., 0.8423, 0.8884, 0.8903],
          [0.6846, 0.9681, 0.2430,  ..., 0.9664, 0.1367, 0.2140]],

         [[0.7553, 0.8410, 0.3770,  ..., 0.9763, 0.1132, 0.2281],
          [0.1851, 0.7594, 0.7589,  ..., 0.3997, 0.7667, 0.8583],
          [0.7396, 0.5646, 0.9613,  ..., 0.0640, 0.6866, 0.1868],
          ...,
          [0.5723, 0.0383, 0.9400,  ..., 0.0568, 0.4328, 0.1241],
          [0.3354, 0.9253, 0.4308,  ..., 0.7803, 0.2490, 0.9601],
          [0.9921, 0.6489, 0.2744,  ..., 0.9350, 0.7291, 0.2272]],

         [[0.6563, 0.7906, 0.3976,  ..., 0.9894, 0.9899, 0.4012],
          [0.6179, 0.5666, 0.0920,  ..., 0.4177, 0.6799, 0.7276],
          [0.3969, 0.7970, 0.6019,  ..., 0.1417, 0.6942, 0.9452],
          ...,
          [0.0801, 0.8113, 0.4230,  ..., 0.8715, 0.5446, 0.7775],
          [0.8091, 0.2997, 0.8907,  ..., 0.3124, 0.5807, 0.8510],
          [0.5891, 0.2750, 0.0020,  ..., 0.9384, 0.1551, 0.7403]]],


        ...,


        [[[0.1083, 0.2882, 0.2236,  ..., 0.1712, 0.9958, 0.5769],
          [0.9572, 0.1728, 0.3529,  ..., 0.0211, 0.6150, 0.8607],
          [0.8562, 0.8923, 0.4116,  ..., 0.2236, 0.0174, 0.3503],
          ...,
          [0.5421, 0.8903, 0.2340,  ..., 0.0559, 0.3958, 0.9489],
          [0.5772, 0.3625, 0.6982,  ..., 0.7730, 0.5945, 0.1130],
          [0.2710, 0.3368, 0.3402,  ..., 0.4346, 0.9400, 0.0701]],

         [[0.9084, 0.2289, 0.4573,  ..., 0.8657, 0.1719, 0.9276],
          [0.3711, 0.6697, 0.1243,  ..., 0.6001, 0.8173, 0.7967],
          [0.6542, 0.1293, 0.6352,  ..., 0.9151, 0.3066, 0.5334],
          ...,
          [0.9704, 0.7727, 0.5405,  ..., 0.7719, 0.3460, 0.1255],
          [0.7943, 0.7004, 0.1055,  ..., 0.3066, 0.7754, 0.3692],
          [0.7864, 0.6698, 0.5349,  ..., 0.6859, 0.2482, 0.7488]],

         [[0.0874, 0.4153, 0.0939,  ..., 0.1952, 0.9335, 0.2786],
          [0.5603, 0.2599, 0.2641,  ..., 0.0713, 0.3891, 0.9178],
          [0.8341, 0.0014, 0.3131,  ..., 0.6051, 0.7908, 0.4898],
          ...,
          [0.4090, 0.5900, 0.6283,  ..., 0.3960, 0.1665, 0.1330],
          [0.5842, 0.5183, 0.1151,  ..., 0.0283, 0.5592, 0.9676],
          [0.1325, 0.4702, 0.4603,  ..., 0.7108, 0.1637, 0.6901]],

         ...,

         [[0.6244, 0.7476, 0.5566,  ..., 0.5196, 0.4746, 0.8815],
          [0.7179, 0.2096, 0.7082,  ..., 0.9866, 0.9093, 0.1890],
          [0.1831, 0.9974, 0.9713,  ..., 0.4879, 0.0611, 0.9367],
          ...,
          [0.3532, 0.3951, 0.3194,  ..., 0.3994, 0.4442, 0.1306],
          [0.6846, 0.0466, 0.2836,  ..., 0.0388, 0.9943, 0.1895],
          [0.5917, 0.5396, 0.9343,  ..., 0.0403, 0.9337, 0.3313]],

         [[0.2221, 0.6478, 0.9584,  ..., 0.9757, 0.7388, 0.4041],
          [0.9966, 0.7331, 0.2658,  ..., 0.7816, 0.6485, 0.7136],
          [0.1388, 0.4118, 0.6388,  ..., 0.1668, 0.7297, 0.6331],
          ...,
          [0.4233, 0.1338, 0.5028,  ..., 0.9583, 0.3425, 0.4955],
          [0.5486, 0.7975, 0.4014,  ..., 0.6365, 0.4843, 0.2727],
          [0.3798, 0.2760, 0.1810,  ..., 0.7147, 0.0615, 0.2164]],

         [[0.4479, 0.0114, 0.8622,  ..., 0.0121, 0.8444, 0.5658],
          [0.3593, 0.5763, 0.6065,  ..., 0.7036, 0.2389, 0.0066],
          [0.8515, 0.8232, 0.4349,  ..., 0.1637, 0.6295, 0.9749],
          ...,
          [0.8020, 0.3520, 0.1876,  ..., 0.3356, 0.3999, 0.1798],
          [0.2873, 0.9786, 0.7359,  ..., 0.5573, 0.1741, 0.5125],
          [0.5601, 0.7814, 0.8839,  ..., 0.8713, 0.4804, 0.6782]]],


        [[[0.8861, 0.8016, 0.6787,  ..., 0.0097, 0.4730, 0.0662],
          [0.1204, 0.6834, 0.6784,  ..., 0.1447, 0.0298, 0.5206],
          [0.1016, 0.0184, 0.3647,  ..., 0.4064, 0.9226, 0.5469],
          ...,
          [0.2797, 0.3885, 0.5095,  ..., 0.3819, 0.0132, 0.8435],
          [0.7349, 0.3252, 0.3841,  ..., 0.4631, 0.3715, 0.8800],
          [0.6340, 0.7751, 0.5039,  ..., 0.1816, 0.6971, 0.1165]],

         [[0.4729, 0.8876, 0.5444,  ..., 0.6999, 0.2520, 0.6359],
          [0.3101, 0.3560, 0.4882,  ..., 0.2516, 0.2850, 0.5280],
          [0.4655, 0.6590, 0.0428,  ..., 0.2104, 0.1568, 0.3513],
          ...,
          [0.2709, 0.4695, 0.7330,  ..., 0.9412, 0.2316, 0.9279],
          [0.1739, 0.6805, 0.8519,  ..., 0.4976, 0.3224, 0.3333],
          [0.8964, 0.3694, 0.4003,  ..., 0.5540, 0.0084, 0.6059]],

         [[0.7747, 0.6242, 0.4381,  ..., 0.7695, 0.8712, 0.9220],
          [0.8292, 0.2144, 0.7318,  ..., 0.8722, 0.8464, 0.3233],
          [0.3349, 0.8340, 0.6938,  ..., 0.7155, 0.2420, 0.0890],
          ...,
          [0.0481, 0.7768, 0.2366,  ..., 0.7733, 0.7918, 0.2975],
          [0.1400, 0.2456, 0.0034,  ..., 0.0181, 0.4343, 0.2315],
          [0.0805, 0.8216, 0.1463,  ..., 0.8944, 0.8216, 0.3492]],

         ...,

         [[0.6603, 0.0966, 0.8740,  ..., 0.5833, 0.8044, 0.9200],
          [0.6442, 0.5483, 0.8805,  ..., 0.1101, 0.4895, 0.4238],
          [0.3863, 0.7363, 0.7562,  ..., 0.7590, 0.1152, 0.6690],
          ...,
          [0.0727, 0.9499, 0.7406,  ..., 0.2264, 0.6578, 0.9371],
          [0.6192, 0.6203, 0.7768,  ..., 0.2137, 0.4915, 0.1363],
          [0.8170, 0.6204, 0.5642,  ..., 0.0061, 0.6417, 0.0903]],

         [[0.6206, 0.6223, 0.9753,  ..., 0.8012, 0.8898, 0.6162],
          [0.6477, 0.1588, 0.0626,  ..., 0.3104, 0.7697, 0.4639],
          [0.6099, 0.1980, 0.6307,  ..., 0.0803, 0.1246, 0.6570],
          ...,
          [0.7321, 0.1249, 0.3025,  ..., 0.4245, 0.4192, 0.2779],
          [0.2879, 0.8550, 0.0839,  ..., 0.3855, 0.2230, 0.4474],
          [0.2660, 0.1045, 0.4458,  ..., 0.2542, 0.5509, 0.2499]],

         [[0.8446, 0.2789, 0.5690,  ..., 0.8378, 0.1681, 0.9957],
          [0.0442, 0.6939, 0.5212,  ..., 0.7867, 0.6048, 0.6887],
          [0.6255, 0.8140, 0.0035,  ..., 0.7535, 0.9586, 0.7018],
          ...,
          [0.4863, 0.5792, 0.1830,  ..., 0.9273, 0.5751, 0.1006],
          [0.0732, 0.4592, 0.1067,  ..., 0.6414, 0.0212, 0.7538],
          [0.6331, 0.2180, 0.5484,  ..., 0.3470, 0.1944, 0.5481]]],


        [[[0.0426, 0.0834, 0.2208,  ..., 0.0063, 0.3803, 0.3204],
          [0.0774, 0.1206, 0.5718,  ..., 0.0915, 0.3182, 0.7674],
          [0.2493, 0.8052, 0.7519,  ..., 0.5948, 0.6154, 0.5848],
          ...,
          [0.9888, 0.7020, 0.2961,  ..., 0.1606, 0.7550, 0.8248],
          [0.6541, 0.6355, 0.5318,  ..., 0.5135, 0.1131, 0.9401],
          [0.0629, 0.5795, 0.8511,  ..., 0.6031, 0.9572, 0.7353]],

         [[0.3802, 0.5564, 0.1053,  ..., 0.9982, 0.8880, 0.2629],
          [0.6638, 0.9912, 0.8073,  ..., 0.9829, 0.3870, 0.4040],
          [0.5334, 0.4108, 0.3076,  ..., 0.9475, 0.7123, 0.2687],
          ...,
          [0.9322, 0.4662, 0.1641,  ..., 0.8908, 0.3477, 0.0676],
          [0.8903, 0.9204, 0.1199,  ..., 0.0708, 0.3870, 0.3087],
          [0.8710, 0.6011, 0.0885,  ..., 0.2343, 0.1907, 0.2030]],

         [[0.9316, 0.3733, 0.0143,  ..., 0.1836, 0.8437, 0.5809],
          [0.0538, 0.4395, 0.5733,  ..., 0.6755, 0.5456, 0.9819],
          [0.5406, 0.4914, 0.4150,  ..., 0.8185, 0.5134, 0.0705],
          ...,
          [0.4494, 0.5368, 0.5488,  ..., 0.4127, 0.5618, 0.1817],
          [0.4375, 0.4449, 0.9949,  ..., 0.1170, 0.7630, 0.7346],
          [0.3419, 0.1071, 0.4002,  ..., 0.7596, 0.9166, 0.7808]],

         ...,

         [[0.4412, 0.9072, 0.1899,  ..., 0.8923, 0.0388, 0.9589],
          [0.4026, 0.3330, 0.5104,  ..., 0.3238, 0.2982, 0.8446],
          [0.4510, 0.8074, 0.2454,  ..., 0.6164, 0.7645, 0.5023],
          ...,
          [0.5341, 0.6110, 0.0584,  ..., 0.0713, 0.1315, 0.9362],
          [0.4753, 0.3313, 0.6962,  ..., 0.6509, 0.7086, 0.8311],
          [0.7468, 0.6995, 0.2636,  ..., 0.6954, 0.8990, 0.7361]],

         [[0.7090, 0.5441, 0.3414,  ..., 0.7186, 0.8847, 0.9530],
          [0.6613, 0.4295, 0.0165,  ..., 0.3487, 0.2752, 0.7165],
          [0.6584, 0.5235, 0.7536,  ..., 0.8158, 0.1122, 0.7659],
          ...,
          [0.6257, 0.8819, 0.8167,  ..., 0.6747, 0.4937, 0.4641],
          [0.4380, 0.0609, 0.5523,  ..., 0.8551, 0.1742, 0.2501],
          [0.6252, 0.7187, 0.3832,  ..., 0.5220, 0.6254, 0.9590]],

         [[0.1266, 0.0261, 0.7890,  ..., 0.8351, 0.5775, 0.4234],
          [0.6277, 0.8660, 0.4690,  ..., 0.6218, 0.4796, 0.2759],
          [0.3648, 0.0505, 0.5241,  ..., 0.0683, 0.8664, 0.8923],
          ...,
          [0.6533, 0.8441, 0.4264,  ..., 0.8640, 0.3662, 0.4767],
          [0.6885, 0.9657, 0.1275,  ..., 0.3491, 0.7559, 0.3289],
          [0.1198, 0.6947, 0.4589,  ..., 0.9677, 0.4313, 0.0516]]]])
